LAV,LAX,LAY,LAZ,LRV,LRX,LRY,LRZ,RAV,RAX,RAY,RAZ,RRV,RRX,RRY,RRZ
-1.804592e-03,-1.542105e-03,-1.535789e-02,-5.296842e-02,-3.704241e-01,-5.000000e-01,0.000000e+00,-2.000000e-01,3.575943e-03,-9.595263e-02,5.997632e-02,-1.451579e-02,1.440221e+00,1.700000e+00,1.100000e+00,1.300000e+00
2.769838e-03,-1.242105e-03,-9.257895e-03,-4.976842e-02,-4.133824e-01,-1.000000e+00,-1.000000e-01,0.000000e+00,4.154317e-03,-9.695263e-02,6.637632e-02,-1.151579e-02,1.075096e+00,2.300000e+00,1.900000e+00,9.000000e-01
2.848215e-03,-1.442105e-03,-1.195789e-02,-4.876842e-02,-7.824871e-01,-1.500000e+00,-1.000000e-01,-2.000000e-01,3.820877e-03,-9.715263e-02,6.767632e-02,-1.141579e-02,2.169825e-01,1.600000e+00,2.200000e+00,3.000000e-01
2.104694e-03,-2.742105e-03,-1.385789e-02,-4.846842e-02,-7.034288e-01,-1.000000e+00,-2.000000e-01,-3.000000e-01,4.130874e-03,-9.705263e-02,6.997632e-02,-1.041579e-02,6.254910e-01,2.200000e+00,1.800000e+00,4.000000e-01
2.650772e-03,-2.242105e-03,-1.385789e-02,-4.806842e-02,-8.085030e-01,-7.000000e-01,3.000000e-01,-7.000000e-01,3.458366e-03,-9.745263e-02,7.297632e-02,-1.011579e-02,3.990534e-01,1.200000e+00,2.400000e+00,7.000000e-01
1.664731e-03,-2.942105e-03,-1.455789e-02,-4.866842e-02,-2.431749e-01,-7.000000e-01,1.000000e-01,0.000000e+00,3.583581e-03,-9.785263e-02,7.537632e-02,-9.115789e-03,9.280953e-01,1.700000e+00,1.400000e+00,8.000000e-01
1.789054e-03,-2.642105e-03,-1.485789e-02,-4.856842e-02,-7.694665e-01,-1.400000e+00,-2.000000e-01,-2.000000e-01,4.056853e-03,-9.805263e-02,7.707632e-02,-8.015789e-03,8.650718e-01,1.200000e+00,1.000000e+00,8.000000e-01
1.685697e-03,-2.542105e-03,-1.605789e-02,-4.836842e-02,-6.053935e-01,-7.000000e-01,4.000000e-01,-5.000000e-01,3.842015e-03,-9.845263e-02,7.737632e-02,-8.015789e-03,8.012507e-01,-0.000000e+00,1.400000e+00,1.300000e+00
1.450491e-03,-2.442105e-03,-1.575789e-02,-4.876842e-02,-7.229305e-01,-5.000000e-01,0.000000e+00,-6.000000e-01,3.947658e-03,-9.855263e-02,7.787632e-02,-7.715789e-03,1.205366e+00,1.200000e+00,4.000000e-01,1.000000e+00
1.465748e-03,-2.242105e-03,-1.565789e-02,-4.886842e-02,-7.996204e-02,-3.000000e-01,8.000000e-01,-2.000000e-01,4.057115e-03,-9.865263e-02,7.767632e-02,-7.615789e-03,1.127303e+00,3.000000e-01,9.000000e-01,1.400000e+00
1.403285e-03,-2.542105e-03,-1.545789e-02,-4.886842e-02,-4.956536e-01,-3.000000e-01,-1.000000e-01,-4.000000e-01,3.955684e-03,-9.865263e-02,7.737632e-02,-7.815789e-03,9.341335e-02,-1.000000e-01,2.000000e-01,2.000000e-01
1.290789e-03,-2.742105e-03,-1.625789e-02,-4.866842e-02,-1.926777e-01,-5.000000e-01,0.000000e+00,0.000000e+00,4.232498e-03,-9.865263e-02,7.837632e-02,-7.215789e-03,7.159168e-01,-5.000000e-01,4.000000e-01,1.100000e+00
6.015887e-04,-2.742105e-03,-1.585789e-02,-4.956842e-02,-3.113569e-01,-9.000000e-01,8.000000e-01,-2.000000e-01,4.272503e-03,-9.875263e-02,7.877632e-02,-7.015789e-03,3.644877e-01,-8.000000e-01,1.000000e+00,1.000000e+00
7.492648e-04,-2.542105e-03,-1.525789e-02,-4.966842e-02,-3.845998e-01,-7.000000e-01,9.000000e-01,-4.000000e-01,4.226120e-03,-9.865263e-02,7.907632e-02,-7.015789e-03,6.312721e-01,-0.000000e+00,0.000000e+00,7.000000e-01
1.683049e-04,-2.742105e-03,-1.515789e-02,-5.026842e-02,-3.201333e-01,-9.000000e-01,1.000000e-01,0.000000e+00,4.292188e-03,-9.865263e-02,7.847632e-02,-7.115789e-03,6.044660e-01,-9.000000e-01,3.000000e-01,1.100000e+00
4.425771e-04,-2.442105e-03,-1.455789e-02,-5.026842e-02,-3.789740e-01,-8.000000e-01,4.000000e-01,-2.000000e-01,4.339955e-03,-9.875263e-02,7.747632e-02,-7.315789e-03,6.980263e-01,-3.000000e-01,-3.000000e-01,8.000000e-01
6.485764e-04,-2.342105e-03,-1.425789e-02,-5.016842e-02,-5.497206e-01,-6.000000e-01,8.000000e-01,-6.000000e-01,4.273578e-03,-9.855263e-02,7.627632e-02,-7.815789e-03,3.935491e-01,-1.200000e+00,7.000000e-01,1.100000e+00
5.357447e-04,-2.242105e-03,-1.315789e-02,-5.066842e-02,-5.058507e-01,-9.000000e-01,4.000000e-01,-3.000000e-01,4.461016e-03,-9.815263e-02,7.607632e-02,-7.815789e-03,5.881892e-01,-6.000000e-01,4.000000e-01,1.000000e+00
6.860512e-04,-1.942105e-03,-1.335789e-02,-5.056842e-02,-2.177934e-01,-1.000000e+00,1.300000e+00,-2.000000e-01,4.159463e-03,-9.805263e-02,7.597632e-02,-8.215789e-03,1.427334e-01,-4.000000e-01,3.000000e-01,4.000000e-01
3.957316e-04,-2.142105e-03,-1.315789e-02,-5.086842e-02,2.048183e-02,-1.300000e+00,1.300000e+00,2.000000e-01,4.036321e-03,-9.775263e-02,7.647632e-02,-8.315789e-03,8.721344e-01,-1.500000e+00,2.000000e-01,1.600000e+00
1.115042e-03,-1.742105e-03,-1.335789e-02,-5.016842e-02,9.448801e-02,-1.200000e+00,1.100000e+00,3.000000e-01,4.087659e-03,-9.755263e-02,7.687632e-02,-8.215789e-03,8.870496e-01,-1.300000e+00,4.000000e-01,1.600000e+00
1.174067e-03,-1.542105e-03,-1.375789e-02,-5.006842e-02,-5.555924e-02,-9.000000e-01,1.100000e+00,0.000000e+00,3.688643e-03,-9.785263e-02,7.697632e-02,-8.515789e-03,6.511136e-01,-1.300000e+00,-4.000000e-01,1.100000e+00
1.631633e-03,-1.342105e-03,-1.465789e-02,-4.936842e-02,-3.960573e-01,-1.600000e+00,1.500000e+00,-2.000000e-01,3.803177e-03,-9.755263e-02,7.727632e-02,-8.415789e-03,6.705152e-01,-2.400000e+00,-2.000000e-01,1.600000e+00
1.874581e-03,-1.242105e-03,-1.555789e-02,-4.886842e-02,-1.974069e-01,-1.200000e+00,1.000000e+00,0.000000e+00,3.869138e-03,-9.755263e-02,7.737632e-02,-8.315789e-03,1.053290e+00,-2.200000e+00,-7.000000e-01,1.800000e+00
1.825571e-03,-1.142105e-03,-1.655789e-02,-4.866842e-02,-7.250507e-02,-1.100000e+00,2.000000e+00,-2.000000e-01,3.964489e-03,-9.745263e-02,7.817632e-02,-8.015789e-03,7.317613e-01,-1.700000e+00,-2.000000e-01,1.400000e+00
1.894448e-03,-9.421053e-04,-1.725789e-02,-4.846842e-02,-8.988332e-02,-1.400000e+00,1.700000e+00,0.000000e+00,3.874347e-03,-9.715263e-02,7.857632e-02,-8.115789e-03,7.147354e-01,-2.200000e+00,-1.000000e-01,1.600000e+00
1.980091e-03,-1.042105e-03,-1.745789e-02,-4.826842e-02,-3.921515e-02,-9.000000e-01,1.500000e+00,-1.000000e-01,3.521703e-03,-9.735263e-02,7.897632e-02,-8.315789e-03,8.272122e-01,-2.600000e+00,-7.000000e-01,1.700000e+00
1.996579e-03,-1.142105e-03,-1.825789e-02,-4.796842e-02,1.078138e-02,-1.000000e+00,1.500000e+00,0.000000e+00,3.350252e-03,-9.745263e-02,7.847632e-02,-8.615789e-03,7.912955e-01,-3.000000e+00,-4.000000e-01,1.900000e+00
2.029553e-03,-1.542105e-03,-1.855789e-02,-4.766842e-02,-4.062943e-01,-1.600000e+00,1.800000e+00,-3.000000e-01,3.437659e-03,-9.735263e-02,7.827632e-02,-8.615789e-03,1.138140e+00,-2.900000e+00,-9.000000e-01,2.100000e+00
2.503706e-03,-1.442105e-03,-1.925789e-02,-4.696842e-02,1.653747e-01,-1.400000e+00,2.000000e+00,2.000000e-01,3.070681e-03,-9.715263e-02,7.787632e-02,-9.215789e-03,9.990597e-01,-3.600000e+00,-6.000000e-01,2.300000e+00
1.450399e-03,-1.742105e-03,-1.945789e-02,-4.796842e-02,-3.569926e-01,-2.300000e+00,2.000000e+00,0.000000e+00,2.439896e-03,-9.655263e-02,7.967632e-02,-9.615789e-03,3.530651e-01,-3.500000e+00,-1.100000e+00,1.400000e+00
1.301302e-03,-1.942105e-03,-1.905789e-02,-4.816842e-02,-5.285385e-01,-2.200000e+00,1.200000e+00,0.000000e+00,3.043353e-03,-9.715263e-02,7.627632e-02,-9.715789e-03,1.701194e+00,-2.800000e+00,-1.200000e+00,2.600000e+00
1.592084e-03,-2.242105e-03,-1.885789e-02,-4.776842e-02,-4.518806e-01,-1.200000e+00,2.400000e+00,-7.000000e-01,2.514583e-03,-9.685263e-02,7.627632e-02,-1.041579e-02,1.364124e+00,-2.900000e+00,-4.000000e-01,2.500000e+00
1.667994e-03,-2.342105e-03,-1.875789e-02,-4.766842e-02,5.965913e-02,-1.700000e+00,1.700000e+00,3.000000e-01,2.439850e-03,-9.685263e-02,7.587632e-02,-1.061579e-02,1.231610e+00,-3.100000e+00,-5.000000e-01,2.400000e+00
1.503446e-03,-2.742105e-03,-1.845789e-02,-4.776842e-02,-2.530641e-01,-2.300000e+00,2.400000e+00,0.000000e+00,2.147127e-03,-9.695263e-02,7.447632e-02,-1.131579e-02,8.340136e-01,-3.100000e+00,-7.000000e-01,1.900000e+00
1.651700e-03,-3.142105e-03,-1.865789e-02,-4.736842e-02,-2.149864e-01,-2.200000e+00,2.400000e+00,0.000000e+00,1.712602e-03,-9.695263e-02,7.407632e-02,-1.191579e-02,1.121728e+00,-3.600000e+00,-4.000000e-01,2.500000e+00
1.457668e-03,-3.442105e-03,-1.895789e-02,-4.736842e-02,-2.151290e-01,-2.200000e+00,2.400000e+00,0.000000e+00,1.367956e-03,-9.635263e-02,7.377632e-02,-1.261579e-02,1.079283e+00,-2.800000e+00,-9.000000e-01,2.000000e+00
1.631471e-03,-3.642105e-03,-1.935789e-02,-4.696842e-02,-3.735210e-01,-1.400000e+00,1.300000e+00,-2.000000e-01,1.396571e-03,-9.605263e-02,7.237632e-02,-1.311579e-02,6.090670e-01,-3.200000e+00,0.000000e+00,1.900000e+00
2.045369e-03,-3.842105e-03,-1.985789e-02,-4.626842e-02,6.050027e-02,-1.000000e+00,1.700000e+00,0.000000e+00,1.299410e-03,-9.565263e-02,7.157632e-02,-1.361579e-02,1.152703e+00,-2.400000e+00,0.000000e+00,2.200000e+00
1.889040e-03,-4.142105e-03,-2.035789e-02,-4.616842e-02,-3.952498e-01,-1.100000e+00,1.800000e+00,-5.000000e-01,1.534796e-03,-9.575263e-02,7.057632e-02,-1.361579e-02,1.392564e+00,-1.700000e+00,0.000000e+00,2.200000e+00
2.134996e-03,-4.142105e-03,-2.145789e-02,-4.556842e-02,-7.505126e-01,-8.000000e-01,1.700000e+00,-1.000000e+00,2.074248e-03,-9.655263e-02,6.757632e-02,-1.361579e-02,1.291355e+00,-3.400000e+00,2.000000e-01,2.800000e+00
2.421448e-03,-4.542105e-03,-2.215789e-02,-4.486842e-02,-5.192201e-01,-1.300000e+00,2.300000e+00,-7.000000e-01,1.253443e-03,-9.575263e-02,7.027632e-02,-1.401579e-02,9.676403e-01,-2.700000e+00,-7.000000e-01,1.900000e+00
2.203341e-03,-4.842105e-03,-2.255789e-02,-4.486842e-02,-5.500185e-01,-1.000000e+00,1.400000e+00,-6.000000e-01,1.323361e-03,-9.595263e-02,6.877632e-02,-1.431579e-02,8.983216e-01,-2.900000e+00,-7.000000e-01,1.900000e+00
1.796484e-03,-4.842105e-03,-2.275789e-02,-4.526842e-02,5.897287e-02,-1.100000e+00,1.500000e+00,1.000000e-01,1.498329e-03,-9.585263e-02,6.727632e-02,-1.461579e-02,1.070521e+00,-2.400000e+00,-7.000000e-01,1.900000e+00
2.455044e-03,-4.842105e-03,-2.295789e-02,-4.446842e-02,3.335180e-02,-1.400000e+00,1.500000e+00,2.000000e-01,1.434279e-03,-9.555263e-02,6.657632e-02,-1.501579e-02,6.637718e-01,-2.400000e+00,-2.000000e-01,1.600000e+00
2.262842e-03,-4.842105e-03,-2.335789e-02,-4.456842e-02,-4.752981e-01,-1.200000e+00,1.300000e+00,-4.000000e-01,1.612076e-03,-9.545263e-02,6.507632e-02,-1.531579e-02,9.397876e-01,-2.400000e+00,1.000000e-01,2.000000e+00
2.324884e-03,-4.942105e-03,-2.365789e-02,-4.436842e-02,-1.161028e+00,-1.300000e+00,1.200000e+00,-1.100000e+00,1.481174e-03,-9.555263e-02,6.347632e-02,-1.591579e-02,6.628188e-01,-1.000000e+00,-4.000000e-01,1.000000e+00
2.338618e-03,-5.042105e-03,-2.345789e-02,-4.436842e-02,-9.464693e-01,-1.300000e+00,1.000000e+00,-8.000000e-01,1.681465e-03,-9.515263e-02,6.357632e-02,-1.581579e-02,3.106342e-01,-1.700000e+00,0.000000e+00,1.000000e+00
1.934499e-03,-5.042105e-03,-2.295789e-02,-4.496842e-02,-6.151680e-01,-1.800000e+00,1.300000e+00,-3.000000e-01,1.351036e-03,-9.565263e-02,6.317632e-02,-1.611579e-02,4.140508e-01,-1.400000e+00,0.000000e+00,1.000000e+00
1.771748e-03,-5.242105e-03,-2.225789e-02,-4.526842e-02,-6.784546e-01,-1.800000e+00,1.400000e+00,-4.000000e-01,1.426365e-03,-9.545263e-02,6.347632e-02,-1.601579e-02,-4.136636e-02,-1.600000e+00,1.000000e-01,6.000000e-01
1.518759e-03,-5.142105e-03,-2.165789e-02,-4.576842e-02,-3.097413e-01,-1.900000e+00,1.600000e+00,0.000000e+00,1.716439e-03,-9.485263e-02,6.317632e-02,-1.601579e-02,6.216516e-01,-1.200000e+00,-5.000000e-01,1.000000e+00
1.214965e-03,-5.242105e-03,-2.095789e-02,-4.626842e-02,-1.008999e+00,-2.300000e+00,1.200000e+00,-5.000000e-01,1.724416e-03,-9.445263e-02,6.267632e-02,-1.631579e-02,2.023119e-02,-1.500000e+00,0.000000e+00,6.000000e-01
1.276546e-03,-5.542105e-03,-2.095789e-02,-4.606842e-02,-8.293267e-01,-3.200000e+00,1.500000e+00,0.000000e+00,2.349093e-03,-9.425263e-02,6.357632e-02,-1.541579e-02,3.426900e-01,-2.400000e+00,3.000000e-01,1.400000e+00
1.272962e-03,-5.642105e-03,-2.115789e-02,-4.596842e-02,-6.364309e-01,-3.700000e+00,2.300000e+00,2.000000e-01,2.145479e-03,-9.405263e-02,6.487632e-02,-1.531579e-02,1.069249e+00,-1.700000e+00,-8.000000e-01,1.600000e+00
7.995622e-04,-5.842105e-03,-2.095789e-02,-4.646842e-02,-6.357894e-01,-3.900000e+00,2.600000e+00,2.000000e-01,2.901871e-03,-9.405263e-02,6.537632e-02,-1.431579e-02,1.282231e+00,-2.700000e+00,-1.200000e+00,2.100000e+00
1.215918e-03,-5.942105e-03,-2.055789e-02,-4.606842e-02,-5.478067e-01,-3.900000e+00,1.900000e+00,5.000000e-01,2.714086e-03,-9.395263e-02,6.617632e-02,-1.431579e-02,7.702442e-01,-2.900000e+00,-9.000000e-01,1.700000e+00
1.021199e-03,-6.142105e-03,-2.065789e-02,-4.616842e-02,-1.405157e-01,-4.100000e+00,2.400000e+00,9.000000e-01,3.381405e-03,-9.365263e-02,6.737632e-02,-1.331579e-02,7.546367e-01,-3.300000e+00,-7.000000e-01,1.900000e+00
6.226258e-04,-6.342105e-03,-2.085789e-02,-4.646842e-02,-3.173019e-01,-4.600000e+00,2.100000e+00,1.000000e+00,3.029383e-03,-9.375263e-02,6.787632e-02,-1.351579e-02,4.371352e-01,-3.900000e+00,-1.600000e+00,1.500000e+00
2.114496e-04,-6.542105e-03,-2.145789e-02,-4.666842e-02,4.949837e-02,-4.300000e+00,3.100000e+00,1.000000e+00,3.224237e-03,-9.335263e-02,6.767632e-02,-1.351579e-02,7.446633e-01,-3.600000e+00,-4.000000e-01,2.100000e+00
4.496259e-04,-6.542105e-03,-2.225789e-02,-4.616842e-02,-4.944137e-01,-4.900000e+00,2.200000e+00,9.000000e-01,3.252274e-03,-9.315263e-02,6.717632e-02,-1.371579e-02,6.545626e-01,-3.900000e+00,-1.100000e+00,1.900000e+00
1.032212e-03,-6.942105e-03,-2.285789e-02,-4.516842e-02,-4.187092e-01,-5.300000e+00,3.100000e+00,9.000000e-01,2.997041e-03,-9.295263e-02,6.737632e-02,-1.401579e-02,1.143532e+00,-3.600000e+00,-1.200000e+00,2.300000e+00
8.525067e-04,-7.142105e-03,-2.395789e-02,-4.496842e-02,-3.134655e-01,-5.800000e+00,2.500000e+00,1.400000e+00,2.962343e-03,-9.295263e-02,6.717632e-02,-1.411579e-02,7.766020e-01,-3.800000e+00,-1.100000e+00,2.000000e+00
8.629307e-04,-7.042105e-03,-2.475789e-02,-4.476842e-02,-5.332448e-01,-5.200000e+00,2.500000e+00,9.000000e-01,2.611703e-03,-9.295263e-02,6.617632e-02,-1.481579e-02,8.238305e-01,-3.600000e+00,-7.000000e-01,2.100000e+00
9.175901e-04,-7.442105e-03,-2.605789e-02,-4.416842e-02,-4.582614e-01,-5.000000e+00,2.500000e+00,9.000000e-01,2.308563e-03,-9.275263e-02,6.557632e-02,-1.541579e-02,7.725573e-01,-4.100000e+00,-5.000000e-01,2.300000e+00
1.403133e-03,-7.542105e-03,-2.715789e-02,-4.326842e-02,-3.695358e-01,-5.700000e+00,3.200000e+00,1.100000e+00,1.641983e-03,-9.255263e-02,6.467632e-02,-1.651579e-02,1.209940e+00,-3.400000e+00,-1.200000e+00,2.300000e+00
1.094290e-03,-7.742105e-03,-2.915789e-02,-4.296842e-02,-6.758673e-01,-5.300000e+00,2.800000e+00,7.000000e-01,1.997413e-03,-9.205263e-02,6.337632e-02,-1.671579e-02,7.083361e-01,-4.500000e+00,-1.100000e+00,2.200000e+00
1.078587e-03,-8.342105e-03,-3.045789e-02,-4.236842e-02,-3.581793e-01,-5.100000e+00,2.700000e+00,1.000000e+00,1.891001e-03,-9.195263e-02,6.227632e-02,-1.721579e-02,1.219732e+00,-3.800000e+00,-1.100000e+00,2.500000e+00
1.994712e-03,-8.542105e-03,-3.185789e-02,-4.086842e-02,-8.794822e-01,-4.600000e+00,2.000000e+00,4.000000e-01,2.214721e-03,-9.185263e-02,6.187632e-02,-1.701579e-02,9.340093e-01,-4.200000e+00,-9.000000e-01,2.400000e+00
2.417843e-03,-9.042105e-03,-3.335789e-02,-3.976842e-02,6.965204e-02,-4.000000e+00,2.400000e+00,1.100000e+00,2.137168e-03,-9.135263e-02,6.117632e-02,-1.751579e-02,8.074549e-01,-3.900000e+00,-4.000000e-01,2.300000e+00
2.204428e-03,-9.642105e-03,-3.475789e-02,-3.936842e-02,-6.711354e-01,-3.700000e+00,2.200000e+00,2.000000e-01,2.263649e-03,-9.105263e-02,6.077632e-02,-1.761579e-02,8.936141e-01,-3.300000e+00,-6.000000e-01,2.100000e+00
2.641350e-03,-9.942105e-03,-3.615789e-02,-3.836842e-02,-7.765089e-01,-3.700000e+00,2.500000e+00,0.000000e+00,2.151641e-03,-9.115263e-02,5.977632e-02,-1.801579e-02,8.875830e-01,-4.500000e+00,-8.000000e-01,2.500000e+00
2.526556e-03,-9.942105e-03,-3.735789e-02,-3.816842e-02,-1.039170e+00,-3.400000e+00,1.700000e+00,-2.000000e-01,2.086927e-03,-9.085263e-02,5.847632e-02,-1.861579e-02,8.019098e-01,-4.300000e+00,-1.200000e+00,2.200000e+00
2.260799e-03,-1.054211e-02,-3.825789e-02,-3.796842e-02,-7.953969e-01,-2.900000e+00,1.200000e+00,0.000000e+00,2.007010e-03,-9.055263e-02,5.817632e-02,-1.891579e-02,1.247285e+00,-3.800000e+00,-9.000000e-01,2.600000e+00
2.749155e-03,-1.054211e-02,-3.845789e-02,-3.736842e-02,-5.728210e-01,-3.000000e+00,1.900000e+00,1.000000e-01,2.049922e-03,-9.045263e-02,5.657632e-02,-1.941579e-02,1.265928e+00,-4.100000e+00,-4.000000e-01,2.900000e+00
2.826307e-03,-1.064211e-02,-3.945789e-02,-3.696842e-02,-1.172842e+00,-2.800000e+00,1.700000e+00,-6.000000e-01,2.485743e-03,-9.005263e-02,5.677632e-02,-1.901579e-02,1.015588e+00,-4.200000e+00,-9.000000e-01,2.500000e+00
2.561851e-03,-1.074211e-02,-3.965789e-02,-3.716842e-02,-6.277862e-01,-2.300000e+00,1.700000e+00,-2.000000e-01,2.481062e-03,-9.015263e-02,5.727632e-02,-1.881579e-02,4.785825e-01,-4.300000e+00,-4.000000e-01,2.100000e+00
2.771450e-03,-1.064211e-02,-4.005789e-02,-3.686842e-02,-8.733550e-01,-2.500000e+00,1.000000e+00,-2.000000e-01,2.364261e-03,-8.995263e-02,5.697632e-02,-1.911579e-02,3.305453e-01,-4.700000e+00,-1.000000e+00,1.900000e+00
2.255288e-03,-1.074211e-02,-4.055789e-02,-3.726842e-02,-5.514928e-01,-1.900000e+00,1.400000e+00,-2.000000e-01,2.571575e-03,-8.965263e-02,5.567632e-02,-1.941579e-02,8.914154e-01,-4.200000e+00,-8.000000e-01,2.400000e+00
2.465043e-03,-1.064211e-02,-4.095789e-02,-3.696842e-02,-6.144708e-01,-2.500000e+00,1.700000e+00,-1.000000e-01,2.825480e-03,-8.965263e-02,5.477632e-02,-1.941579e-02,-3.584425e-02,-4.900000e+00,-3.000000e-01,1.800000e+00
2.726898e-03,-1.064211e-02,-4.135789e-02,-3.656842e-02,-6.316245e-01,-2.500000e+00,2.000000e+00,-2.000000e-01,2.543331e-03,-8.965263e-02,5.327632e-02,-2.021579e-02,6.995680e-01,-4.400000e+00,-7.000000e-01,2.300000e+00
2.366452e-03,-1.074211e-02,-4.195789e-02,-3.676842e-02,-7.989302e-01,-2.300000e+00,1.000000e+00,-2.000000e-01,2.781002e-03,-8.945263e-02,5.237632e-02,-2.031579e-02,3.464155e-01,-4.900000e+00,-1.000000e-01,2.300000e+00
2.103586e-03,-1.114211e-02,-4.205789e-02,-3.686842e-02,-7.026787e-01,-1.500000e+00,9.000000e-01,-4.000000e-01,2.675838e-03,-8.915263e-02,5.277632e-02,-2.041579e-02,4.384959e-01,-4.300000e+00,0.000000e+00,2.200000e+00
2.370037e-03,-1.124211e-02,-4.265789e-02,-3.636842e-02,-5.333692e-01,-1.700000e+00,8.000000e-01,-1.000000e-01,2.797081e-03,-8.895263e-02,5.137632e-02,-2.081579e-02,4.962306e-01,-4.800000e+00,-8.000000e-01,2.200000e+00
1.795842e-03,-1.124211e-02,-4.355789e-02,-3.676842e-02,-5.827108e-01,-1.500000e+00,1.400000e+00,-4.000000e-01,2.822053e-03,-8.895263e-02,5.037632e-02,-2.111579e-02,6.728902e-01,-4.300000e+00,-5.000000e-01,2.300000e+00
1.515859e-03,-1.164211e-02,-4.335789e-02,-3.696842e-02,-6.417693e-01,-1.400000e+00,1.000000e+00,-4.000000e-01,2.403357e-03,-8.895263e-02,4.847632e-02,-2.221579e-02,3.377385e-01,-5.000000e+00,-2.000000e-01,2.300000e+00
1.655887e-03,-1.184211e-02,-4.395789e-02,-3.656842e-02,-5.109705e-01,-1.400000e+00,8.000000e-01,-2.000000e-01,2.241024e-03,-8.865263e-02,4.637632e-02,-2.321579e-02,5.029756e-01,-4.700000e+00,-4.000000e-01,2.300000e+00
1.089295e-03,-1.184211e-02,-4.445789e-02,-3.706842e-02,-7.745547e-01,-1.800000e+00,7.000000e-01,-3.000000e-01,2.323609e-03,-8.875263e-02,4.537632e-02,-2.341579e-02,3.514621e-01,-4.800000e+00,-1.500000e+00,1.800000e+00
1.266349e-03,-1.204211e-02,-4.415789e-02,-3.686842e-02,-8.175789e-01,-1.500000e+00,8.000000e-01,-5.000000e-01,1.777896e-03,-8.845263e-02,4.517632e-02,-2.421579e-02,1.219296e-01,-5.200000e+00,-1.200000e+00,1.800000e+00
1.261044e-03,-1.204211e-02,-4.455789e-02,-3.676842e-02,-7.925911e-01,-1.800000e+00,1.000000e+00,-4.000000e-01,1.884214e-03,-8.815263e-02,4.457632e-02,-2.441579e-02,7.531056e-01,-4.500000e+00,-1.000000e+00,2.300000e+00
7.983146e-04,-1.224211e-02,-4.505789e-02,-3.706842e-02,-6.473307e-01,-1.300000e+00,1.200000e+00,-5.000000e-01,2.090043e-03,-8.765263e-02,4.417632e-02,-2.451579e-02,6.444703e-01,-4.300000e+00,-4.000000e-01,2.300000e+00
7.330109e-04,-1.224211e-02,-4.495789e-02,-3.716842e-02,-4.768452e-01,-7.000000e-01,6.000000e-01,-4.000000e-01,1.646166e-03,-8.765263e-02,4.387632e-02,-2.511579e-02,4.187945e-01,-4.600000e+00,0.000000e+00,2.300000e+00
1.142833e-03,-1.204211e-02,-4.505789e-02,-3.676842e-02,-5.892224e-01,-1.000000e+00,6.000000e-01,-4.000000e-01,1.804287e-03,-8.735263e-02,4.517632e-02,-2.461579e-02,-2.746356e-01,-4.300000e+00,0.000000e+00,1.400000e+00
1.406263e-03,-1.204211e-02,-4.545789e-02,-3.636842e-02,-2.278021e-01,-8.000000e-01,3.000000e-01,0.000000e+00,1.779186e-03,-8.755263e-02,4.117632e-02,-2.591579e-02,7.676542e-01,-4.700000e+00,-7.000000e-01,2.500000e+00
2.108590e-03,-1.224211e-02,-4.595789e-02,-3.536842e-02,-2.279057e-01,-8.000000e-01,3.000000e-01,0.000000e+00,2.077702e-03,-8.685263e-02,4.187632e-02,-2.561579e-02,8.069349e-01,-4.000000e+00,-9.000000e-01,2.200000e+00
2.395825e-03,-1.224211e-02,-4.625789e-02,-3.496842e-02,-5.011649e-01,-7.000000e-01,5.000000e-01,-4.000000e-01,2.487986e-03,-8.685263e-02,4.167632e-02,-2.521579e-02,4.946679e-01,-4.200000e+00,-4.000000e-01,2.100000e+00
2.555978e-03,-1.234211e-02,-4.655789e-02,-3.466842e-02,-7.700190e-01,-7.000000e-01,5.000000e-01,-7.000000e-01,2.523807e-03,-8.675263e-02,4.107632e-02,-2.541579e-02,7.584025e-01,-4.100000e+00,3.000000e-01,2.600000e+00
2.263919e-03,-1.274211e-02,-4.715789e-02,-3.466842e-02,-9.870866e-01,-1.200000e+00,0.000000e+00,-6.000000e-01,2.608102e-03,-8.635263e-02,4.037632e-02,-2.571579e-02,1.085150e+00,-4.100000e+00,-2.000000e-01,2.800000e+00
2.625512e-03,-1.254211e-02,-4.745789e-02,-3.426842e-02,-4.479773e-01,-0.000000e+00,0.000000e+00,-5.000000e-01,2.784464e-03,-8.645263e-02,3.937632e-02,-2.581579e-02,9.321909e-01,-4.200000e+00,-4.000000e-01,2.600000e+00
2.465728e-03,-1.244211e-02,-4.715789e-02,-3.456842e-02,-9.221469e-01,-5.000000e-01,3.000000e-01,-9.000000e-01,2.418882e-03,-8.675263e-02,3.847632e-02,-2.641579e-02,5.530094e-01,-4.500000e+00,2.000000e-01,2.500000e+00
2.702205e-03,-1.254211e-02,-4.675789e-02,-3.436842e-02,-7.687973e-01,1.000000e-01,0.000000e+00,-9.000000e-01,1.832830e-03,-8.675263e-02,4.067632e-02,-2.631579e-02,-1.968277e-01,-3.700000e+00,4.000000e-01,1.400000e+00
2.715805e-03,-1.244211e-02,-4.685789e-02,-3.436842e-02,-8.471301e-01,-3.000000e-01,3.000000e-01,-9.000000e-01,2.829478e-03,-8.645263e-02,3.747632e-02,-2.641579e-02,2.112402e-01,-4.100000e+00,1.200000e+00,2.300000e+00
2.263295e-03,-1.274211e-02,-4.715789e-02,-3.466842e-02,-7.337116e-01,-3.000000e-01,4.000000e-01,-8.000000e-01,2.912078e-03,-8.665263e-02,3.237632e-02,-2.801579e-02,5.268964e-01,-3.500000e+00,0.000000e+00,2.000000e+00
2.282321e-03,-1.234211e-02,-4.695789e-02,-3.486842e-02,-6.057096e-01,-5.000000e-01,5.000000e-01,-6.000000e-01,2.492493e-03,-8.635263e-02,3.637632e-02,-2.721579e-02,4.937532e-01,-3.400000e+00,8.000000e-01,2.200000e+00
1.519227e-03,-1.224211e-02,-4.655789e-02,-3.586842e-02,-1.096552e+00,-2.000000e-01,6.000000e-01,-1.300000e+00,2.450318e-03,-8.655263e-02,3.427632e-02,-2.791579e-02,7.853841e-01,-3.600000e+00,2.000000e-01,2.400000e+00
1.028393e-03,-1.194211e-02,-4.645789e-02,-3.656842e-02,-5.555760e-01,-0.000000e+00,3.000000e-01,-7.000000e-01,2.127191e-03,-8.625263e-02,3.337632e-02,-2.871579e-02,1.032862e+00,-3.000000e+00,-2.000000e-01,2.300000e+00
9.619254e-04,-1.194211e-02,-4.635789e-02,-3.666842e-02,-7.386636e-01,5.000000e-01,1.000000e+00,-1.300000e+00,2.047072e-03,-8.615263e-02,3.317632e-02,-2.891579e-02,1.055440e+00,-3.400000e+00,7.000000e-01,2.800000e+00
1.659258e-03,-1.164211e-02,-4.615789e-02,-3.606842e-02,-8.013958e-01,3.000000e-01,3.000000e-01,-1.100000e+00,1.812945e-03,-8.635263e-02,3.227632e-02,-2.941579e-02,7.683806e-01,-2.400000e+00,2.000000e-01,1.900000e+00
1.202327e-03,-1.184211e-02,-4.625789e-02,-3.646842e-02,-7.916335e-01,-2.000000e-01,0.000000e+00,-8.000000e-01,1.675422e-03,-8.615263e-02,3.237632e-02,-2.961579e-02,9.273122e-01,-3.800000e+00,-2.000000e-01,2.500000e+00
7.394645e-04,-1.204211e-02,-4.675789e-02,-3.676842e-02,-2.969583e-01,1.000000e-01,1.000000e-01,-4.000000e-01,1.961171e-03,-8.585263e-02,3.407632e-02,-2.881579e-02,4.014340e-01,-2.500000e+00,7.000000e-01,1.700000e+00
4.278943e-04,-1.174211e-02,-4.665789e-02,-3.726842e-02,-3.669963e-01,2.000000e-01,4.000000e-01,-6.000000e-01,2.563389e-03,-8.615263e-02,2.667632e-02,-3.061579e-02,1.111319e+00,-3.000000e+00,4.000000e-01,2.600000e+00
6.815347e-04,-1.154211e-02,-4.665789e-02,-3.706842e-02,-9.700706e-01,2.000000e-01,5.000000e-01,-1.300000e+00,1.935645e-03,-8.605263e-02,2.937632e-02,-3.041579e-02,1.098220e+00,-1.800000e+00,1.000000e-01,2.000000e+00
8.219566e-04,-1.134211e-02,-4.675789e-02,-3.696842e-02,-7.865275e-01,1.000000e-01,3.000000e-01,-1.000000e+00,1.755790e-03,-8.625263e-02,3.057632e-02,-3.011579e-02,8.282775e-01,-2.300000e+00,4.000000e-01,2.000000e+00
4.361062e-04,-1.154211e-02,-4.655789e-02,-3.736842e-02,-7.207575e-01,1.000000e-01,2.000000e-01,-9.000000e-01,2.206808e-03,-8.615263e-02,2.867632e-02,-3.031579e-02,9.635953e-01,-1.900000e+00,7.000000e-01,2.100000e+00
5.474656e-04,-1.164211e-02,-4.705789e-02,-3.706842e-02,-7.820992e-01,-0.000000e+00,1.000000e-01,-9.000000e-01,2.104902e-03,-8.635263e-02,2.877632e-02,-3.031579e-02,1.126142e+00,-1.600000e+00,8.000000e-01,2.200000e+00
6.742164e-04,-1.184211e-02,-4.695789e-02,-3.686842e-02,-4.039085e-01,8.000000e-01,8.000000e-01,-1.000000e+00,2.004516e-03,-8.665263e-02,2.847632e-02,-3.041579e-02,3.592457e-01,-1.700000e+00,6.000000e-01,1.300000e+00
9.992376e-04,-1.164211e-02,-4.665789e-02,-3.666842e-02,-1.173278e-01,8.000000e-01,5.000000e-01,-6.000000e-01,2.213815e-03,-8.675263e-02,2.797632e-02,-3.031579e-02,7.609106e-01,-1.400000e+00,5.000000e-01,1.600000e+00
5.476190e-04,-1.184211e-02,-4.635789e-02,-3.716842e-02,-7.493558e-01,5.000000e-01,2.000000e-01,-1.100000e+00,1.823700e-03,-8.705263e-02,2.747632e-02,-3.081579e-02,6.316956e-01,-1.500000e+00,8.000000e-01,1.600000e+00
2.151674e-04,-1.174211e-02,-4.565789e-02,-3.776842e-02,-6.405607e-02,8.000000e-01,-4.000000e-01,-3.000000e-01,1.925831e-03,-8.715263e-02,2.647632e-02,-3.101579e-02,6.115893e-01,-1.200000e+00,1.200000e+00,1.600000e+00
8.997349e-04,-1.184211e-02,-4.525789e-02,-3.706842e-02,-3.045813e-01,3.000000e-01,5.000000e-01,-6.000000e-01,1.783979e-03,-8.755263e-02,2.367632e-02,-3.201579e-02,2.514008e-01,-2.000000e-01,1.500000e+00,9.000000e-01
6.337782e-04,-1.194211e-02,-4.545789e-02,-3.726842e-02,-9.199340e-01,9.000000e-01,1.100000e+00,-1.700000e+00,1.433885e-03,-8.735263e-02,2.697632e-02,-3.131579e-02,9.144091e-01,2.000000e-01,4.000000e-01,1.100000e+00
5.086594e-04,-1.194211e-02,-4.485789e-02,-3.756842e-02,-2.397585e-01,6.000000e-01,3.000000e-01,-6.000000e-01,1.838928e-03,-8.745263e-02,2.557632e-02,-3.131579e-02,5.539090e-01,5.000000e-01,2.000000e-01,5.000000e-01
8.586093e-04,-1.204211e-02,-4.435789e-02,-3.726842e-02,-3.308727e-01,1.200000e+00,1.000000e-01,-9.000000e-01,1.800005e-03,-8.765263e-02,2.547632e-02,-3.131579e-02,1.097461e-01,4.000000e-01,1.500000e+00,5.000000e-01
6.652517e-04,-1.214211e-02,-4.425789e-02,-3.746842e-02,-1.989284e-01,9.000000e-01,0.000000e+00,-6.000000e-01,1.350973e-03,-8.805263e-02,2.617632e-02,-3.141579e-02,2.087872e-01,-5.000000e-01,1.300000e+00,9.000000e-01
1.049740e-03,-1.204211e-02,-4.355789e-02,-3.726842e-02,-4.385331e-01,4.000000e-01,9.000000e-01,-9.000000e-01,1.552551e-03,-8.805263e-02,2.637632e-02,-3.111579e-02,3.157207e-01,7.000000e-01,9.000000e-01,4.000000e-01
1.138703e-03,-1.204211e-02,-4.355789e-02,-3.716842e-02,-7.994811e-01,3.000000e-01,3.000000e-01,-1.100000e+00,1.697440e-03,-8.805263e-02,2.647632e-02,-3.091579e-02,3.947906e-01,1.000000e-01,1.100000e+00,8.000000e-01
7.858734e-05,-1.224211e-02,-4.355789e-02,-3.826842e-02,-8.888702e-01,3.000000e-01,3.000000e-01,-1.200000e+00,1.883605e-03,-8.795263e-02,2.627632e-02,-3.081579e-02,5.144350e-01,1.000000e-01,1.000000e+00,9.000000e-01
6.062724e-04,-1.174211e-02,-4.325789e-02,-3.796842e-02,-5.701396e-01,8.000000e-01,1.000000e-01,-1.000000e+00,2.131016e-03,-8.825263e-02,2.627632e-02,-3.041579e-02,5.989522e-01,-0.000000e+00,9.000000e-01,1.000000e+00
7.869742e-04,-1.154211e-02,-4.355789e-02,-3.776842e-02,-3.946454e-01,9.000000e-01,3.000000e-01,-9.000000e-01,2.420902e-03,-8.825263e-02,2.647632e-02,-3.001579e-02,5.296661e-01,1.200000e+00,1.900000e+00,8.000000e-01
4.387038e-04,-1.164211e-02,-4.335789e-02,-3.816842e-02,-5.286783e-01,1.000000e+00,7.000000e-01,-1.200000e+00,2.330369e-03,-8.815263e-02,2.687632e-02,-3.001579e-02,2.188915e-01,3.000000e-01,2.000000e-01,2.000000e-01
8.475088e-04,-1.174211e-02,-4.335789e-02,-3.766842e-02,-9.276638e-01,8.000000e-01,1.000000e-01,-1.400000e+00,2.616772e-03,-8.825263e-02,2.697632e-02,-2.961579e-02,3.960341e-01,8.000000e-01,1.600000e+00,7.000000e-01
9.490230e-04,-1.164211e-02,-4.345789e-02,-3.756842e-02,-1.229506e-01,1.300000e+00,8.000000e-01,-9.000000e-01,2.162295e-03,-8.845263e-02,2.707632e-02,-3.001579e-02,2.983838e-01,1.600000e+00,1.400000e+00,2.000000e-01
1.037689e-03,-1.164211e-02,-4.345789e-02,-3.746842e-02,-7.100369e-01,6.000000e-01,2.000000e-01,-1.100000e+00,2.030411e-03,-8.825263e-02,2.687632e-02,-3.031579e-02,5.932269e-01,2.300000e+00,4.000000e-01,-1.000000e-01
1.374494e-03,-1.154211e-02,-4.295789e-02,-3.726842e-02,-6.840384e-01,5.000000e-01,1.200000e+00,-1.300000e+00,2.632830e-03,-8.775263e-02,2.607632e-02,-3.011579e-02,4.220052e-01,2.900000e+00,1.900000e+00,0.000000e+00
1.407601e-03,-1.134211e-02,-4.275789e-02,-3.736842e-02,-9.874349e-01,6.000000e-01,9.000000e-01,-1.600000e+00,2.071782e-03,-8.805263e-02,2.527632e-02,-3.091579e-02,3.397766e-01,3.800000e+00,1.200000e+00,-7.000000e-01
5.881726e-04,-1.144211e-02,-4.265789e-02,-3.826842e-02,-3.765598e-01,1.100000e+00,8.000000e-01,-1.100000e+00,1.985387e-03,-8.815263e-02,2.487632e-02,-3.111579e-02,4.819081e-01,3.500000e+00,2.100000e+00,-1.000000e-01
1.409025e-03,-1.124211e-02,-4.215789e-02,-3.756842e-02,-1.730585e-01,1.900000e+00,4.000000e-01,-1.100000e+00,1.691705e-03,-8.875263e-02,2.457632e-02,-3.131579e-02,4.457088e-01,4.600000e+00,2.600000e+00,-4.000000e-01
9.207715e-04,-1.154211e-02,-4.185789e-02,-3.806842e-02,-2.092527e-01,1.500000e+00,5.000000e-01,-1.000000e+00,1.348877e-03,-8.875263e-02,2.397632e-02,-3.191579e-02,7.155118e-01,5.500000e+00,1.900000e+00,-7.000000e-01
1.008921e-03,-1.154211e-02,-4.185789e-02,-3.796842e-02,-4.841852e-01,1.200000e+00,2.000000e-01,-1.100000e+00,1.150543e-03,-8.915263e-02,2.387632e-02,-3.201579e-02,3.819449e-01,5.500000e+00,2.400000e+00,-9.000000e-01
1.475779e-03,-1.144211e-02,-4.155789e-02,-3.756842e-02,8.389941e-02,1.500000e+00,6.000000e-01,-7.000000e-01,1.572149e-03,-8.935263e-02,2.427632e-02,-3.131579e-02,4.712317e-01,5.700000e+00,2.900000e+00,-7.000000e-01
9.318025e-04,-1.124211e-02,-4.115789e-02,-3.836842e-02,-5.161457e-01,1.200000e+00,8.000000e-01,-1.300000e+00,1.671801e-03,-8.955263e-02,2.457632e-02,-3.101579e-02,1.483728e-01,5.700000e+00,2.800000e+00,-1.100000e+00
1.167630e-03,-1.154211e-02,-4.045789e-02,-3.816842e-02,-6.136403e-01,1.200000e+00,4.000000e-01,-1.300000e+00,1.634891e-03,-8.965263e-02,2.627632e-02,-3.041579e-02,2.969410e-01,5.500000e+00,2.100000e+00,-1.100000e+00
1.572215e-03,-1.124211e-02,-4.035789e-02,-3.786842e-02,-2.159806e-01,7.000000e-01,6.000000e-01,-7.000000e-01,2.039876e-03,-8.965263e-02,2.837632e-02,-2.921579e-02,7.575725e-01,5.300000e+00,2.100000e+00,-5.000000e-01
1.241713e-03,-1.134211e-02,-4.045789e-02,-3.816842e-02,-1.827986e-01,4.000000e-01,1.000000e-01,-4.000000e-01,1.922542e-03,-8.995263e-02,3.097632e-02,-2.831579e-02,4.740619e-01,4.800000e+00,1.600000e+00,-8.000000e-01
1.865849e-03,-1.134211e-02,-4.045789e-02,-3.746842e-02,-8.208260e-01,1.100000e+00,8.000000e-01,-1.600000e+00,2.330365e-03,-8.995263e-02,3.337632e-02,-2.701579e-02,8.589791e-01,4.000000e+00,6.000000e-01,-4.000000e-01
2.251475e-03,-1.094211e-02,-3.985789e-02,-3.736842e-02,-2.499068e-01,1.000000e+00,0.000000e+00,-7.000000e-01,2.408115e-03,-9.025263e-02,3.537632e-02,-2.611579e-02,9.294107e-01,4.200000e+00,6.000000e-01,-4.000000e-01
2.068361e-03,-1.084211e-02,-3.965789e-02,-3.766842e-02,-1.032815e-01,1.800000e+00,1.000000e-01,-9.000000e-01,2.692244e-03,-9.005263e-02,3.757632e-02,-2.511579e-02,5.748979e-01,3.400000e+00,2.000000e+00,0.000000e+00
2.272650e-03,-1.064211e-02,-3.985789e-02,-3.746842e-02,-5.555362e-01,4.000000e-01,4.000000e-01,-9.000000e-01,2.942475e-03,-9.005263e-02,3.967632e-02,-2.411579e-02,6.273929e-01,3.500000e+00,5.000000e-01,-5.000000e-01
2.354581e-03,-1.064211e-02,-3.915789e-02,-3.756842e-02,1.182849e-02,1.000000e+00,7.000000e-01,-6.000000e-01,3.213431e-03,-8.985263e-02,4.107632e-02,-2.341579e-02,8.793597e-01,3.400000e+00,1.600000e+00,2.000000e-01
2.124487e-03,-1.084211e-02,-3.905789e-02,-3.776842e-02,-1.899761e-01,1.200000e+00,3.000000e-01,-8.000000e-01,2.774788e-03,-9.025263e-02,4.237632e-02,-2.331579e-02,-5.160941e-01,2.700000e+00,1.600000e+00,-1.100000e+00
2.644401e-03,-1.084211e-02,-3.875789e-02,-3.726842e-02,-7.066491e-01,8.000000e-01,-1.000000e-01,-1.100000e+00,2.644147e-03,-9.045263e-02,4.377632e-02,-2.291579e-02,4.225910e-01,3.600000e+00,1.300000e+00,-5.000000e-01
2.170942e-03,-1.054211e-02,-3.895789e-02,-3.786842e-02,-4.845030e-02,1.600000e+00,-1.000000e-01,-7.000000e-01,2.493429e-03,-9.055263e-02,4.417632e-02,-2.291579e-02,-2.830757e-01,2.600000e+00,1.900000e+00,-7.000000e-01
1.325292e-03,-1.074211e-02,-3.845789e-02,-3.886842e-02,-2.426228e-01,6.000000e-01,1.000000e+00,-8.000000e-01,2.445099e-03,-9.095263e-02,4.417632e-02,-2.281579e-02,1.622095e-02,2.600000e+00,1.200000e+00,-6.000000e-01
1.406880e-03,-1.044211e-02,-3.785789e-02,-3.906842e-02,4.474395e-01,1.100000e+00,5.000000e-01,-1.000000e-01,2.252828e-03,-9.125263e-02,4.417632e-02,-2.291579e-02,6.421574e-02,2.900000e+00,5.000000e-01,-9.000000e-01
5.354631e-04,-1.034211e-02,-3.755789e-02,-4.016842e-02,-4.069370e-01,4.000000e-01,1.000000e+00,-9.000000e-01,2.471219e-03,-9.105263e-02,4.427632e-02,-2.271579e-02,4.529797e-01,3.000000e+00,1.400000e+00,-2.000000e-01
7.232842e-04,-1.034211e-02,-3.715789e-02,-4.006842e-02,-1.248004e-01,2.000000e-01,1.000000e+00,-5.000000e-01,2.214740e-03,-9.085263e-02,4.477632e-02,-2.291579e-02,-7.349702e-01,2.400000e+00,2.300000e+00,-1.000000e+00
6.754097e-04,-1.064211e-02,-3.725789e-02,-3.996842e-02,-6.158830e-01,-5.000000e-01,8.000000e-01,-7.000000e-01,2.195041e-03,-9.065263e-02,4.507632e-02,-2.291579e-02,3.621978e-01,2.900000e+00,4.000000e-01,-6.000000e-01
3.294929e-04,-1.074211e-02,-3.705789e-02,-4.036842e-02,-7.219037e-01,3.000000e-01,6.000000e-01,-1.100000e+00,2.583729e-03,-9.055263e-02,4.597632e-02,-2.221579e-02,1.568924e-01,2.400000e+00,1.400000e+00,-3.000000e-01
2.771760e-04,-1.064211e-02,-3.705789e-02,-4.046842e-02,-3.057664e-01,3.000000e-01,1.200000e+00,-8.000000e-01,2.437286e-03,-9.105263e-02,4.707632e-02,-2.181579e-02,2.751161e-01,2.400000e+00,1.900000e+00,0.000000e+00
5.460777e-04,-1.044211e-02,-3.735789e-02,-4.016842e-02,-2.112633e-02,-0.000000e+00,1.000000e+00,-3.000000e-01,2.886535e-03,-9.095263e-02,4.747632e-02,-2.121579e-02,4.028899e-01,2.000000e+00,1.300000e+00,1.000000e-01
2.929654e-04,-1.044211e-02,-3.765789e-02,-4.036842e-02,-2.149936e-01,-0.000000e+00,1.300000e+00,-6.000000e-01,2.892312e-03,-9.085263e-02,4.817632e-02,-2.101579e-02,2.088304e-01,1.700000e+00,1.900000e+00,2.000000e-01
6.991102e-04,-1.044211e-02,-3.745789e-02,-3.996842e-02,-3.431243e-01,2.000000e-01,1.200000e+00,-8.000000e-01,3.007152e-03,-9.095263e-02,4.857632e-02,-2.071579e-02,6.681006e-01,2.500000e+00,1.300000e+00,2.000000e-01
1.132349e-03,-1.054211e-02,-3.735789e-02,-3.946842e-02,-4.698829e-01,1.000000e-01,1.200000e+00,-9.000000e-01,3.174518e-03,-9.065263e-02,4.927632e-02,-2.041579e-02,3.598377e-01,2.800000e+00,9.000000e-01,-4.000000e-01
1.162228e-03,-1.054211e-02,-3.795789e-02,-3.926842e-02,-3.438979e-01,-0.000000e+00,1.500000e+00,-8.000000e-01,2.871613e-03,-9.085263e-02,5.007632e-02,-2.041579e-02,3.460417e-02,1.700000e+00,1.900000e+00,0.000000e+00
1.336384e-03,-1.034211e-02,-3.755789e-02,-3.926842e-02,-3.344557e-01,-4.000000e-01,7.000000e-01,-4.000000e-01,2.831509e-03,-9.115263e-02,5.047632e-02,-2.021579e-02,6.706415e-01,2.500000e+00,1.300000e+00,2.000000e-01
1.289352e-03,-1.044211e-02,-3.795789e-02,-3.916842e-02,-7.283796e-01,-3.000000e-01,4.000000e-01,-8.000000e-01,3.286189e-03,-9.115263e-02,5.167632e-02,-1.931579e-02,2.955856e-01,2.100000e+00,1.800000e+00,1.000000e-01
1.261155e-03,-1.054211e-02,-3.755789e-02,-3.926842e-02,-4.797400e-01,-6.000000e-01,1.500000e+00,-7.000000e-01,2.978863e-03,-9.155263e-02,5.257632e-02,-1.921579e-02,4.824382e-01,1.700000e+00,1.600000e+00,4.000000e-01
1.515858e-03,-1.064211e-02,-3.745789e-02,-3.896842e-02,-7.091814e-01,-3.000000e-01,1.200000e+00,-1.000000e+00,2.715378e-03,-9.165263e-02,5.307632e-02,-1.931579e-02,3.837789e-01,2.100000e+00,1.200000e+00,0.000000e+00
1.634158e-03,-1.084211e-02,-3.775789e-02,-3.866842e-02,-3.174582e-01,-3.000000e-01,1.700000e+00,-7.000000e-01,2.841410e-03,-9.165263e-02,5.357632e-02,-1.901579e-02,1.574404e-01,1.200000e+00,9.000000e-01,0.000000e+00
1.199087e-03,-1.094211e-02,-3.755789e-02,-3.916842e-02,-6.205636e-01,-5.000000e-01,1.500000e+00,-9.000000e-01,2.832111e-03,-9.145263e-02,5.447632e-02,-1.881579e-02,3.579384e-01,1.000000e+00,1.200000e+00,4.000000e-01
1.605718e-03,-1.094211e-02,-3.735789e-02,-3.876842e-02,-5.160443e-01,-5.000000e-01,1.200000e+00,-7.000000e-01,3.473470e-03,-9.125263e-02,5.497632e-02,-1.801579e-02,1.203161e-02,1.000000e+00,2.400000e+00,4.000000e-01
1.506577e-03,-1.094211e-02,-3.775789e-02,-3.876842e-02,-7.321870e-01,-6.000000e-01,1.200000e+00,-9.000000e-01,3.604399e-03,-9.115263e-02,5.557632e-02,-1.771579e-02,2.992513e-01,7.000000e-01,2.900000e+00,1.000000e+00
1.724733e-03,-1.094211e-02,-3.795789e-02,-3.846842e-02,-1.075940e+00,-3.000000e-01,8.000000e-01,-1.300000e+00,3.576153e-03,-9.105263e-02,5.517632e-02,-1.791579e-02,8.708151e-02,4.000000e-01,4.200000e+00,1.300000e+00
1.840072e-03,-1.124211e-02,-3.775789e-02,-3.826842e-02,-8.117066e-01,-6.000000e-01,1.600000e+00,-1.100000e+00,3.843687e-03,-9.095263e-02,5.467632e-02,-1.781579e-02,-6.886512e-01,3.000000e-01,4.600000e+00,6.000000e-01
1.819452e-03,-1.144211e-02,-3.825789e-02,-3.806842e-02,-1.894630e-01,-0.000000e+00,1.400000e+00,-6.000000e-01,3.462437e-03,-9.135263e-02,5.427632e-02,-1.821579e-02,-4.824018e-01,8.000000e-01,5.100000e+00,8.000000e-01
1.809194e-03,-1.164211e-02,-3.835789e-02,-3.796842e-02,-7.137855e-01,-5.000000e-01,4.000000e-01,-7.000000e-01,3.378652e-03,-9.165263e-02,5.327632e-02,-1.851579e-02,-9.444683e-02,1.000000e+00,4.300000e+00,9.000000e-01
1.886503e-03,-1.154211e-02,-3.855789e-02,-3.786842e-02,-4.263843e-01,-5.000000e-01,1.200000e+00,-6.000000e-01,3.213369e-03,-9.195263e-02,5.317632e-02,-1.861579e-02,-2.346469e-01,1.300000e+00,3.600000e+00,4.000000e-01
1.848998e-03,-1.164211e-02,-3.855789e-02,-3.786842e-02,-8.092062e-01,-7.000000e-01,1.400000e+00,-1.000000e+00,2.883796e-03,-9.255263e-02,5.297632e-02,-1.881579e-02,-9.594181e-02,1.100000e+00,3.800000e+00,7.000000e-01
2.114454e-03,-1.154211e-02,-3.835789e-02,-3.766842e-02,-6.720231e-01,-4.000000e-01,1.500000e+00,-1.000000e+00,2.696088e-03,-9.275263e-02,5.307632e-02,-1.891579e-02,-9.386156e-02,1.800000e+00,3.400000e+00,3.000000e-01
2.047802e-03,-1.144211e-02,-3.805789e-02,-3.786842e-02,1.090541e-01,-7.000000e-01,1.500000e+00,0.000000e+00,2.265925e-03,-9.365263e-02,5.317632e-02,-1.901579e-02,-1.362937e-01,1.500000e+00,3.800000e+00,5.000000e-01
1.777231e-03,-1.134211e-02,-3.785789e-02,-3.826842e-02,-4.016711e-01,-5.000000e-01,1.300000e+00,-6.000000e-01,1.692425e-03,-9.445263e-02,5.327632e-02,-1.931579e-02,4.607138e-01,1.100000e+00,2.800000e+00,1.000000e+00
2.097770e-03,-1.144211e-02,-3.785789e-02,-3.786842e-02,-5.213400e-01,-9.000000e-01,7.000000e-01,-4.000000e-01,1.831468e-03,-9.475263e-02,5.367632e-02,-1.891579e-02,4.137547e-01,1.400000e+00,2.400000e+00,7.000000e-01
1.566465e-03,-1.164211e-02,-3.825789e-02,-3.826842e-02,-7.200766e-01,-7.000000e-01,1.400000e+00,-9.000000e-01,1.689601e-03,-9.535263e-02,5.407632e-02,-1.871579e-02,6.722108e-02,1.400000e+00,3.600000e+00,7.000000e-01
1.104805e-03,-1.144211e-02,-3.825789e-02,-3.886842e-02,-9.499774e-01,-4.000000e-01,1.100000e+00,-1.200000e+00,1.640529e-03,-9.585263e-02,5.427632e-02,-1.851579e-02,2.329467e-01,1.100000e+00,3.600000e+00,1.000000e+00
1.222925e-03,-1.184211e-02,-3.825789e-02,-3.856842e-02,-2.780160e-01,-5.000000e-01,1.800000e+00,-6.000000e-01,1.799478e-03,-9.635263e-02,5.437632e-02,-1.811579e-02,9.726491e-03,1.300000e+00,4.000000e+00,8.000000e-01
9.949668e-04,-1.184211e-02,-3.845789e-02,-3.876842e-02,-2.085309e-01,-7.000000e-01,1.300000e+00,-3.000000e-01,1.670052e-03,-9.675263e-02,5.497632e-02,-1.791579e-02,-2.579029e-01,7.000000e-01,3.600000e+00,6.000000e-01
1.070947e-03,-1.214211e-02,-3.805789e-02,-3.866842e-02,-6.059299e-01,-7.000000e-01,1.500000e+00,-8.000000e-01,2.130373e-03,-9.705263e-02,5.457632e-02,-1.741579e-02,-2.590271e-02,2.100000e+00,2.600000e+00,0.000000e+00
1.331424e-03,-1.244211e-02,-3.835789e-02,-3.816842e-02,-8.341702e-01,-7.000000e-01,1.300000e+00,-1.000000e+00,2.166151e-03,-9.655263e-02,5.567632e-02,-1.721579e-02,-3.940244e-01,1.700000e+00,3.100000e+00,-1.000000e-01
5.038959e-04,-1.274211e-02,-3.835789e-02,-3.896842e-02,-3.434008e-01,-7.000000e-01,2.200000e+00,-7.000000e-01,2.325138e-03,-9.885263e-02,5.487632e-02,-1.641579e-02,-1.305782e-01,2.900000e+00,3.300000e+00,-2.000000e-01
7.492330e-04,-1.304211e-02,-3.835789e-02,-3.856842e-02,-4.423044e-01,-7.000000e-01,1.800000e+00,-7.000000e-01,2.156529e-03,-9.925263e-02,5.467632e-02,-1.651579e-02,-6.207568e-02,1.300000e+00,2.400000e+00,2.000000e-01
3.322064e-04,-1.324211e-02,-3.865789e-02,-3.886842e-02,-6.464419e-01,-9.000000e-01,2.000000e+00,-9.000000e-01,2.392548e-03,-9.955263e-02,5.537632e-02,-1.591579e-02,4.196288e-01,2.200000e+00,2.100000e+00,3.000000e-01
-3.289919e-04,-1.364211e-02,-3.855789e-02,-3.946842e-02,-1.017273e+00,-1.200000e+00,2.400000e+00,-1.300000e+00,1.751191e-03,-1.005526e-01,5.517632e-02,-1.631579e-02,9.774027e-02,1.100000e+00,1.600000e+00,2.000000e-01
1.919263e-04,-1.364211e-02,-3.825789e-02,-3.896842e-02,-6.369683e-01,-9.000000e-01,2.400000e+00,-1.000000e+00,1.840784e-03,-1.015526e-01,5.587632e-02,-1.561579e-02,4.804244e-01,1.700000e+00,1.600000e+00,4.000000e-01
1.471182e-04,-1.424211e-02,-3.825789e-02,-3.876842e-02,-2.239505e-01,-9.000000e-01,1.900000e+00,-4.000000e-01,1.787228e-03,-1.023526e-01,5.637632e-02,-1.521579e-02,3.707421e-02,1.200000e+00,1.300000e+00,0.000000e+00
9.484801e-05,-1.434211e-02,-3.795789e-02,-3.886842e-02,-7.366366e-01,-1.000000e+00,7.000000e-01,-6.000000e-01,1.907322e-03,-1.027526e-01,5.737632e-02,-1.461579e-02,3.925311e-01,2.000000e+00,1.000000e+00,0.000000e+00
2.517557e-04,-1.464211e-02,-3.795789e-02,-3.856842e-02,-9.445080e-01,-1.500000e+00,1.700000e+00,-9.000000e-01,1.736561e-03,-1.037526e-01,5.837632e-02,-1.411579e-02,7.045317e-01,1.400000e+00,1.400000e+00,7.000000e-01
2.041295e-04,-1.424211e-02,-3.875789e-02,-3.856842e-02,-2.691531e-01,-1.500000e+00,1.900000e+00,-2.000000e-01,1.466187e-03,-1.041526e-01,5.917632e-02,-1.401579e-02,2.621196e-01,1.000000e+00,9.000000e-01,2.000000e-01
3.687751e-04,-1.404211e-02,-3.875789e-02,-3.846842e-02,-6.644683e-01,-1.600000e+00,1.900000e+00,-6.000000e-01,1.607936e-03,-1.051526e-01,5.907632e-02,-1.351579e-02,4.928443e-01,1.800000e+00,4.000000e-01,0.000000e+00
9.253673e-04,-1.414211e-02,-3.925789e-02,-3.766842e-02,-6.341942e-01,-1.800000e+00,1.600000e+00,-4.000000e-01,1.566440e-03,-1.034526e-01,5.997632e-02,-1.391579e-02,3.755736e-01,3.000000e-01,3.000000e-01,4.000000e-01
5.990287e-04,-1.414211e-02,-3.985789e-02,-3.786842e-02,-3.306310e-01,-9.000000e-01,2.200000e+00,-6.000000e-01,1.779176e-03,-1.035526e-01,6.037632e-02,-1.351579e-02,3.706651e-01,1.100000e+00,0.000000e+00,0.000000e+00
1.298012e-03,-1.434211e-02,-4.035789e-02,-3.686842e-02,-5.725529e-01,-1.700000e+00,1.700000e+00,-4.000000e-01,1.476251e-03,-1.035526e-01,6.017632e-02,-1.391579e-02,3.346621e-01,1.100000e+00,1.400000e+00,4.000000e-01
1.253483e-03,-1.444211e-02,-4.075789e-02,-3.676842e-02,-2.470867e-01,-1.900000e+00,2.600000e+00,-2.000000e-01,1.817953e-03,-1.034526e-01,6.067632e-02,-1.341579e-02,6.289754e-01,1.500000e+00,2.000000e-01,2.000000e-01
1.005043e-03,-1.474211e-02,-4.095789e-02,-3.686842e-02,-2.813685e-01,-2.100000e+00,2.400000e+00,-1.000000e-01,1.582114e-03,-1.034526e-01,6.087632e-02,-1.361579e-02,8.363381e-01,1.300000e+00,5.000000e-01,6.000000e-01
1.581637e-03,-1.464211e-02,-4.095789e-02,-3.626842e-02,-6.804376e-01,-2.800000e+00,2.200000e+00,-2.000000e-01,2.127032e-03,-1.029526e-01,6.177632e-02,-1.291579e-02,9.940554e-01,1.500000e+00,5.000000e-01,7.000000e-01
1.379136e-03,-1.464211e-02,-4.105789e-02,-3.646842e-02,-8.044934e-01,-2.300000e+00,2.400000e+00,-6.000000e-01,1.706530e-03,-1.030526e-01,6.187632e-02,-1.331579e-02,3.884120e-01,1.500000e+00,1.000000e-01,-1.000000e-01
9.482764e-04,-1.484211e-02,-4.105789e-02,-3.686842e-02,-4.855328e-01,-2.800000e+00,1.900000e+00,1.000000e-01,1.931306e-03,-1.031526e-01,6.127632e-02,-1.321579e-02,-1.969036e-01,5.000000e-01,1.300000e+00,0.000000e+00
1.131266e-03,-1.514211e-02,-4.095789e-02,-3.656842e-02,-7.875555e-01,-2.800000e+00,2.500000e+00,-4.000000e-01,2.380633e-03,-1.029526e-01,6.247632e-02,-1.241579e-02,4.051551e-01,8.000000e-01,-8.000000e-01,-1.000000e-01
8.463185e-04,-1.554211e-02,-4.115789e-02,-3.666842e-02,-6.337685e-01,-3.900000e+00,2.600000e+00,2.000000e-01,2.291363e-03,-1.028526e-01,6.227632e-02,-1.261579e-02,5.618391e-01,4.000000e-01,4.000000e-01,6.000000e-01
-6.385204e-05,-1.624211e-02,-4.125789e-02,-3.736842e-02,-6.023131e-01,-3.900000e+00,3.100000e+00,1.000000e-01,2.247705e-03,-1.028526e-01,6.307632e-02,-1.241579e-02,4.528444e-02,3.000000e-01,2.000000e-01,0.000000e+00
1.848461e-04,-1.654211e-02,-4.125789e-02,-3.696842e-02,-7.058130e-01,-3.700000e+00,2.000000e+00,2.000000e-01,2.238496e-03,-1.026526e-01,6.367632e-02,-1.231579e-02,4.539652e-02,3.000000e-01,2.000000e-01,0.000000e+00
1.754821e-04,-1.694211e-02,-4.105789e-02,-3.686842e-02,-1.043513e+00,-4.100000e+00,2.700000e+00,-2.000000e-01,2.425568e-03,-1.026526e-01,6.397632e-02,-1.201579e-02,4.549535e-02,3.000000e-01,2.000000e-01,0.000000e+00
1.112455e-04,-1.744211e-02,-4.055789e-02,-3.686842e-02,-4.871900e-01,-4.200000e+00,3.300000e+00,3.000000e-01,2.410343e-03,-1.024526e-01,6.427632e-02,-1.201579e-02,4.559834e-02,3.000000e-01,2.000000e-01,0.000000e+00
-1.348447e-04,-1.814211e-02,-3.975789e-02,-3.706842e-02,-7.526906e-01,-4.900000e+00,2.900000e+00,4.000000e-01,2.552340e-03,-1.020526e-01,6.457632e-02,-1.191579e-02,4.571535e-02,3.000000e-01,2.000000e-01,0.000000e+00
-7.345192e-04,-1.874211e-02,-3.945789e-02,-3.756842e-02,-7.528021e-01,-4.900000e+00,2.900000e+00,4.000000e-01,2.158414e-03,-1.020526e-01,6.437632e-02,-1.241579e-02,4.579590e-02,3.000000e-01,2.000000e-01,0.000000e+00
-5.465683e-04,-1.954211e-02,-4.005789e-02,-3.686842e-02,-2.128219e-01,-6.000000e+00,3.100000e+00,1.400000e+00,2.362163e-03,-1.016526e-01,6.477632e-02,-1.221579e-02,4.590440e-02,3.000000e-01,2.000000e-01,0.000000e+00
-1.492408e-06,-1.994211e-02,-4.015789e-02,-3.606842e-02,2.291136e-01,-6.100000e+00,3.600000e+00,1.800000e+00,2.377208e-03,-1.009526e-01,6.557632e-02,-1.221579e-02,4.607331e-02,3.000000e-01,2.000000e-01,0.000000e+00
1.021118e-04,-2.114211e-02,-4.125789e-02,-3.516842e-02,5.853642e-01,-5.900000e+00,2.900000e+00,2.300000e+00,2.094232e-03,-1.008526e-01,6.477632e-02,-1.281579e-02,4.617242e-02,3.000000e-01,2.000000e-01,0.000000e+00
9.144787e-04,-2.204211e-02,-4.135789e-02,-3.386842e-02,5.772105e-01,-5.600000e+00,2.400000e+00,2.300000e+00,2.203421e-03,-1.007526e-01,6.547632e-02,-1.251579e-02,3.694281e-02,6.000000e-01,6.000000e-01,0.000000e+00
2.207512e-03,-2.274211e-02,-4.125789e-02,-3.216842e-02,7.799962e-01,-5.500000e+00,1.200000e+00,2.800000e+00,2.206788e-03,-1.011526e-01,6.497632e-02,-1.251579e-02,-5.210162e-02,3.000000e-01,1.200000e+00,2.000000e-01
3.019251e-03,-2.394211e-02,-4.165789e-02,-3.066842e-02,1.185655e+00,-5.300000e+00,7.000000e-01,3.300000e+00,2.174343e-03,-1.015526e-01,6.557632e-02,-1.221579e-02,-3.461535e-01,-1.000000e-01,8.000000e-01,-1.000000e-01
4.127346e-03,-2.474211e-02,-4.295789e-02,-2.876842e-02,4.873921e-01,-4.900000e+00,-6.000000e-01,2.700000e+00,2.265284e-03,-1.016526e-01,6.577632e-02,-1.201579e-02,6.078300e-01,-0.000000e+00,4.000000e-01,8.000000e-01
6.092718e-03,-2.614211e-02,-4.425789e-02,-2.566842e-02,4.982628e-01,-4.800000e+00,-3.400000e+00,3.400000e+00,2.061378e-03,-1.020526e-01,6.667632e-02,-1.181579e-02,-4.638005e-01,-0.000000e+00,7.000000e-01,-3.000000e-01
8.278716e-03,-2.684211e-02,-4.685789e-02,-2.226842e-02,5.609038e-01,-2.800000e+00,-5.900000e+00,3.300000e+00,1.892599e-03,-1.023526e-01,6.757632e-02,-1.161579e-02,-2.955322e-01,-3.000000e-01,7.000000e-01,0.000000e+00
1.152914e-02,-2.814211e-02,-4.815789e-02,-1.776842e-02,1.313693e-01,-3.000000e+00,-8.200000e+00,3.500000e+00,1.767230e-03,-1.028526e-01,6.807632e-02,-1.141579e-02,-5.955993e-01,1.000000e-01,0.000000e+00,-7.000000e-01
1.351701e-02,-2.864211e-02,-4.955789e-02,-1.496842e-02,-6.783751e-01,-3.700000e+00,-9.800000e+00,3.300000e+00,1.879408e-03,-1.029526e-01,6.787632e-02,-1.131579e-02,-7.857038e-01,-5.000000e-01,-7.000000e-01,-9.000000e-01
1.595530e-02,-2.984211e-02,-4.975789e-02,-1.166842e-02,-9.058640e-01,-3.100000e+00,-1.330000e+01,3.700000e+00,2.016340e-03,-1.028526e-01,6.717632e-02,-1.141579e-02,-6.075030e-01,-3.000000e-01,-1.100000e+00,-9.000000e-01
1.880649e-02,-2.984211e-02,-4.845789e-02,-8.768421e-03,-1.091266e+00,-3.600000e+00,-1.680000e+01,4.600000e+00,2.077913e-03,-1.026526e-01,6.817632e-02,-1.111579e-02,1.133542e-01,-1.600000e+00,-1.400000e+00,3.000000e-01
2.182839e-02,-3.004211e-02,-4.755789e-02,-5.468421e-03,-6.012341e-01,-3.400000e+00,-1.890000e+01,5.600000e+00,1.912737e-03,-1.023526e-01,6.947632e-02,-1.101579e-02,-1.509481e-01,-1.300000e+00,-4.000000e-01,2.000000e-01
2.529690e-02,-2.844211e-02,-4.595789e-02,-2.568421e-03,-9.665506e-01,-4.600000e+00,-2.360000e+01,6.900000e+00,1.897291e-03,-1.016526e-01,7.007632e-02,-1.111579e-02,-4.229388e-01,-9.000000e-01,1.000000e-01,-1.000000e-01
3.107231e-02,-3.174211e-02,-4.105789e-02,4.231579e-03,7.947653e+00,3.000000e+00,-2.860000e+01,1.490000e+01,2.068102e-03,-1.010526e-01,6.757632e-02,-1.191579e-02,-5.617084e-01,-8.000000e-01,4.000000e-01,-2.000000e-01
3.437155e-02,-3.174211e-02,-3.345789e-02,6.231579e-03,3.246246e+00,-2.300000e+00,-3.200000e+01,1.280000e+01,2.381083e-03,-1.006526e-01,6.627632e-02,-1.211579e-02,-3.069172e-01,3.000000e-01,-8.000000e-01,-7.000000e-01
3.933232e-02,-3.154211e-02,-2.915789e-02,1.093158e-02,3.899711e+00,-3.200000e+00,-3.540000e+01,1.480000e+01,2.534376e-03,-9.995263e-02,6.527632e-02,-1.251579e-02,-1.094711e+00,-8.000000e-01,7.000000e-01,-7.000000e-01
4.511272e-02,-2.944211e-02,-2.475789e-02,1.583158e-02,2.064138e+00,-7.600000e+00,-4.250000e+01,1.650000e+01,3.088503e-03,-9.905263e-02,6.437632e-02,-1.251579e-02,-3.676106e-01,3.000000e-01,-9.000000e-01,-8.000000e-01
5.039626e-02,-2.684211e-02,-2.485789e-02,2.123158e-02,-4.587021e-01,-1.270000e+01,-4.860000e+01,1.750000e+01,3.120128e-03,-9.845263e-02,6.337632e-02,-1.301579e-02,-4.675769e-01,-6.000000e-01,3.000000e-01,-2.000000e-01
5.819213e-02,-2.494211e-02,-2.385789e-02,2.973158e-02,-1.083768e+00,-1.450000e+01,-5.730000e+01,1.980000e+01,3.270670e-03,-9.815263e-02,6.287632e-02,-1.311579e-02,-6.689292e-01,-0.000000e+00,-5.000000e-01,-9.000000e-01
6.631974e-02,-2.074211e-02,-2.335789e-02,3.793158e-02,-4.204831e+00,-1.910000e+01,-6.650000e+01,2.070000e+01,2.888262e-03,-9.815263e-02,6.327632e-02,-1.341579e-02,-6.792620e-01,-9.000000e-01,-6.000000e-01,-6.000000e-01
7.465104e-02,-1.694211e-02,-2.175789e-02,4.663158e-02,-6.094450e+00,-2.270000e+01,-7.600000e+01,2.260000e+01,2.571035e-03,-9.815263e-02,6.247632e-02,-1.401579e-02,-1.081426e+00,-8.000000e-01,0.000000e+00,-9.000000e-01
8.214364e-02,-1.354211e-02,-2.115789e-02,5.513158e-02,-6.912024e+00,-2.500000e+01,-8.060000e+01,2.390000e+01,2.758029e-03,-9.825263e-02,6.167632e-02,-1.401579e-02,-8.291545e-01,-8.000000e-01,-9.000000e-01,-9.000000e-01
8.925470e-02,-1.024211e-02,-1.985789e-02,6.363158e-02,-7.951357e+00,-2.930000e+01,-9.080000e+01,2.730000e+01,2.696494e-03,-9.875263e-02,6.127632e-02,-1.401579e-02,-8.043502e-01,-5.000000e-01,-3.000000e-01,-8.000000e-01
9.437172e-02,-2.142105e-03,-2.145789e-02,6.853158e-02,-8.615591e+00,-3.340000e+01,-1.017000e+02,3.120000e+01,2.570370e-03,-9.855263e-02,6.387632e-02,-1.341579e-02,-5.900646e-01,-1.200000e+00,-1.600000e+00,-7.000000e-01
1.013249e-01,2.757895e-03,-2.565789e-02,7.863158e-02,-9.242161e+00,-3.820000e+01,-1.138000e+02,3.580000e+01,1.934501e-03,-9.835263e-02,6.607632e-02,-1.351579e-02,-6.364776e-01,-5.000000e-01,-9.000000e-01,-8.000000e-01
1.059342e-01,9.657895e-03,-2.945789e-02,8.563158e-02,-8.407067e+00,-4.210000e+01,-1.254000e+02,4.150000e+01,2.076147e-03,-9.835263e-02,6.847632e-02,-1.261579e-02,-2.011889e-01,-5.000000e-01,-1.500000e+00,-5.000000e-01
1.096570e-01,1.745789e-02,-3.065789e-02,9.143158e-02,-7.318163e+00,-4.520000e+01,-1.354000e+02,4.670000e+01,1.404455e-03,-9.845263e-02,7.047632e-02,-1.271579e-02,5.203347e-01,-5.000000e-01,-1.200000e+00,4.000000e-01
1.121374e-01,3.005789e-02,-3.415789e-02,9.373158e-02,-1.746523e+00,-4.150000e+01,-1.394000e+02,5.180000e+01,1.100848e-03,-9.845263e-02,7.257632e-02,-1.241579e-02,6.030533e-01,-1.600000e+00,-1.900000e+00,7.000000e-01
1.212874e-01,5.275789e-02,-4.325789e-02,9.843158e-02,3.084157e+00,-3.560000e+01,-1.404000e+02,5.390000e+01,9.187271e-04,-9.835263e-02,7.567632e-02,-1.171579e-02,1.111741e+00,-2.500000e+00,-2.600000e+00,1.400000e+00
1.317426e-01,7.795789e-02,-4.885789e-02,1.013316e-01,2.365216e+01,-4.000000e+00,-1.323000e+02,5.570000e+01,6.865667e-04,-9.815263e-02,7.877632e-02,-1.111579e-02,6.676917e-01,-3.700000e+00,-2.500000e+00,1.400000e+00
1.417349e-01,1.029579e-01,-5.585789e-02,1.036316e-01,2.364606e+01,-4.000000e+00,-1.323000e+02,5.570000e+01,1.114198e-03,-9.785263e-02,8.157632e-02,-9.915789e-03,1.302636e+00,-4.000000e+00,-3.900000e+00,1.800000e+00
1.520448e-01,1.285579e-01,-6.215789e-02,1.053316e-01,2.365064e+01,-4.000000e+00,-1.323000e+02,5.570000e+01,1.188755e-03,-9.745263e-02,8.347632e-02,-9.415789e-03,1.496026e+00,-7.100000e+00,-4.600000e+00,3.000000e+00
1.434780e-01,1.442579e-01,-6.355789e-02,8.793158e-02,4.381158e+01,9.400000e+00,-1.075000e+02,6.690000e+01,1.630964e-03,-9.645263e-02,8.347632e-02,-9.315789e-03,1.811383e+00,-6.900000e+00,-5.200000e+00,3.100000e+00
1.320866e-01,1.558579e-01,-6.745789e-02,6.993158e-02,5.150196e+01,1.470000e+01,-1.034000e+02,7.190000e+01,1.751930e-03,-9.605263e-02,8.387632e-02,-9.215789e-03,1.194792e+00,-8.300000e+00,-6.400000e+00,2.600000e+00
1.184639e-01,1.705579e-01,-6.575789e-02,4.463158e-02,5.532916e+01,1.710000e+01,-1.001000e+02,7.440000e+01,2.056163e-03,-9.525263e-02,8.277632e-02,-9.515789e-03,1.081480e+00,-9.500000e+00,-5.900000e+00,3.100000e+00
1.006362e-01,1.893579e-01,-6.855789e-02,9.231579e-03,5.797747e+01,1.960000e+01,-9.250000e+01,7.460000e+01,1.908088e-03,-9.445263e-02,8.167632e-02,-1.031579e-02,1.227234e+00,-9.800000e+00,-6.200000e+00,3.300000e+00
8.212289e-02,2.051579e-01,-7.295789e-02,-2.526842e-02,5.797348e+01,1.960000e+01,-9.250000e+01,7.460000e+01,1.951535e-03,-9.365263e-02,8.017632e-02,-1.101579e-02,7.128712e-01,-1.160000e+01,-6.000000e+00,3.500000e+00
4.778510e-02,1.905579e-01,-7.745789e-02,-5.476842e-02,4.234778e+01,1.050000e+01,-6.740000e+01,5.810000e+01,2.312433e-03,-9.235263e-02,7.847632e-02,-1.161579e-02,7.597956e-01,-1.190000e+01,-6.600000e+00,3.500000e+00
-1.918000e-03,1.308579e-01,-1.695789e-02,-7.356842e-02,3.153966e+00,1.020000e+01,-3.210000e+01,-1.200000e+00,2.316131e-03,-9.145263e-02,7.657632e-02,-1.251579e-02,5.131492e-01,-1.410000e+01,-6.600000e+00,4.100000e+00
-6.349913e-02,5.085789e-02,9.724211e-02,-1.018684e-01,-8.296094e+01,-1.360000e+01,-1.950000e+01,-1.007000e+02,2.770057e-03,-9.015263e-02,7.387632e-02,-1.331579e-02,3.768563e-01,-1.600000e+01,-7.600000e+00,4.400000e+00
-1.322683e-01,-4.924211e-02,2.019421e-01,-1.250684e-01,-1.317070e+02,-2.830000e+01,-2.890000e+01,-1.534000e+02,2.580036e-03,-8.915263e-02,6.927632e-02,-1.531579e-02,6.646844e-02,-1.830000e+01,-7.500000e+00,5.000000e+00
-1.976709e-01,-1.494421e-01,2.458421e-01,-1.365684e-01,-1.465592e+02,-3.760000e+01,-2.930000e+01,-1.650000e+02,3.094384e-03,-8.805263e-02,6.427632e-02,-1.671579e-02,-3.238886e-01,-1.870000e+01,-8.200000e+00,4.500000e+00
-2.278617e-01,-2.377421e-01,2.575421e-01,-1.094684e-01,-1.430373e+02,-2.530000e+01,-5.300000e+00,-1.768000e+02,3.029683e-03,-8.695263e-02,6.107632e-02,-1.821579e-02,2.228396e-01,-1.940000e+01,-8.800000e+00,5.200000e+00
-2.441961e-01,-3.215421e-01,2.683421e-01,-7.266842e-02,-1.114677e+02,-3.900000e+00,2.600000e+01,-1.600000e+02,3.548464e-03,-8.565263e-02,5.647632e-02,-1.961579e-02,8.337689e-02,-1.840000e+01,-8.600000e+00,4.700000e+00
-2.476207e-01,-4.018421e-01,2.711421e-01,-2.526842e-02,-6.687254e+01,1.550000e+01,6.370000e+01,-1.253000e+02,3.628513e-03,-8.465263e-02,5.247632e-02,-2.121579e-02,1.358239e-01,-1.910000e+01,-8.700000e+00,5.000000e+00
-2.347407e-01,-4.785421e-01,2.870421e-01,3.033158e-02,-2.012428e+01,2.670000e+01,1.054000e+02,-8.210000e+01,4.230912e-03,-8.415263e-02,4.617632e-02,-2.281579e-02,-2.027008e-01,-1.720000e+01,-7.900000e+00,4.100000e+00
-2.132627e-01,-5.480421e-01,3.099421e-01,8.113158e-02,1.771233e+01,3.060000e+01,1.402000e+02,-4.390000e+01,4.368552e-03,-8.265263e-02,4.037632e-02,-2.521579e-02,-7.735868e-01,-1.610000e+01,-6.400000e+00,3.500000e+00
-1.695016e-01,-5.847421e-01,3.423421e-01,1.236316e-01,4.338412e+01,3.550000e+01,1.661000e+02,-2.140000e+01,5.185763e-03,-8.195263e-02,3.527632e-02,-2.631579e-02,-8.904641e-02,-1.480000e+01,-6.500000e+00,3.700000e+00
-1.239861e-01,-5.775421e-01,3.228421e-01,1.463316e-01,5.164067e+01,3.910000e+01,1.753000e+02,-1.630000e+01,5.733995e-03,-8.085263e-02,2.987632e-02,-2.801579e-02,-1.667840e-01,-1.430000e+01,-6.200000e+00,3.500000e+00
-7.165526e-02,-5.461421e-01,2.537421e-01,1.748316e-01,5.529391e+01,4.320000e+01,1.870000e+02,-1.830000e+01,6.143968e-03,-7.985263e-02,2.517632e-02,-2.961579e-02,2.073366e-01,-1.300000e+01,-7.300000e+00,3.000000e+00
-9.809066e-03,-4.867421e-01,2.017421e-01,1.942316e-01,4.517923e+01,4.430000e+01,1.890000e+02,-3.240000e+01,6.125304e-03,-7.875263e-02,2.147632e-02,-3.141579e-02,-5.900556e-01,-1.350000e+01,-6.700000e+00,2.500000e+00
5.550775e-02,-4.202421e-01,2.113421e-01,1.995316e-01,2.331524e+01,4.120000e+01,1.839000e+02,-5.570000e+01,6.355660e-03,-7.755263e-02,1.937632e-02,-3.241579e-02,-1.574058e-01,-1.300000e+01,-7.200000e+00,2.600000e+00
1.073282e-01,-3.516421e-01,2.435421e-01,1.857316e-01,-1.435590e+00,3.860000e+01,1.769000e+02,-8.180000e+01,7.274111e-03,-7.655263e-02,1.847632e-02,-3.211579e-02,1.449764e+00,-1.040000e+01,-7.900000e+00,3.100000e+00
1.482532e-01,-2.776421e-01,2.744421e-01,1.630316e-01,-2.119713e+01,3.750000e+01,1.681000e+02,-1.018000e+02,6.176115e-03,-7.615263e-02,1.717632e-02,-3.401579e-02,7.250028e-01,-1.180000e+01,-7.200000e+00,3.100000e+00
1.798218e-01,-2.062421e-01,3.052421e-01,1.373316e-01,-3.100419e+01,3.820000e+01,1.647000e+02,-1.126000e+02,6.570002e-03,-7.565263e-02,1.597632e-02,-3.421579e-02,6.027554e-01,-1.120000e+01,-9.400000e+00,1.900000e+00
2.021047e-01,-1.403421e-01,3.269421e-01,1.135316e-01,-3.388626e+01,3.860000e+01,1.582000e+02,-1.140000e+02,6.099006e-03,-7.425263e-02,1.657632e-02,-3.511579e-02,1.783440e+00,-1.050000e+01,-1.010000e+01,2.700000e+00
2.182558e-01,-7.764211e-02,3.390421e-01,9.403158e-02,-3.379279e+01,3.900000e+01,1.535000e+02,-1.126000e+02,6.130571e-03,-7.415263e-02,1.657632e-02,-3.511579e-02,1.791533e+00,-1.010000e+01,-9.400000e+00,2.800000e+00
2.300503e-01,-1.784211e-02,3.459421e-01,7.863158e-02,-2.697447e+01,4.190000e+01,1.494000e+02,-1.047000e+02,5.982529e-03,-7.305263e-02,1.637632e-02,-3.581579e-02,3.234244e+00,-8.800000e+00,-1.050000e+01,3.500000e+00
2.336996e-01,3.515789e-02,3.452421e-01,6.463158e-02,-1.874643e+01,4.470000e+01,1.454000e+02,-9.510000e+01,5.527995e-03,-7.175263e-02,1.627632e-02,-3.691579e-02,3.206136e+00,-8.600000e+00,-1.100000e+01,3.200000e+00
2.288400e-01,8.045789e-02,3.350421e-01,5.173158e-02,-8.304157e+00,4.860000e+01,1.404000e+02,-8.280000e+01,6.067327e-03,-7.115263e-02,1.527632e-02,-3.691579e-02,2.822128e+00,-9.400000e+00,-1.100000e+01,3.100000e+00
2.136551e-01,1.176579e-01,3.162421e-01,3.653158e-02,6.610657e-01,5.340000e+01,1.316000e+02,-7.060000e+01,7.080839e-03,-7.055263e-02,1.547632e-02,-3.591579e-02,3.078768e+00,-9.000000e+00,-1.320000e+01,2.400000e+00
1.931075e-01,1.478579e-01,2.953421e-01,2.083158e-02,4.866562e+00,5.570000e+01,1.259000e+02,-6.420000e+01,7.564118e-03,-6.985263e-02,1.527632e-02,-3.571579e-02,3.230173e+00,-9.700000e+00,-1.420000e+01,2.500000e+00
1.708761e-01,1.757579e-01,2.746421e-01,5.331579e-03,1.068523e+01,6.110000e+01,1.137000e+02,-5.360000e+01,8.002447e-03,-6.895263e-02,1.437632e-02,-3.591579e-02,3.675212e+00,-9.800000e+00,-1.620000e+01,2.300000e+00
1.484537e-01,2.009579e-01,2.554421e-01,-9.168421e-03,1.548316e+01,6.790000e+01,1.053000e+02,-4.590000e+01,9.328311e-03,-6.775263e-02,1.347632e-02,-3.521579e-02,3.658704e+00,-1.180000e+01,-1.790000e+01,2.500000e+00
1.242261e-01,2.225579e-01,2.370421e-01,-2.406842e-02,1.922452e+01,7.450000e+01,1.009000e+02,-4.100000e+01,1.088882e-02,-6.645263e-02,1.197632e-02,-3.451579e-02,4.158446e+00,-1.140000e+01,-2.000000e+01,2.100000e+00
9.554345e-02,2.381579e-01,2.169421e-01,-4.096842e-02,2.501580e+01,8.010000e+01,9.870000e+01,-3.450000e+01,1.222203e-02,-6.525263e-02,1.077632e-02,-3.391579e-02,4.901262e+00,-1.100000e+01,-2.230000e+01,1.900000e+00
6.359426e-02,2.476579e-01,1.957421e-01,-5.926842e-02,3.060605e+01,8.470000e+01,9.590000e+01,-2.760000e+01,1.342191e-02,-6.335263e-02,9.476316e-03,-3.381579e-02,5.056063e+00,-1.100000e+01,-2.380000e+01,1.500000e+00
2.763384e-02,2.536579e-01,1.714421e-01,-7.956842e-02,3.769530e+01,8.920000e+01,9.270000e+01,-1.860000e+01,1.464404e-02,-6.225263e-02,6.676316e-03,-3.391579e-02,5.536112e+00,-9.700000e+00,-2.630000e+01,5.000000e-01
-1.044842e-02,2.580579e-01,1.427421e-01,-9.896842e-02,4.163255e+01,9.070000e+01,9.100000e+01,-1.350000e+01,1.667517e-02,-6.065263e-02,4.076316e-03,-3.321579e-02,5.063566e+00,-1.070000e+01,-2.780000e+01,-2.000000e-01
-4.965840e-02,2.625579e-01,1.111421e-01,-1.176684e-01,5.145378e+01,9.460000e+01,8.920000e+01,-1.700000e+00,1.756381e-02,-5.845263e-02,1.976316e-03,-3.391579e-02,5.476663e+00,-1.140000e+01,-3.080000e+01,-6.000000e-01
-8.662709e-02,2.683579e-01,7.754211e-02,-1.323684e-01,5.885851e+01,9.610000e+01,8.620000e+01,8.400000e+00,1.847032e-02,-5.585263e-02,-2.236842e-04,-3.481579e-02,5.742300e+00,-1.320000e+01,-3.310000e+01,-4.000000e-01
-1.239923e-01,2.768579e-01,4.254211e-02,-1.464684e-01,6.300653e+01,9.490000e+01,8.280000e+01,1.530000e+01,1.963442e-02,-5.335263e-02,-4.323684e-03,-3.611579e-02,4.694725e+00,-1.680000e+01,-3.760000e+01,-1.800000e+00
-1.636131e-01,2.846579e-01,8.442105e-03,-1.635684e-01,6.505634e+01,8.810000e+01,7.930000e+01,2.030000e+01,2.075834e-02,-4.995263e-02,-8.223684e-03,-3.781579e-02,3.827209e+00,-1.990000e+01,-3.980000e+01,-2.300000e+00
-2.046971e-01,2.934579e-01,-2.355789e-02,-1.841684e-01,6.153315e+01,7.540000e+01,7.330000e+01,2.070000e+01,2.279287e-02,-4.785263e-02,-1.212368e-02,-3.781579e-02,3.788404e+00,-2.080000e+01,-4.330000e+01,-3.400000e+00
-2.492983e-01,3.058579e-01,-5.685789e-02,-2.092684e-01,5.201081e+01,5.960000e+01,6.290000e+01,1.700000e+01,2.508701e-02,-4.505263e-02,-1.622368e-02,-3.791579e-02,4.275327e+00,-1.980000e+01,-4.630000e+01,-4.600000e+00
-2.961586e-01,3.244579e-01,-8.895789e-02,-2.385684e-01,4.551517e+01,5.140000e+01,5.670000e+01,1.370000e+01,2.653106e-02,-4.115263e-02,-1.952368e-02,-3.921579e-02,5.044433e+00,-2.130000e+01,-5.060000e+01,-4.800000e+00
-3.410686e-01,3.502579e-01,-1.164579e-01,-2.705684e-01,2.768825e+01,3.380000e+01,4.090000e+01,3.700000e+00,2.732231e-02,-3.715263e-02,-2.092368e-02,-4.051579e-02,5.985133e+00,-2.270000e+01,-5.480000e+01,-4.800000e+00
-3.838598e-01,3.829579e-01,-1.401579e-01,-3.047684e-01,3.789583e+00,1.460000e+01,2.160000e+01,-1.120000e+01,2.708428e-02,-3.175263e-02,-2.042368e-02,-4.291579e-02,4.674125e+00,-2.990000e+01,-5.800000e+01,-4.100000e+00
-4.249255e-01,4.236579e-01,-1.616579e-01,-3.407684e-01,-2.368603e+01,-2.900000e+00,-6.000000e-01,-2.850000e+01,2.668201e-02,-2.745263e-02,-2.072368e-02,-4.521579e-02,2.486104e+00,-3.760000e+01,-6.200000e+01,-4.500000e+00
-4.651594e-01,4.695579e-01,-1.830579e-01,-3.779684e-01,-5.279284e+01,-1.590000e+01,-2.360000e+01,-4.740000e+01,2.702973e-02,-2.225263e-02,-2.202368e-02,-4.741579e-02,1.154917e+00,-4.650000e+01,-6.720000e+01,-3.700000e+00
-5.039010e-01,5.194579e-01,-2.065579e-01,-4.144684e-01,-8.039760e+01,-2.530000e+01,-4.760000e+01,-6.390000e+01,2.591062e-02,-1.765263e-02,-2.292368e-02,-5.071579e-02,1.791880e+00,-5.640000e+01,-7.510000e+01,-1.100000e+00
-5.411303e-01,5.716579e-01,-2.301579e-01,-4.487684e-01,-1.069004e+02,-2.900000e+01,-5.910000e+01,-8.800000e+01,2.504559e-02,-1.375263e-02,-2.362368e-02,-5.301579e-02,3.215912e+00,-5.860000e+01,-8.040000e+01,-6.000000e-01
-5.777011e-01,6.104579e-01,-2.604579e-01,-4.825684e-01,-1.124713e+02,-3.540000e+01,-8.110000e+01,-7.930000e+01,2.503265e-02,-1.035263e-02,-2.632368e-02,-5.461579e-02,6.283484e+00,-6.260000e+01,-8.820000e+01,1.800000e+00
-5.443166e-01,4.436579e-01,-2.011579e-01,-4.840684e-01,-1.194393e+02,-1.186000e+02,-7.780000e+01,-8.580000e+01,2.417035e-02,-4.452632e-03,-2.832368e-02,-5.821579e-02,1.014692e+01,-6.130000e+01,-9.620000e+01,1.900000e+00
-4.280102e-01,3.732579e-01,-1.040579e-01,-4.183684e-01,-1.381887e+02,-1.770000e+02,-1.097000e+02,-8.400000e+01,2.299257e-02,2.847368e-03,-3.042368e-02,-6.291579e-02,1.450091e+01,-6.160000e+01,-1.051000e+02,3.100000e+00
-2.477648e-01,-3.304211e-02,-7.857895e-03,-2.517684e-01,-9.866011e+01,-1.643000e+02,-1.472000e+02,-1.540000e+01,2.298033e-02,8.247368e-03,-3.312368e-02,-6.471579e-02,2.102527e+01,-6.240000e+01,-1.172000e+02,5.700000e+00
-1.903775e-01,-1.135421e-01,-2.475789e-02,-1.861684e-01,-8.844318e+01,-1.370000e+02,-3.348000e+02,1.008000e+02,2.554468e-02,1.204737e-02,-3.802368e-02,-6.231579e-02,2.955772e+01,-6.400000e+01,-1.339000e+02,8.900000e+00
-2.195911e-01,-9.274211e-02,-2.248579e-01,-1.303684e-01,-8.697809e+01,-7.670000e+01,-2.989000e+02,7.310000e+01,2.747178e-02,1.434737e-02,-3.822368e-02,-5.581579e-02,3.427431e+01,-6.590000e+01,-1.424000e+02,1.180000e+01
-1.517707e-01,-9.004211e-02,-2.450579e-01,-5.316842e-02,-7.558599e+01,-5.280000e+01,-2.876000e+02,7.450000e+01,2.444834e-02,1.534737e-02,-4.222368e-02,-5.571579e-02,3.841818e+01,-7.380000e+01,-1.596000e+02,1.320000e+01
1.697220e-02,-6.104211e-02,-1.969579e-01,1.024316e-01,-2.838402e+01,-4.070000e+01,-2.358000e+02,9.870000e+01,1.955914e-02,1.874737e-02,-3.902368e-02,-5.321579e-02,4.404797e+01,-8.490000e+01,-1.786000e+02,1.820000e+01
1.733789e-01,-8.742105e-03,-1.281579e-01,2.219316e-01,-1.494512e+01,-1.191000e+02,-1.672000e+02,1.055000e+02,1.163622e-02,2.224737e-02,-3.722368e-02,-5.351579e-02,5.132255e+01,-9.110000e+01,-1.959000e+02,2.270000e+01
2.419567e-01,-4.754211e-02,-6.435789e-02,2.816316e-01,-9.483140e+00,-7.960000e+01,-9.200000e+01,6.150000e+01,3.178046e-03,2.594737e-02,-4.232368e-02,-5.671579e-02,5.625600e+01,-1.007000e+02,-2.136000e+02,2.650000e+01
3.038842e-01,-8.414211e-02,-3.325789e-02,3.505316e-01,-1.051926e+01,-8.530000e+01,-6.840000e+01,5.160000e+01,-9.067209e-03,3.054737e-02,-4.692368e-02,-6.331579e-02,5.998397e+01,-1.082000e+02,-2.317000e+02,2.600000e+01
3.775096e-01,6.045789e-02,-9.315789e-02,3.979316e-01,-2.428951e+00,-6.840000e+01,-3.150000e+01,3.820000e+01,-2.140105e-02,3.434737e-02,-5.662368e-02,-7.001579e-02,6.258467e+01,-1.148000e+02,-2.480000e+02,2.390000e+01
3.397563e-01,1.019579e-01,-1.593579e-01,3.585316e-01,-8.121459e-01,-6.300000e+01,-2.130000e+01,3.360000e+01,-3.385695e-02,3.924737e-02,-6.832368e-02,-7.701579e-02,6.214882e+01,-1.195000e+02,-2.568000e+02,2.060000e+01
3.562735e-01,4.881579e-01,-2.219579e-01,2.341316e-01,-5.213026e-02,-5.830000e+01,-1.520000e+01,3.020000e+01,-4.037679e-02,4.834737e-02,-8.962368e-02,-8.351579e-02,6.099878e+01,-1.258000e+02,-2.727000e+02,1.040000e+01
3.741488e-01,5.414579e-01,-1.950579e-01,2.164316e-01,1.379316e+00,-4.770000e+01,-3.400000e+00,2.300000e+01,-3.701767e-02,6.564737e-02,-1.226237e-01,-8.891579e-02,6.405408e+01,-1.299000e+02,-2.965000e+02,-4.300000e+00
4.132571e-01,4.693579e-01,1.434211e-02,2.132316e-01,1.832043e+00,-3.490000e+01,6.900000e+00,1.440000e+01,-1.068037e-02,1.048474e-01,-1.755237e-01,-9.941579e-02,7.106316e+01,-1.266000e+02,-3.178000e+02,-2.130000e+01
3.825197e-01,4.037579e-01,4.244211e-02,1.947316e-01,-4.506466e-01,-2.920000e+01,4.500000e+00,1.030000e+01,3.631866e-02,1.589474e-01,-2.393237e-01,-9.811579e-02,7.337592e+01,-1.194000e+02,-3.251000e+02,-4.120000e+01
2.505100e-01,3.051579e-01,8.242105e-03,9.723158e-02,7.863346e-01,-2.050000e+01,6.100000e+00,7.500000e+00,8.765993e-02,2.097474e-01,-3.185237e-01,-9.561579e-02,6.452583e+01,-1.210000e+02,-3.232000e+02,-6.280000e+01
1.342606e-01,1.763579e-01,-3.665789e-02,3.453158e-02,3.891186e-01,-1.660000e+01,7.900000e+00,4.800000e+00,1.408258e-01,2.656474e-01,-3.981237e-01,-8.501579e-02,5.753829e+01,-1.244000e+02,-3.276000e+02,-8.960000e+01
1.044689e-01,1.313579e-01,-6.995789e-02,3.063158e-02,2.635591e-01,-1.490000e+01,8.100000e+00,3.900000e+00,1.927448e-01,3.277474e-01,-4.718237e-01,-6.211579e-02,5.485439e+01,-1.240000e+02,-3.262000e+02,-1.015000e+02
8.325781e-02,9.385789e-02,-5.985789e-02,1.863158e-02,1.087918e+00,-1.270000e+01,7.900000e+00,4.000000e+00,2.400096e-01,3.959474e-01,-5.357237e-01,-2.941579e-02,4.319727e+01,-1.244000e+02,-3.089000e+02,-1.176000e+02
6.262982e-02,7.815789e-02,-4.805789e-02,-2.368421e-03,6.496062e-01,-1.060000e+01,6.500000e+00,3.100000e+00,2.772936e-01,4.759474e-01,-5.701237e-01,3.184211e-03,9.022709e+00,-1.439000e+02,-2.759000e+02,-1.245000e+02
5.681008e-02,6.645789e-02,-6.435789e-02,1.131579e-03,8.098691e-01,-8.400000e+00,7.000000e+00,2.200000e+00,3.469641e-01,5.751474e-01,-6.384237e-01,5.348421e-02,1.315728e+00,-1.310000e+02,-2.381000e+02,-1.267000e+02
3.645921e-02,4.125789e-02,-8.275789e-02,-5.468421e-03,5.212114e-01,-6.000000e+00,6.900000e+00,9.000000e-01,3.605086e-01,6.097474e-01,-6.913237e-01,1.018842e-01,2.203218e+01,-6.940000e+01,-1.685000e+02,-1.302000e+02
2.327958e-02,1.675789e-02,-7.455789e-02,-1.286842e-02,1.259469e-01,-4.600000e+00,6.500000e+00,0.000000e+00,2.788010e-01,5.149474e-01,-7.468237e-01,1.284842e-01,6.856721e+01,2.870000e+01,-8.040000e+01,-1.319000e+02
1.665758e-02,8.957895e-03,-6.105789e-02,-2.156842e-02,1.238048e-01,-4.500000e+00,6.400000e+00,0.000000e+00,2.734549e-01,5.426474e-01,-7.234237e-01,1.876842e-01,8.338853e+01,5.560000e+01,-5.920000e+01,-1.347000e+02
9.989779e-03,4.057895e-03,-4.185789e-02,-3.326842e-02,3.178045e-01,-4.200000e+00,6.400000e+00,1.000000e-01,2.422728e-01,5.525474e-01,-6.269237e-01,3.160842e-01,-1.033158e+01,1.560000e+01,7.670000e+01,-1.300000e+02
7.662583e-03,-3.421053e-04,-2.525789e-02,-3.936842e-02,-2.147082e-01,-5.400000e+00,5.500000e+00,3.000000e-01,2.026760e-01,4.921474e-01,-5.903237e-01,4.022842e-01,-5.532571e+01,1.630000e+01,1.882000e+02,-1.112000e+02
7.823996e-03,-2.342105e-03,-1.295789e-02,-4.226842e-02,6.393096e-01,-5.500000e+00,4.600000e+00,1.600000e+00,1.119493e-01,3.585474e-01,-5.614237e-01,4.306842e-01,-3.835373e+01,5.450000e+01,2.365000e+02,-1.414000e+02
8.404486e-03,-2.642105e-03,-4.857895e-03,-4.406842e-02,-4.538387e-02,-7.100000e+00,4.000000e+00,1.700000e+00,2.776594e-02,2.266474e-01,-5.313237e-01,4.448842e-01,-2.244118e+01,8.560000e+01,2.701000e+02,-1.646000e+02
9.720359e-03,-1.742105e-03,-7.578947e-04,-4.426842e-02,-1.649773e-01,-7.900000e+00,3.400000e+00,2.100000e+00,-2.748544e-02,1.140474e-01,-4.900237e-01,4.617842e-01,-9.796530e+00,1.176000e+02,3.254000e+02,-1.481000e+02
1.010167e-02,-1.842105e-03,2.942105e-03,-4.496842e-02,3.020231e-01,-7.600000e+00,3.100000e+00,2.600000e+00,-4.718977e-02,1.594737e-02,-4.757237e-01,4.803842e-01,2.638196e+00,1.434000e+02,3.736000e+02,-1.247000e+02
9.740477e-03,-3.842105e-03,8.142105e-03,-4.616842e-02,-3.532460e-01,-7.800000e+00,2.300000e+00,2.200000e+00,-1.122466e-01,-1.127526e-01,-4.112237e-01,4.648842e-01,4.182610e+00,1.502000e+02,3.959000e+02,-1.159000e+02
9.962460e-03,-4.742105e-03,1.554211e-02,-4.786842e-02,-7.531060e-03,-7.100000e+00,2.600000e+00,2.200000e+00,-1.341358e-01,-1.938526e-01,-3.442237e-01,4.295842e-01,-3.077249e+00,1.495000e+02,4.317000e+02,-1.053000e+02
9.436487e-03,-4.942105e-03,1.774211e-02,-4.906842e-02,3.697358e-01,-7.500000e+00,2.600000e+00,2.800000e+00,-6.171572e-02,-1.621526e-01,-2.588237e-01,3.964842e-01,-2.114933e+01,1.352000e+02,4.458000e+02,-1.094000e+02
8.315921e-03,-5.442105e-03,1.504211e-02,-4.926842e-02,2.386940e-01,-7.300000e+00,2.500000e+00,2.600000e+00,-1.324853e-01,-2.786526e-01,-2.341237e-01,3.227842e-01,-4.718792e+01,1.079000e+02,4.468000e+02,-1.128000e+02
8.633655e-03,-5.742105e-03,1.024211e-02,-4.726842e-02,3.941144e-01,-5.800000e+00,2.300000e+00,2.200000e+00,-2.380456e-01,-3.901526e-01,-2.734237e-01,1.737842e-01,-6.648504e+01,8.100000e+01,4.410000e+02,-1.072000e+02
8.394652e-03,-5.942105e-03,5.842105e-03,-4.606842e-02,-2.651729e-01,-5.400000e+00,1.300000e+00,1.600000e+00,-2.846463e-01,-4.281526e-01,-2.561237e-01,6.578421e-02,-6.978029e+01,6.260000e+01,4.298000e+02,-8.930000e+01
7.304706e-03,-6.242105e-03,7.421053e-04,-4.556842e-02,4.306489e-01,-5.200000e+00,1.000000e+00,2.400000e+00,-2.512228e-01,-3.925526e-01,-2.411237e-01,1.438421e-02,-6.597265e+01,5.530000e+01,4.214000e+02,-7.550000e+01
6.904479e-03,-6.842105e-03,-3.057895e-03,-4.456842e-02,5.298254e-01,-4.600000e+00,1.500000e+00,2.100000e+00,-2.270232e-01,-3.607526e-01,-2.314237e-01,-3.161579e-02,-4.894971e+01,4.190000e+01,3.986000e+02,-4.030000e+01
6.273065e-03,-7.142105e-03,-5.557895e-03,-4.436842e-02,5.672655e-01,-4.300000e+00,6.000000e-01,2.300000e+00,-2.293691e-01,-3.517526e-01,-2.427237e-01,-8.531579e-02,-2.297030e+01,2.460000e+01,3.724000e+02,7.000000e+00
6.253211e-03,-8.042105e-03,-7.257895e-03,-4.346842e-02,9.993288e-01,-3.400000e+00,3.000000e-01,2.500000e+00,-2.464029e-01,-3.658526e-01,-2.528237e-01,-1.335158e-01,1.135792e+01,5.000000e+00,3.389000e+02,6.200000e+01
5.568614e-03,-8.342105e-03,-1.025789e-02,-4.316842e-02,8.537699e-01,-2.800000e+00,-4.000000e-01,2.300000e+00,-2.309437e-01,-3.629526e-01,-2.754237e-01,-1.532158e-01,4.810475e+01,-1.240000e+01,3.083000e+02,1.150000e+02
5.229826e-03,-8.842105e-03,-1.395789e-02,-4.216842e-02,7.542266e-01,-2.300000e+00,-8.000000e-01,2.100000e+00,-1.762874e-01,-3.303526e-01,-3.024237e-01,-1.431158e-01,7.361548e+01,-2.800000e+01,2.892000e+02,1.522000e+02
5.270762e-03,-9.442105e-03,-1.645789e-02,-4.106842e-02,1.042787e+00,-1.100000e+00,-1.400000e+00,2.100000e+00,-9.286101e-02,-2.747526e-01,-3.344237e-01,-1.088158e-01,8.725041e+01,-3.780000e+01,2.796000e+02,1.721000e+02
6.366911e-03,-9.942105e-03,-1.845789e-02,-3.896842e-02,9.654784e-01,-4.000000e-01,-2.000000e+00,1.900000e+00,5.073822e-03,-2.094526e-01,-3.708237e-01,-5.691579e-02,9.113535e+01,-3.880000e+01,2.764000e+02,1.770000e+02
6.136087e-03,-1.044211e-02,-2.015789e-02,-3.846842e-02,4.892932e-01,-1.000000e+00,-3.200000e+00,2.000000e+00,9.833264e-02,-1.429526e-01,-3.990237e-01,-8.157895e-04,9.641532e+01,-3.590000e+01,2.701000e+02,1.809000e+02
5.508328e-03,-1.024211e-02,-2.105789e-02,-3.896842e-02,7.286714e-01,1.000000e-01,-4.800000e+00,2.300000e+00,1.812491e-01,-7.835263e-02,-4.080237e-01,5.778421e-02,9.609128e+01,-3.760000e+01,2.642000e+02,1.803000e+02
6.240158e-03,-1.064211e-02,-2.065789e-02,-3.806842e-02,2.183912e-01,5.000000e-01,-5.600000e+00,1.800000e+00,2.525922e-01,-1.745263e-02,-3.988237e-01,1.185842e-01,9.379078e+01,-4.010000e+01,2.578000e+02,1.774000e+02
5.346898e-03,-1.024211e-02,-2.055789e-02,-3.926842e-02,4.567136e-02,5.000000e-01,-5.900000e+00,1.700000e+00,3.168964e-01,4.334737e-02,-3.778237e-01,1.838842e-01,8.582632e+01,-4.790000e+01,2.523000e+02,1.697000e+02
5.335764e-03,-1.034211e-02,-1.975789e-02,-3.946842e-02,4.579829e-01,-2.000000e-01,-6.600000e+00,2.700000e+00,3.753083e-01,1.072474e-01,-3.508237e-01,2.533842e-01,7.268942e+01,-5.650000e+01,2.504000e+02,1.572000e+02
5.353938e-03,-1.004211e-02,-1.845789e-02,-3.996842e-02,4.559227e-01,-2.000000e-01,-6.600000e+00,2.700000e+00,4.168866e-01,1.672474e-01,-3.224237e-01,3.164842e-01,7.249648e+01,-5.650000e+01,2.504000e+02,1.572000e+02
5.770294e-03,-9.642105e-03,-1.585789e-02,-4.046842e-02,8.302443e-01,-7.000000e-01,-7.700000e+00,3.700000e+00,4.516698e-01,2.429474e-01,-3.034237e-01,3.787842e-01,4.495370e+01,-6.500000e+01,2.559000e+02,1.309000e+02
5.943647e-03,-9.542105e-03,-1.275789e-02,-4.126842e-02,6.253756e-01,-1.400000e+00,-8.700000e+00,4.100000e+00,4.670946e-01,3.171474e-01,-2.929237e-01,4.299842e-01,2.644924e+01,-6.070000e+01,2.608000e+02,1.130000e+02
5.690930e-03,-8.842105e-03,-8.857895e-03,-4.306842e-02,4.795219e-01,-1.300000e+00,-1.060000e+01,4.500000e+00,4.538685e-01,3.919474e-01,-2.811237e-01,4.625842e-01,1.032198e+01,-5.400000e+01,2.617000e+02,9.650000e+01
4.998500e-03,-8.142105e-03,-4.657895e-03,-4.546842e-02,4.712976e-01,-1.300000e+00,-1.060000e+01,4.500000e+00,4.100225e-01,4.759474e-01,-2.650237e-01,4.732842e-01,-3.061530e+00,-4.830000e+01,2.494000e+02,7.860000e+01
4.848162e-03,-7.642105e-03,-7.578947e-04,-4.706842e-02,4.622452e-01,-1.300000e+00,-1.060000e+01,4.500000e+00,3.371445e-01,5.743474e-01,-2.479237e-01,4.605842e-01,-1.333844e+01,-5.030000e+01,2.281000e+02,6.010000e+01
5.427910e-03,-7.542105e-03,2.242105e-03,-4.736842e-02,4.528610e-01,-1.300000e+00,-1.060000e+01,4.500000e+00,2.384753e-01,6.842474e-01,-2.337237e-01,4.230842e-01,-1.708667e+01,-5.620000e+01,1.986000e+02,4.470000e+01
4.959637e-03,-7.042105e-03,4.042105e-03,-4.866842e-02,4.433673e-01,-1.300000e+00,-1.060000e+01,4.500000e+00,1.108928e-01,8.055474e-01,-2.192237e-01,3.608842e-01,-1.547599e+01,-5.960000e+01,1.829000e+02,4.010000e+01
5.735982e-03,-6.942105e-03,5.242105e-03,-4.816842e-02,4.338586e-01,-1.300000e+00,-1.060000e+01,4.500000e+00,-3.754644e-02,9.332474e-01,-2.025237e-01,2.741842e-01,-6.210198e+00,-6.830000e+01,1.445000e+02,3.370000e+01
5.751314e-03,-6.642105e-03,6.242105e-03,-4.856842e-02,4.244823e-01,-1.300000e+00,-1.060000e+01,4.500000e+00,-2.026734e-01,1.064047e+00,-1.832237e-01,1.641842e-01,9.125350e+00,-7.920000e+01,1.059000e+02,3.270000e+01
1.242191e-02,-7.542105e-03,4.442105e-03,-3.966842e-02,-3.794821e+00,-1.080000e+01,-4.050000e+01,1.370000e+01,-3.760128e-01,1.202047e+00,-1.543237e-01,4.298421e-02,2.550469e+01,-8.760000e+01,7.030000e+01,3.410000e+01
2.272512e-02,-7.042105e-03,-2.757895e-03,-2.536842e-02,-5.526842e+00,-9.200000e+00,-4.840000e+01,1.350000e+01,-5.551344e-01,1.317147e+00,-1.062237e-01,-9.331579e-02,4.093061e+01,-8.750000e+01,3.340000e+01,3.570000e+01
3.273376e-02,-6.442105e-03,-9.657895e-03,-1.146842e-02,-5.516134e+00,-9.200000e+00,-4.840000e+01,1.350000e+01,-7.231521e-01,1.416047e+00,-5.052368e-02,-2.284158e-01,4.923639e+01,-8.000000e+01,3.200000e+00,3.390000e+01
4.263099e-02,-4.442105e-03,-1.615789e-02,1.831579e-03,-1.184656e+01,-7.500000e+00,-6.690000e+01,1.120000e+01,-8.719218e-01,1.497347e+00,7.276316e-03,-3.491158e-01,4.967433e+01,-6.800000e+01,-6.900000e+00,3.340000e+01
5.288826e-02,-2.342105e-03,-2.045789e-02,1.513158e-02,-1.606793e+01,-1.170000e+01,-7.810000e+01,1.190000e+01,-9.192474e-01,1.548947e+00,-1.023684e-03,-4.147158e-01,4.598997e+01,5.330000e+01,-6.880000e+01,3.570000e+01
6.032447e-02,3.357895e-03,-3.055789e-02,2.533158e-02,-2.095373e+01,-1.680000e+01,-8.430000e+01,1.070000e+01,-1.024738e+00,1.664047e+00,4.447632e-02,-5.403158e-01,9.270158e+01,8.650000e+01,-1.703000e+02,5.110000e+01
7.276596e-02,1.557895e-03,-3.185789e-02,4.313158e-02,-2.670971e+01,-2.350000e+01,-9.480000e+01,1.070000e+01,-1.165571e+00,1.661047e+00,1.584763e-01,-7.081158e-01,1.385671e+02,3.140000e+01,-1.831000e+02,8.280000e+01
8.834377e-02,2.557895e-03,-3.115789e-02,6.363158e-02,-2.742753e+01,-2.230000e+01,-1.132000e+02,1.480000e+01,-9.772445e-01,1.263047e+00,3.131763e-01,-6.355158e-01,1.758856e+02,-1.380000e+01,-3.713000e+02,3.400000e+01
1.044932e-01,2.457895e-03,-2.855789e-02,8.653158e-02,-3.489249e+01,-2.960000e+01,-1.367000e+02,1.720000e+01,-6.576746e-01,1.100547e+00,2.255763e-01,-4.643158e-01,9.228118e+01,-5.060000e+01,-3.814000e+02,-6.760000e+01
1.158677e-01,-2.542105e-03,-2.405789e-02,1.085316e-01,-3.946217e+01,-3.610000e+01,-1.604000e+02,2.270000e+01,-3.778631e-01,1.093647e+00,2.585763e-01,-2.384158e-01,6.139768e+01,5.360000e+01,-2.968000e+02,-5.640000e+01
1.213816e-01,-4.242105e-03,-2.385789e-02,1.260316e-01,-3.974746e+01,-3.680000e+01,-1.885000e+02,3.110000e+01,-2.984123e-01,1.011547e+00,4.216763e-01,-1.573158e-01,5.888870e+01,8.300000e+00,-2.502000e+02,-4.060000e+01
1.186974e-01,-7.742105e-03,-2.275789e-02,1.386316e-01,-4.738282e+01,-4.390000e+01,-2.196000e+02,3.550000e+01,-1.305306e-01,8.653474e-01,4.178763e-01,-2.961579e-02,2.118697e+01,-1.840000e+01,-2.199000e+02,-6.800000e+01
1.116040e-01,-1.354211e-02,-7.357895e-03,1.476316e-01,-4.951766e+01,-4.590000e+01,-2.355000e+02,3.880000e+01,3.781732e-02,7.124474e-01,4.250763e-01,1.242842e-01,-1.254603e+01,-9.800000e+00,-1.825000e+02,-8.940000e+01
9.997094e-02,-2.034211e-02,9.342105e-03,1.582316e-01,-4.685426e+01,-5.110000e+01,-2.642000e+02,5.460000e+01,1.208692e-01,5.577474e-01,4.304763e-01,2.055842e-01,-7.085051e+00,-3.780000e+01,-1.671000e+02,-7.360000e+01
8.139587e-02,-2.784211e-02,2.634211e-02,1.697316e-01,-4.241918e+01,-5.400000e+01,-2.978000e+02,7.250000e+01,1.438423e-01,4.078474e-01,4.321763e-01,2.320842e-01,2.724579e+00,-3.670000e+01,-1.701000e+02,-6.400000e+01
5.846304e-02,-3.384211e-02,4.564211e-02,1.856316e-01,-2.912277e+01,-4.700000e+01,-3.312000e+02,9.360000e+01,2.789579e-01,1.838474e-01,3.365763e-01,3.627842e-01,2.337706e+01,4.670000e+01,-1.680000e+02,-5.560000e+01
4.017159e-02,-1.614211e-02,5.324211e-02,1.985316e-01,-1.375532e+01,-3.500000e+01,-3.595000e+02,1.110000e+02,5.807342e-01,1.272474e-01,1.125763e-01,6.005842e-01,3.347939e+01,8.510000e+01,-1.661000e+02,-5.200000e+01
4.619544e-02,3.685789e-02,5.794211e-02,2.163316e-01,1.166501e-01,-1.720000e+01,-3.775000e+02,1.159000e+02,6.922763e-01,4.877474e-01,-2.852368e-02,5.637842e-01,4.933841e+00,8.700000e+01,-4.910000e+01,-3.690000e+01
9.876484e-02,1.421579e-01,6.054211e-02,2.399316e-01,1.873287e+01,8.700000e+00,-3.642000e+02,1.087000e+02,5.711578e-01,4.896474e-01,5.057632e-02,4.496842e-01,1.001205e+01,7.440000e+01,-4.900000e+01,-2.800000e+01
1.422220e-01,2.363579e-01,6.394211e-02,2.618316e-01,2.981859e+01,2.040000e+01,-3.548000e+02,1.089000e+02,4.149434e-01,3.397474e-01,8.676316e-03,2.990842e-01,6.366838e+00,5.750000e+01,-2.850000e+01,-1.980000e+01
1.617881e-01,3.015579e-01,7.864211e-02,2.852316e-01,4.956846e+01,3.860000e+01,-3.397000e+02,1.136000e+02,4.467532e-01,2.487474e-01,-1.972237e-01,2.854842e-01,1.576507e+00,4.820000e+01,-1.650000e+01,-1.820000e+01
1.410964e-01,3.274579e-01,9.074211e-02,3.032316e-01,6.773993e+01,5.660000e+01,-3.250000e+02,1.149000e+02,3.999515e-01,2.193474e-01,-2.160237e-01,2.358842e-01,-1.298604e+00,3.370000e+01,-5.700000e+00,-1.340000e+01
1.093884e-01,3.491579e-01,6.644211e-02,3.179316e-01,9.323113e+01,8.070000e+01,-3.148000e+02,1.213000e+02,3.327097e-01,1.949474e-01,-2.284237e-01,1.647842e-01,1.446600e+00,2.360000e+01,-5.600000e+00,-7.400000e+00
7.014169e-02,3.680579e-01,5.484211e-02,3.183316e-01,9.971600e+01,8.290000e+01,-3.012000e+02,1.325000e+02,3.251991e-01,1.761474e-01,-2.458237e-01,1.561842e-01,9.998078e-01,1.870000e+01,-1.900000e+00,-5.200000e+00
4.708809e-02,3.964579e-01,4.284211e-02,3.410316e-01,9.001502e+01,7.090000e+01,-2.763000e+02,1.348000e+02,3.111776e-01,1.617474e-01,-2.004237e-01,1.599842e-01,2.519901e+00,1.090000e+01,-3.400000e+00,-1.700000e+00
2.713667e-02,4.218579e-01,-5.157895e-03,3.179316e-01,1.367757e+02,1.234000e+02,-1.919000e+02,1.022000e+02,2.607211e-01,1.414474e-01,-1.180237e-01,1.377842e-01,2.472360e+00,3.700000e+00,-4.100000e+00,2.000000e-01
1.651277e-02,4.355579e-01,8.634211e-02,3.264316e-01,7.994401e+01,7.690000e+01,-1.404000e+02,3.700000e+01,1.359547e-01,5.944737e-02,1.897632e-02,7.138421e-02,2.605412e+00,-6.000000e-01,-5.800000e+00,1.100000e+00
4.667175e-02,4.428579e-01,2.475421e-01,3.799316e-01,-6.833388e+01,-5.630000e+01,1.910000e+01,-8.070000e+01,8.779671e-02,-5.935263e-02,2.147632e-02,5.598421e-02,2.646067e+00,-4.300000e+00,-7.000000e+00,1.900000e+00
-8.053043e-02,2.848579e-01,3.226421e-01,3.659316e-01,-1.356148e+02,-1.207000e+02,8.340000e+01,-1.136000e+02,6.467341e-02,-6.455263e-02,3.667632e-02,3.708421e-02,2.386299e+00,-5.700000e+00,-6.900000e+00,2.100000e+00
-2.715974e-01,7.005789e-02,3.355421e-01,3.199316e-01,-1.543714e+02,-1.395000e+02,7.850000e+01,-1.138000e+02,3.955519e-02,-8.345263e-02,4.007632e-02,1.638421e-02,1.422556e+00,-6.700000e+00,-7.100000e+00,1.300000e+00
-3.963787e-01,-7.194211e-02,2.745421e-01,2.788316e-01,-1.050445e+02,-9.070000e+01,7.710000e+01,-1.052000e+02,2.607021e-02,-9.245263e-02,6.527632e-02,1.288421e-02,1.742720e+00,-6.000000e+00,-8.100000e+00,1.100000e+00
-4.317227e-01,-1.310421e-01,2.107421e-01,2.586316e-01,-2.049159e+01,-8.300000e+00,1.133000e+02,-9.750000e+01,1.498306e-02,-9.885263e-02,5.977632e-02,6.842105e-04,1.105595e+00,-2.100000e+00,-7.600000e+00,-7.000000e-01
-4.405418e-01,-1.726421e-01,2.015421e-01,2.478316e-01,2.017193e+01,2.870000e+01,1.390000e+02,-8.660000e+01,8.564347e-03,-1.039526e-01,3.487632e-02,-1.341579e-02,-4.523498e-01,1.200000e+00,-2.900000e+00,-1.900000e+00
-4.410905e-01,-2.171421e-01,2.154421e-01,2.405316e-01,6.511718e+01,6.290000e+01,1.914000e+02,-6.140000e+01,5.091505e-03,-1.098526e-01,2.027632e-02,-2.041579e-02,-1.724026e-01,3.400000e+00,-3.100000e+00,-2.400000e+00
-4.465718e-01,-2.651421e-01,2.474421e-01,2.024316e-01,6.672979e+01,5.140000e+01,2.340000e+02,-3.610000e+01,3.663886e-03,-1.110526e-01,1.287632e-02,-2.421579e-02,-2.228924e-01,4.400000e+00,-2.800000e+00,-2.700000e+00
-4.223730e-01,-3.030421e-01,3.144421e-01,2.012316e-01,5.593718e+01,2.870000e+01,2.661000e+02,-1.740000e+01,2.966072e-03,-1.107526e-01,8.676316e-03,-2.661579e-02,-3.100765e-01,3.900000e+00,-5.000000e+00,-3.400000e+00
-4.235338e-01,-3.323421e-01,2.320421e-01,1.603316e-01,5.470096e+01,2.160000e+01,2.894000e+02,-1.210000e+01,6.290887e-04,-1.113526e-01,3.676316e-03,-3.081579e-02,-9.454268e-01,1.800000e+00,-5.000000e+00,-3.400000e+00
-4.818139e-01,-3.835421e-01,7.604211e-02,6.293158e-02,6.372812e+01,3.090000e+01,3.086000e+02,-1.720000e+01,1.723572e-04,-1.097526e-01,-5.236842e-04,-3.341579e-02,-6.868194e-01,1.600000e+00,-6.000000e+00,-3.400000e+00
-4.014485e-01,-3.119421e-01,1.304211e-02,2.163158e-02,7.365909e+01,4.380000e+01,3.196000e+02,-2.370000e+01,-3.114214e-04,-1.090526e-01,-2.923684e-03,-3.511579e-02,-1.172721e+00,1.100000e+00,-5.200000e+00,-3.500000e+00
-2.408899e-01,-1.627421e-01,1.834211e-02,1.003158e-02,7.604282e+01,4.780000e+01,3.228000e+02,-2.680000e+01,-1.230948e-03,-1.086526e-01,-2.236842e-04,-3.541579e-02,-1.860940e+00,2.000000e+00,-5.500000e+00,-4.700000e+00
-1.229180e-01,-5.694211e-02,9.944211e-02,-1.616842e-02,7.501815e+01,5.040000e+01,3.230000e+02,-3.280000e+01,-1.019798e-03,-1.087526e-01,8.376316e-03,-3.221579e-02,-2.277985e+00,8.000000e-01,-6.500000e+00,-5.100000e+00
-5.495854e-02,7.457895e-03,1.910421e-01,-5.776842e-02,6.511840e+01,4.560000e+01,3.135000e+02,-4.080000e+01,1.281014e-03,-1.093526e-01,1.687632e-02,-2.651579e-02,-2.050709e+00,-2.400000e+00,-8.200000e+00,-4.300000e+00
-1.011697e-02,6.305789e-02,2.440421e-01,-9.936842e-02,5.419108e+01,4.270000e+01,2.956000e+02,-4.990000e+01,2.632257e-03,-1.087526e-01,2.467632e-02,-2.251579e-02,-2.010430e+00,-3.500000e+00,-8.600000e+00,-4.000000e+00
3.345746e-02,1.272579e-01,2.537421e-01,-1.262684e-01,4.713624e+01,4.640000e+01,2.786000e+02,-5.980000e+01,3.500792e-03,-1.068526e-01,2.507632e-02,-2.211579e-02,-2.522206e+00,-5.900000e+00,-8.900000e+00,-3.800000e+00
7.103852e-02,1.900579e-01,2.410421e-01,-1.418684e-01,4.451991e+01,5.590000e+01,2.601000e+02,-6.750000e+01,4.378837e-03,-1.030526e-01,2.237632e-02,-2.351579e-02,-1.702214e+00,-5.500000e+00,-1.080000e+01,-3.700000e+00
1.039754e-01,2.452579e-01,2.321421e-01,-1.485684e-01,4.049905e+01,6.220000e+01,2.445000e+02,-7.410000e+01,4.850904e-03,-1.006526e-01,2.037632e-02,-2.461579e-02,-1.860222e+00,-5.900000e+00,-9.600000e+00,-3.300000e+00
1.317521e-01,2.876579e-01,2.368421e-01,-1.488684e-01,3.841704e+01,6.460000e+01,2.359000e+02,-7.650000e+01,6.302823e-03,-9.735263e-02,2.017632e-02,-2.431579e-02,-1.421678e+00,-5.500000e+00,-1.000000e+01,-3.100000e+00
1.566891e-01,3.199579e-01,2.445421e-01,-1.414684e-01,3.257756e+01,6.520000e+01,2.205000e+02,-7.970000e+01,7.566061e-03,-9.545263e-02,2.267632e-02,-2.271579e-02,-1.647141e+00,-4.300000e+00,-9.400000e+00,-3.600000e+00
1.766907e-01,3.435579e-01,2.404421e-01,-1.265684e-01,2.640621e+01,6.510000e+01,2.089000e+02,-8.370000e+01,1.005250e-02,-9.345263e-02,2.527632e-02,-1.971579e-02,-1.018121e+00,-4.800000e+00,-1.190000e+01,-3.600000e+00
1.947226e-01,3.616579e-01,2.227421e-01,-1.024684e-01,2.390906e+01,6.720000e+01,2.007000e+02,-8.540000e+01,1.110579e-02,-9.065263e-02,2.877632e-02,-1.831579e-02,-8.794819e-01,-4.100000e+00,-1.130000e+01,-3.500000e+00
2.085376e-01,3.730579e-01,1.981421e-01,-7.396842e-02,2.317247e+01,6.720000e+01,1.955000e+02,-8.460000e+01,1.318205e-02,-8.815263e-02,2.737632e-02,-1.741579e-02,-1.025630e+00,-5.100000e+00,-1.330000e+01,-4.000000e+00
2.183579e-01,3.798579e-01,1.676421e-01,-4.296842e-02,2.434217e+01,6.500000e+01,1.885000e+02,-7.950000e+01,1.387877e-02,-8.645263e-02,2.827632e-02,-1.691579e-02,-1.629934e+00,-4.800000e+00,-1.300000e+01,-4.700000e+00
2.255777e-01,3.818579e-01,1.404421e-01,-1.196842e-02,2.740041e+01,6.380000e+01,1.852000e+02,-7.410000e+01,1.481761e-02,-8.485263e-02,2.717632e-02,-1.681579e-02,-9.607886e-01,-7.000000e+00,-1.480000e+01,-3.700000e+00
2.307802e-01,3.811579e-01,1.148421e-01,1.853158e-02,2.599901e+01,6.040000e+01,1.771000e+02,-7.090000e+01,1.583631e-02,-8.325263e-02,2.767632e-02,-1.601579e-02,6.852009e-03,-5.000000e+00,-1.770000e+01,-4.500000e+00
2.349095e-01,3.792579e-01,8.754211e-02,5.023158e-02,2.791115e+01,5.890000e+01,1.725000e+02,-6.610000e+01,1.826975e-02,-8.315263e-02,2.817632e-02,-1.291579e-02,1.016140e+00,-5.600000e+00,-2.040000e+01,-4.100000e+00
2.376451e-01,3.761579e-01,5.734211e-02,8.353158e-02,2.997356e+01,6.000000e+01,1.714000e+02,-6.360000e+01,2.054181e-02,-8.185263e-02,2.717632e-02,-1.101579e-02,2.260739e-01,-6.800000e+00,-2.280000e+01,-5.400000e+00
2.357136e-01,3.748579e-01,2.604211e-02,1.132316e-01,3.269370e+01,6.150000e+01,1.729000e+02,-6.160000e+01,2.395506e-02,-8.155263e-02,2.747632e-02,-6.815789e-03,1.293308e+00,-6.000000e+00,-2.460000e+01,-5.200000e+00
2.282732e-01,3.739579e-01,-2.657895e-03,1.370316e-01,3.452607e+01,5.970000e+01,1.733000e+02,-5.910000e+01,2.819565e-02,-8.055263e-02,2.497632e-02,-2.915789e-03,1.345172e+00,-6.800000e+00,-3.040000e+01,-7.000000e+00
2.163507e-01,3.758579e-01,-2.545789e-02,1.534316e-01,3.503257e+01,5.540000e+01,1.703000e+02,-5.590000e+01,2.982738e-02,-8.015263e-02,1.937632e-02,-2.815789e-03,-4.105346e+00,-1.480000e+01,-3.500000e+01,-1.150000e+01
1.982770e-01,3.819579e-01,-4.485789e-02,1.617316e-01,3.546342e+01,5.340000e+01,1.679000e+02,-5.370000e+01,3.882288e-02,-8.155263e-02,1.767632e-02,8.384211e-03,-3.058289e-01,-1.210000e+01,-4.160000e+01,-1.090000e+01
1.759285e-01,3.981579e-01,-6.615789e-02,1.655316e-01,3.442518e+01,5.000000e+01,1.618000e+02,-5.110000e+01,3.981318e-02,-7.905263e-02,1.637632e-02,8.684211e-03,-7.663128e-01,-1.600000e+01,-4.710000e+01,-1.180000e+01
1.485125e-01,4.233579e-01,-8.305789e-02,1.617316e-01,3.378893e+01,4.780000e+01,1.565000e+02,-4.870000e+01,4.567716e-02,-7.755263e-02,1.427632e-02,1.498421e-02,2.920985e+00,-1.350000e+01,-5.640000e+01,-1.240000e+01
1.139509e-01,4.585579e-01,-9.935789e-02,1.495316e-01,3.129842e+01,4.360000e+01,1.466000e+02,-4.580000e+01,4.972280e-02,-7.535263e-02,1.417632e-02,1.968421e-02,4.053586e+00,-1.550000e+01,-5.890000e+01,-1.110000e+01
6.774285e-02,5.024579e-01,-1.166579e-01,1.248316e-01,2.690202e+01,3.500000e+01,1.362000e+02,-4.440000e+01,5.628557e-02,-6.985263e-02,1.197632e-02,2.498421e-02,1.517850e+01,-2.700000e+00,-6.820000e+01,-8.100000e+00
8.369702e-03,5.531579e-01,-1.355579e-01,8.533158e-02,2.142769e+01,2.410000e+01,1.205000e+02,-4.140000e+01,5.737305e-02,-7.235263e-02,2.376316e-03,2.518421e-02,1.467018e+01,-3.400000e+00,-7.440000e+01,-1.090000e+01
-6.354862e-02,6.125579e-01,-1.588579e-01,3.243158e-02,1.272966e+01,1.390000e+01,1.009000e+02,-4.020000e+01,6.255939e-02,-6.605263e-02,9.763158e-04,2.948421e-02,1.503847e+01,-9.400000e+00,-8.740000e+01,-1.260000e+01
-1.472348e-01,6.820579e-01,-1.884579e-01,-3.016842e-02,6.992118e+00,8.800000e+00,9.030000e+01,-4.080000e+01,6.509665e-02,-6.215263e-02,2.076316e-03,3.338421e-02,1.907165e+01,-8.700000e+00,-9.850000e+01,-1.270000e+01
-2.382363e-01,7.605579e-01,-2.228579e-01,-1.010684e-01,-9.334455e+00,-3.100000e+00,6.540000e+01,-4.570000e+01,6.494920e-02,-5.785263e-02,5.976316e-03,3.568421e-02,2.146574e+01,-1.360000e+01,-1.132000e+02,-1.310000e+01
-3.330202e-01,8.481579e-01,-2.644579e-01,-1.756684e-01,-2.659183e+01,-1.180000e+01,3.930000e+01,-5.120000e+01,6.531287e-02,-5.205263e-02,1.367632e-02,4.018421e-02,2.517315e+01,-1.580000e+01,-1.272000e+02,-1.310000e+01
-4.315831e-01,9.415579e-01,-3.107579e-01,-2.546684e-01,-4.236254e+01,-1.630000e+01,1.840000e+01,-5.790000e+01,5.895156e-02,-4.425263e-02,1.607632e-02,3.318421e-02,2.375862e+01,-2.170000e+01,-1.317000e+02,-1.310000e+01
-5.198828e-01,1.040758e+00,-3.334579e-01,-3.466684e-01,-5.335039e+01,-4.530000e+01,-2.290000e+01,-4.880000e+01,5.741356e-02,-3.905263e-02,1.797632e-02,3.478421e-02,2.418315e+01,-2.670000e+01,-1.448000e+02,-1.500000e+01
-6.232477e-01,1.171758e+00,-3.742579e-01,-4.658684e-01,-6.870039e+01,-6.450000e+01,-8.410000e+01,-3.450000e+01,5.088606e-02,-3.275263e-02,1.987632e-02,3.008421e-02,2.225148e+01,-3.260000e+01,-1.526000e+02,-1.690000e+01
-7.168894e-01,1.377358e+00,-4.187579e-01,-5.879684e-01,-6.871663e+01,-8.490000e+01,-1.102000e+02,-2.120000e+01,4.467644e-02,-2.515263e-02,1.987632e-02,2.508421e-02,2.139256e+01,-3.870000e+01,-1.642000e+02,-1.890000e+01
-8.257750e-01,1.333158e+00,-5.035579e-01,-7.352684e-01,-8.137165e+01,-1.241000e+02,-1.891000e+02,4.000000e+00,3.288923e-02,-2.325263e-02,2.457632e-02,2.108421e-02,2.215363e+01,-4.620000e+01,-1.810000e+02,-2.000000e+01
-6.571590e-01,1.210058e+00,-5.749579e-01,-6.097684e-01,-6.144445e+01,-3.190000e+01,-3.062000e+02,7.440000e+01,2.626951e-02,-1.305263e-02,3.837632e-02,2.458421e-02,2.148409e+01,-5.870000e+01,-1.993000e+02,-1.950000e+01
-3.496651e-01,1.234258e+00,-4.901579e-01,-4.039684e-01,-5.377697e+01,-8.000000e+00,-2.916000e+02,7.330000e+01,1.402844e-02,-1.315263e-02,4.837632e-02,3.048421e-02,2.441996e+01,-6.280000e+01,-2.129000e+02,-1.860000e+01
-1.928471e-01,1.243358e+00,-4.910579e-01,-3.078684e-01,-2.537132e+01,-3.930000e+01,-2.257000e+02,8.060000e+01,2.708088e-03,-1.155263e-02,4.277632e-02,3.258421e-02,2.922812e+01,-6.900000e+01,-2.377000e+02,-1.890000e+01
-9.144237e-02,1.199958e+00,-5.174579e-01,-2.256684e-01,-3.460207e+01,1.350000e+01,-1.838000e+02,3.960000e+01,-1.462599e-02,-1.265263e-02,3.607632e-02,3.498421e-02,3.000103e+01,-7.920000e+01,-2.739000e+02,-2.790000e+01
4.350330e-02,1.104658e+00,-4.385579e-01,-1.238684e-01,-1.992826e+01,4.900000e+00,-1.476000e+02,4.210000e+01,-3.613412e-02,-1.305263e-02,3.167632e-02,4.118421e-02,3.182314e+01,-9.100000e+01,-3.109000e+02,-3.410000e+01
1.549757e-01,9.951579e-01,-3.586579e-01,-3.636842e-02,-1.245972e+01,-1.000000e+01,-1.395000e+02,5.130000e+01,-5.979161e-02,-1.125263e-02,2.807632e-02,5.578421e-02,3.430097e+01,-1.046000e+02,-3.515000e+02,-3.930000e+01
2.736616e-01,9.160579e-01,-2.522579e-01,4.673158e-02,-1.155968e+01,-4.680000e+01,-1.204000e+02,5.600000e+01,-7.603468e-02,3.747368e-03,1.677632e-02,7.978421e-02,3.965665e+01,-1.150000e+02,-3.967000e+02,-4.720000e+01
3.518058e-01,7.446579e-01,-1.985579e-01,1.551316e-01,-5.136883e+00,-5.790000e+01,-7.880000e+01,4.930000e+01,-6.439011e-02,5.064737e-02,-9.223684e-03,1.173842e-01,3.494109e+01,-1.257000e+02,-4.178000e+02,-5.680000e+01
4.108609e-01,5.014579e-01,-1.645579e-01,2.888316e-01,-3.845921e+00,-6.290000e+01,-5.790000e+01,4.390000e+01,-1.460408e-02,1.336474e-01,-5.772368e-02,1.727842e-01,2.622240e+01,-1.316000e+02,-4.132000e+02,-6.210000e+01
5.941162e-01,4.985579e-01,-6.945789e-02,4.547316e-01,-1.490395e+00,-5.190000e+01,-2.780000e+01,3.010000e+01,4.089898e-02,2.174474e-01,-1.406237e-01,2.322842e-01,2.395779e+01,-1.231000e+02,-4.095000e+02,-8.930000e+01
5.661155e-01,5.641579e-01,2.014211e-02,3.571316e-01,-4.065507e+00,-4.030000e+01,-1.060000e+01,1.580000e+01,7.764007e-02,2.873474e-01,-2.388237e-01,2.880842e-01,2.801850e+01,-1.068000e+02,-4.013000e+02,-1.212000e+02
3.562167e-01,4.468579e-01,-4.725789e-02,1.873316e-01,-4.552165e+00,-3.030000e+01,-8.700000e+00,1.050000e+01,9.470095e-02,3.472474e-01,-3.499237e-01,3.343842e-01,1.344436e+01,-1.096000e+02,-3.856000e+02,-1.596000e+02
2.828995e-01,3.332579e-01,-6.357895e-03,1.330316e-01,-4.366195e+00,-2.580000e+01,-6.000000e+00,7.900000e+00,9.737539e-02,4.086474e-01,-4.547237e-01,3.843842e-01,-3.021156e+01,-1.401000e+02,-3.519000e+02,-1.974000e+02
2.527146e-01,2.611579e-01,6.654211e-02,1.006316e-01,-5.454377e+00,-2.270000e+01,-4.600000e+00,4.900000e+00,1.253117e-01,4.991474e-01,-5.651237e-01,4.391842e-01,-6.715400e+00,-9.770000e+01,-2.996000e+02,-2.141000e+02
1.928103e-01,2.279579e-01,3.344211e-02,5.733158e-02,-4.568404e+00,-2.070000e+01,-2.900000e+00,4.500000e+00,1.183233e-01,5.587474e-01,-6.666237e-01,5.000842e-01,1.045531e+01,-6.670000e+01,-2.545000e+02,-2.064000e+02
1.543153e-01,1.988579e-01,4.210526e-05,3.703158e-02,-2.162030e+00,-1.320000e+01,8.000000e-01,2.800000e+00,2.255400e-02,5.020474e-01,-7.502237e-01,5.340842e-01,4.412434e+01,-2.000000e-01,-1.358000e+02,-1.749000e+02
1.023684e-01,1.270579e-01,-7.485789e-02,3.413158e-02,-1.316837e+00,-8.200000e+00,2.700000e+00,1.000000e+00,-1.831647e-02,4.597474e-01,-8.685237e-01,5.523842e-01,3.282151e+01,1.570000e+01,-5.220000e+01,-7.320000e+01
9.862501e-02,1.089579e-01,-7.475789e-02,3.703158e-02,-2.890499e-01,-5.000000e+00,2.800000e+00,8.000000e-01,3.459386e-02,4.775474e-01,-8.887237e-01,6.257842e-01,-1.533476e+01,9.600000e+00,1.040000e+02,3.990000e+01
8.383907e-02,8.065789e-02,-4.985789e-02,2.313158e-02,3.480439e-01,-2.200000e+00,3.800000e+00,0.000000e+00,-5.503122e-02,3.206474e-01,-9.613237e-01,6.458842e-01,3.111031e+01,6.190000e+01,1.212000e+02,5.180000e+01
6.520035e-02,5.255789e-02,-4.105789e-02,1.053158e-02,4.004708e-01,-7.000000e-01,3.600000e+00,-5.000000e-01,-2.020515e-01,1.185474e-01,-9.506237e-01,5.938842e-01,3.178142e+01,6.510000e+01,1.349000e+02,4.030000e+01
4.716865e-02,2.465789e-02,-2.995789e-02,-2.168421e-03,5.251159e-01,4.000000e-01,2.100000e+00,-3.000000e-01,-3.025617e-01,-3.325263e-02,-8.957237e-01,5.377842e-01,1.499709e+01,5.680000e+01,1.712000e+02,5.470000e+01
4.139300e-02,2.055789e-02,-1.235789e-02,-1.316842e-02,5.344128e-02,8.000000e-01,1.500000e+00,-8.000000e-01,-3.477722e-01,-1.279526e-01,-8.218237e-01,5.038842e-01,1.031461e+01,5.890000e+01,1.994000e+02,6.500000e+01
3.543219e-02,1.545789e-02,-1.165789e-02,-1.806842e-02,1.002380e+00,2.100000e+00,1.000000e+00,-1.000000e-01,-3.692687e-01,-2.115526e-01,-7.521237e-01,4.651842e-01,6.114219e+00,6.990000e+01,2.609000e+02,7.770000e+01
3.055660e-02,1.145789e-02,-1.305789e-02,-2.146842e-02,5.495944e-01,2.100000e+00,-5.000000e-01,-1.000000e-01,-4.120842e-01,-3.224526e-01,-6.756237e-01,4.115842e-01,7.267113e+00,8.790000e+01,3.227000e+02,7.930000e+01
2.675694e-02,8.857895e-03,-8.257895e-03,-2.636842e-02,4.873485e-01,2.500000e+00,-1.500000e+00,0.000000e+00,-4.206849e-01,-3.974526e-01,-6.127237e-01,3.417842e-01,1.308662e+01,1.103000e+02,3.695000e+02,6.260000e+01
2.361856e-02,6.657895e-03,1.742105e-03,-3.246842e-02,1.639058e-01,2.600000e+00,-2.700000e+00,0.000000e+00,-3.246086e-01,-3.549526e-01,-5.537237e-01,2.812842e-01,-2.449926e+00,1.111000e+02,4.076000e+02,3.790000e+01
2.178153e-02,5.057895e-03,6.642105e-03,-3.556842e-02,-1.645723e-02,3.000000e+00,-3.800000e+00,0.000000e+00,-2.825853e-01,-3.359526e-01,-4.265237e-01,2.167842e-01,-4.134044e+01,8.630000e+01,4.382000e+02,1.270000e+01
1.946623e-02,4.257895e-03,7.542105e-03,-3.816842e-02,-2.195945e-01,3.700000e+00,-4.200000e+00,-4.000000e-01,-3.415805e-01,-4.067526e-01,-3.777237e-01,7.688421e-02,-6.456113e+01,6.950000e+01,4.514000e+02,1.100000e+00
1.844226e-02,2.857895e-03,1.114211e-02,-3.996842e-02,-7.023838e-01,3.400000e+00,-5.700000e+00,-3.000000e-01,-3.053624e-01,-3.380526e-01,-2.614237e-01,-2.981579e-02,-1.043974e+02,3.940000e+01,4.689000e+02,-1.910000e+01
1.663262e-02,1.157895e-03,1.254211e-02,-4.176842e-02,-7.185921e-01,2.800000e+00,-7.000000e+00,4.000000e-01,-2.043377e-01,-2.305526e-01,-2.238237e-01,-7.131579e-02,-1.306656e+02,2.010000e+01,4.730000e+02,-3.660000e+01
1.512095e-02,3.578947e-04,9.542105e-03,-4.206842e-02,-1.028563e+00,3.200000e+00,-8.800000e+00,5.000000e-01,-1.489662e-01,-1.741526e-01,-2.183237e-01,-1.088158e-01,-1.413219e+02,9.300000e+00,4.712000e+02,-4.030000e+01
1.441118e-02,-7.421053e-04,6.742105e-03,-4.136842e-02,1.218448e-01,4.400000e+00,-9.400000e+00,1.500000e+00,-1.217822e-01,-1.327526e-01,-2.297237e-01,-1.574158e-01,-1.405903e+02,-5.300000e+00,4.524000e+02,-2.890000e+01
1.290158e-02,-1.142105e-03,4.742105e-03,-4.216842e-02,-5.945424e-01,5.000000e+00,-1.080000e+01,9.000000e-01,-1.059711e-01,-9.825263e-02,-2.389237e-01,-1.972158e-01,-1.282250e+02,-2.310000e+01,4.223000e+02,-3.700000e+00
1.155309e-02,-8.421053e-04,1.842105e-03,-4.276842e-02,-1.376902e+00,5.100000e+00,-1.320000e+01,8.000000e-01,-8.376413e-02,-5.965263e-02,-2.496237e-01,-2.201158e-01,-9.944553e+01,-3.660000e+01,3.863000e+02,3.490000e+01
9.976653e-03,-8.421053e-04,1.142105e-03,-4.426842e-02,-1.562176e+00,5.700000e+00,-1.430000e+01,7.000000e-01,-5.992554e-02,-2.475263e-02,-2.616237e-01,-2.292158e-01,-8.317769e+01,-4.530000e+01,3.692000e+02,5.710000e+01
9.122818e-03,-3.421053e-04,3.842105e-03,-4.636842e-02,-1.574469e+00,5.800000e+00,-1.560000e+01,1.100000e+00,-1.686513e-02,1.194737e-02,-2.960237e-01,-2.183158e-01,-4.846226e+01,-6.210000e+01,3.377000e+02,1.005000e+02
7.963965e-03,7.578947e-04,6.442105e-03,-4.906842e-02,-2.068944e+00,4.600000e+00,-1.650000e+01,1.400000e+00,5.080769e-02,4.794737e-02,-3.615237e-01,-1.858158e-01,-5.194550e+00,-6.760000e+01,3.063000e+02,1.448000e+02
6.071118e-03,1.257895e-03,8.242105e-03,-5.206842e-02,-1.546884e+00,3.300000e+00,-1.620000e+01,2.500000e+00,1.357777e-01,8.404737e-02,-4.340237e-01,-1.339158e-01,3.861800e+01,-6.700000e+01,2.793000e+02,1.863000e+02
4.053699e-03,2.057895e-03,1.114211e-02,-5.576842e-02,-1.426879e+00,1.000000e+00,-1.560000e+01,3.500000e+00,2.256351e-01,1.191474e-01,-4.892237e-01,-6.611579e-02,7.767658e+01,-6.150000e+01,2.550000e+02,2.199000e+02
3.552278e-03,3.757895e-03,1.524211e-02,-5.856842e-02,-7.689234e-01,3.000000e-01,-1.560000e+01,4.600000e+00,3.100885e-01,1.722474e-01,-4.998237e-01,1.418421e-02,9.651602e+01,-6.090000e+01,2.375000e+02,2.342000e+02
2.252764e-03,5.557895e-03,1.714211e-02,-6.156842e-02,-1.385864e+00,-1.600000e+00,-1.480000e+01,4.500000e+00,3.930577e-01,2.551474e-01,-4.891237e-01,1.046842e-01,9.620120e+01,-6.320000e+01,2.323000e+02,2.325000e+02
2.758512e-03,7.957895e-03,2.074211e-02,-6.336842e-02,-1.074208e+00,-2.500000e+00,-1.590000e+01,5.700000e+00,4.560235e-01,3.310474e-01,-4.589237e-01,1.965842e-01,7.524605e+01,-7.460000e+01,2.341000e+02,2.126000e+02
2.630459e-03,1.005789e-02,2.324211e-02,-6.536842e-02,-1.423356e+00,-2.100000e+00,-1.670000e+01,5.400000e+00,5.086328e-01,4.310474e-01,-4.206237e-01,2.916842e-01,3.488705e+01,-8.490000e+01,2.468000e+02,1.753000e+02
4.089667e-03,1.265789e-02,2.744211e-02,-6.636842e-02,-1.513695e+00,-2.500000e+00,-1.890000e+01,6.300000e+00,5.430898e-01,5.509474e-01,-3.876237e-01,3.798842e-01,-1.250948e+01,-8.260000e+01,2.677000e+02,1.322000e+02
6.847475e-03,1.505789e-02,3.834211e-02,-6.816842e-02,-1.892482e+00,-3.700000e+00,-2.230000e+01,7.700000e+00,5.410531e-01,6.797474e-01,-3.521237e-01,4.455842e-01,-5.626442e+01,-7.050000e+01,2.794000e+02,8.800000e+01
1.267469e-02,1.375789e-02,3.784211e-02,-6.036842e-02,1.325189e+00,-3.100000e+00,-2.340000e+01,1.160000e+01,4.870052e-01,8.144474e-01,-2.991237e-01,4.761842e-01,-8.620222e+01,-6.670000e+01,2.751000e+02,5.160000e+01
1.683646e-02,1.915789e-02,3.334211e-02,-5.636842e-02,9.685163e-01,-5.000000e-01,-2.890000e+01,1.190000e+01,3.801023e-01,9.587474e-01,-2.273237e-01,4.661842e-01,-9.770588e+01,-7.640000e+01,2.507000e+02,2.460000e+01
2.399680e-02,2.045789e-02,2.784211e-02,-4.636842e-02,-8.119285e-01,3.000000e-01,-3.190000e+01,1.050000e+01,2.234136e-01,1.109647e+00,-1.480237e-01,4.133842e-01,-9.664026e+01,-8.420000e+01,2.324000e+02,1.480000e+01
3.372049e-02,1.885789e-02,1.834211e-02,-3.026842e-02,-8.098465e+00,-3.300000e+00,-4.200000e+01,7.400000e+00,3.685184e-02,1.269147e+00,-7.122368e-02,3.233842e-01,-8.247677e+01,-9.760000e+01,1.875000e+02,3.200000e+00
4.411503e-02,1.845789e-02,7.442105e-03,-1.316842e-02,-8.376796e+00,5.600000e+00,-5.380000e+01,6.700000e+00,-1.619009e-01,1.428847e+00,2.876316e-03,2.083842e-01,-5.522587e+01,-1.034000e+02,1.342000e+02,1.800000e+00
5.598366e-02,1.965789e-02,-1.057895e-03,4.431579e-03,-1.175745e+01,1.070000e+01,-6.660000e+01,4.600000e+00,-3.633505e-01,1.581647e+00,7.357632e-02,7.218421e-02,-2.205841e+01,-1.047000e+02,7.850000e+01,5.700000e+00
6.732773e-02,1.985789e-02,-1.015789e-02,2.293158e-02,-1.090241e+01,2.270000e+01,-7.870000e+01,3.500000e+00,-5.552161e-01,1.714747e+00,1.402763e-01,-7.601579e-02,1.514355e+01,-9.950000e+01,2.470000e+01,1.610000e+01
7.694259e-02,1.905789e-02,-1.385789e-02,3.863158e-02,-1.239555e+01,2.480000e+01,-8.600000e+01,3.200000e+00,-7.237197e-01,1.820547e+00,1.972763e-01,-2.262158e-01,4.949223e+01,-7.470000e+01,-2.450000e+01,2.930000e+01
8.543454e-02,1.785789e-02,-1.735789e-02,5.403158e-02,-2.234279e+01,1.670000e+01,-1.015000e+02,1.600000e+00,-8.761122e-01,1.893547e+00,2.526763e-01,-3.711158e-01,7.160219e+01,-5.650000e+01,-4.680000e+01,4.460000e+01
9.290516e-02,1.895789e-02,-2.755789e-02,7.063158e-02,-2.840410e+01,1.440000e+01,-1.175000e+02,1.600000e+00,-8.922537e-01,1.918347e+00,1.976763e-01,-4.545158e-01,1.156073e+02,5.830000e+01,-1.042000e+02,8.010000e+01
9.597317e-02,2.195789e-02,-2.475789e-02,7.683158e-02,-3.223029e+01,1.260000e+01,-1.337000e+02,4.200000e+00,-9.876648e-01,1.870147e+00,2.284763e-01,-6.166158e-01,1.788918e+02,2.466000e+02,-1.979000e+02,1.259000e+02
9.828521e-02,1.705789e-02,-1.925789e-02,8.793158e-02,-3.684511e+01,8.600000e+00,-1.508000e+02,7.700000e+00,-9.592313e-01,1.623947e+00,3.854763e-01,-5.742158e-01,2.522780e+02,1.048000e+02,-2.240000e+02,1.749000e+02
1.038633e-01,1.725789e-02,-1.105789e-02,1.012316e-01,-4.519366e+01,2.800000e+00,-1.738000e+02,1.020000e+01,-6.390772e-01,1.153747e+00,3.436763e-01,-3.841158e-01,2.601568e+02,8.800000e+00,-3.784000e+02,7.880000e+01
1.048693e-01,1.805789e-02,1.242105e-03,1.099316e-01,-5.668308e+01,-4.800000e+00,-2.031000e+02,1.270000e+01,-3.636326e-01,1.246047e+00,3.791763e-01,-1.653158e-01,1.708582e+02,3.650000e+01,-3.919000e+02,-3.130000e+01
9.919538e-02,7.457895e-03,2.144211e-02,1.192316e-01,-5.891423e+01,-7.800000e+00,-2.184000e+02,1.840000e+01,-2.907843e-01,1.108547e+00,5.727763e-01,-5.691579e-02,1.412191e+02,3.400000e+01,-3.011000e+02,-1.240000e+01
8.965065e-02,2.257895e-03,2.784211e-02,1.315316e-01,-5.737258e+01,-3.900000e+00,-2.521000e+02,3.150000e+01,-1.837593e-01,8.889474e-01,6.432763e-01,5.108421e-02,9.868518e+01,1.470000e+01,-2.702000e+02,-4.230000e+01
7.147911e-02,-7.142105e-03,3.834211e-02,1.428316e-01,-6.666078e+01,-6.800000e+00,-2.912000e+02,3.790000e+01,-1.883069e-02,7.068474e-01,6.905763e-01,2.372842e-01,1.245327e+01,-1.250000e+01,-2.240000e+02,-1.122000e+02
4.569654e-02,-2.164211e-02,5.484211e-02,1.590316e-01,-6.992522e+01,-3.700000e+00,-3.359000e+02,4.990000e+01,9.890891e-02,5.396474e-01,6.867763e-01,3.677842e-01,-3.862880e+01,-1.870000e+01,-1.512000e+02,-1.285000e+02
1.400107e-02,-3.084211e-02,7.674211e-02,1.767316e-01,-6.177985e+01,9.200000e+00,-3.843000e+02,7.070000e+01,1.787726e-01,3.333474e-01,5.996763e-01,4.347842e-01,-3.556260e+01,-2.180000e+01,-1.387000e+02,-1.167000e+02
-1.751393e-02,-2.814211e-02,9.774211e-02,2.028316e-01,-5.647658e+01,1.870000e+01,-4.261000e+02,8.800000e+01,1.808395e-01,1.758474e-01,5.673763e-01,4.442842e-01,6.957248e-01,-5.200000e+00,-1.457000e+02,-8.170000e+01
-5.284222e-02,-1.174211e-02,9.034211e-02,2.320316e-01,-7.597843e+01,-8.500000e+00,-4.325000e+02,9.630000e+01,3.974094e-01,9.824737e-02,3.952763e-01,6.040842e-01,3.737195e+01,8.040000e+01,-1.563000e+02,-6.830000e+01
7.938968e-02,1.755579e-01,1.348421e-01,2.909316e-01,-4.430620e+01,3.000000e+01,-4.322000e+02,9.380000e+01,5.700360e-01,2.598474e-01,1.059763e-01,5.747842e-01,4.266854e+01,1.125000e+02,-1.558000e+02,-7.180000e+01
1.388924e-01,2.893579e-01,1.556421e-01,3.453316e-01,2.101344e-02,7.630000e+01,-3.999000e+02,8.180000e+01,5.135591e-01,5.468474e-01,1.443763e-01,4.030842e-01,2.622319e+01,1.049000e+02,-9.640000e+01,-5.720000e+01
1.781776e-01,3.837579e-01,1.827421e-01,4.014316e-01,4.088012e+01,1.135000e+02,-3.735000e+02,8.350000e+01,3.315519e-01,2.920474e-01,1.191763e-01,2.573842e-01,1.552575e+01,1.002000e+02,-7.850000e+01,-5.910000e+01
1.823784e-01,4.409579e-01,2.215421e-01,4.613316e-01,6.395792e+01,1.246000e+02,-3.362000e+02,9.880000e+01,3.986975e-01,2.379474e-01,-1.242237e-01,2.371842e-01,2.209363e+00,8.000000e+01,-3.380000e+01,-4.550000e+01
1.283115e-01,4.401579e-01,2.684421e-01,5.129316e-01,7.151653e+01,1.176000e+02,-2.939000e+02,1.225000e+02,4.378963e-01,2.772474e-01,-2.265237e-01,2.197842e-01,-1.820461e+00,5.660000e+01,1.900000e+00,-2.440000e+01
7.182193e-02,4.509579e-01,2.790421e-01,5.603316e-01,5.353031e+01,9.300000e+01,-2.767000e+02,1.372000e+02,3.759475e-01,2.404474e-01,-3.042237e-01,1.284842e-01,-1.119196e+00,3.990000e+01,6.000000e+00,-1.500000e+01
1.908611e-02,4.675579e-01,2.553421e-01,5.843316e-01,6.738518e+01,9.840000e+01,-2.269000e+02,1.302000e+02,3.282863e-01,1.877474e-01,-3.386237e-01,8.008421e-02,2.672275e-01,2.800000e+01,2.500000e+00,-1.010000e+01
8.858907e-02,5.447579e-01,3.184421e-01,6.601316e-01,7.081614e+01,7.980000e+01,-6.370000e+01,4.510000e+01,3.113761e-01,1.830474e-01,-2.800237e-01,8.808421e-02,-1.392142e-01,2.240000e+01,3.000000e+00,-8.100000e+00
1.129978e-01,5.308579e-01,4.109421e-01,7.419316e-01,-3.041266e+01,-4.130000e+01,6.040000e+01,1.430000e+01,2.810264e-01,1.638474e-01,-1.658237e-01,1.094842e-01,1.786599e+00,1.250000e+01,-1.400000e+00,-3.700000e+00
3.776867e-02,4.105579e-01,4.495421e-01,7.530316e-01,-7.742826e+01,-9.800000e+01,1.159000e+02,1.630000e+01,1.864789e-01,1.242474e-01,-1.312368e-02,8.068421e-02,1.185957e+00,2.500000e+00,-3.600000e+00,-1.200000e+00
-2.565740e-01,8.455789e-02,4.047421e-01,7.101316e-01,-8.385850e+01,-1.062000e+02,1.232000e+02,2.120000e+01,9.268949e-02,2.834737e-02,1.095763e-01,6.348421e-02,2.681853e-01,-1.200000e+00,-4.500000e+00,-1.100000e+00
-4.255180e-01,-1.161421e-01,3.528421e-01,6.745316e-01,-5.277206e+01,-7.760000e+01,1.410000e+02,2.330000e+01,1.006575e-01,2.264737e-02,9.077632e-02,6.678421e-02,-1.134535e+00,-3.000000e-01,-2.600000e+00,-2.300000e+00
-5.299052e-01,-2.622421e-01,2.884421e-01,6.433316e-01,-1.620147e+00,-3.130000e+01,1.906000e+02,1.300000e+01,8.022225e-02,-1.345263e-02,4.797632e-02,3.978421e-02,-1.022790e+00,2.800000e+00,-2.400000e+00,-3.400000e+00
-5.752709e-01,-3.544421e-01,2.433421e-01,5.968316e-01,1.599092e+01,-1.610000e+01,2.200000e+02,4.600000e+00,4.737960e-02,-3.105263e-02,5.737632e-02,1.268421e-02,-1.193775e+00,4.100000e+00,-6.000000e-01,-3.400000e+00
-5.725390e-01,-3.957421e-01,2.036421e-01,5.549316e-01,1.610806e+01,-1.610000e+01,2.200000e+02,4.600000e+00,2.742768e-02,-6.915263e-02,3.427632e-02,-4.115789e-03,-1.102301e+00,5.100000e+00,-1.000000e+00,-3.900000e+00
-5.466710e-01,-4.333421e-01,2.292421e-01,4.881316e-01,-3.923151e+00,-4.680000e+01,3.026000e+02,-4.200000e+00,2.226187e-02,-7.365263e-02,2.476316e-03,-2.151579e-02,-1.905031e+00,4.600000e+00,-1.400000e+00,-4.800000e+00
-5.065947e-01,-4.596421e-01,2.630421e-01,4.318316e-01,-1.659865e+01,-6.260000e+01,3.274000e+02,-8.800000e+00,1.651813e-02,-7.835263e-02,-8.023684e-03,-3.051579e-02,-2.417153e+00,2.300000e+00,-2.100000e+00,-4.700000e+00
-5.576751e-01,-5.399421e-01,1.893421e-01,3.152316e-01,-1.259414e+01,-5.720000e+01,3.420000e+02,-1.770000e+01,1.368284e-02,-8.365263e-02,-1.952368e-02,-3.621579e-02,-2.668003e+00,-0.000000e+00,-3.800000e+00,-4.700000e+00
-5.546340e-01,-5.328421e-01,8.384211e-02,1.774316e-01,3.671334e+00,-3.590000e+01,3.525000e+02,-2.860000e+01,1.026641e-02,-8.555263e-02,-3.472368e-02,-4.561579e-02,-2.603365e+00,-1.500000e+00,-4.600000e+00,-4.300000e+00
-4.385810e-01,-4.249421e-01,6.444211e-02,1.037316e-01,1.662734e+01,-1.660000e+01,3.528000e+02,-3.730000e+01,8.434324e-03,-8.615263e-02,-4.242368e-02,-5.061579e-02,-2.217176e+00,-2.200000e+00,-6.900000e+00,-4.500000e+00
-2.881923e-01,-2.755421e-01,8.684211e-02,5.193158e-02,1.973037e+01,-1.030000e+01,3.487000e+02,-4.080000e+01,6.861880e-03,-8.615263e-02,-3.872368e-02,-5.081579e-02,-2.571816e+00,-3.800000e+00,-6.900000e+00,-4.200000e+00
-1.934710e-01,-1.730421e-01,1.445421e-01,-9.268421e-03,2.037893e+01,-2.100000e+00,3.371000e+02,-4.870000e+01,7.805645e-03,-8.595263e-02,-2.862368e-02,-4.541579e-02,-2.890891e+00,-5.500000e+00,-8.800000e+00,-4.600000e+00
-1.354415e-01,-9.364211e-02,2.070421e-01,-7.696842e-02,1.565180e+01,1.400000e+00,3.203000e+02,-5.710000e+01,7.900956e-03,-8.675263e-02,-1.502368e-02,-3.901579e-02,-3.052300e+00,-8.100000e+00,-9.300000e+00,-3.800000e+00
-9.003249e-02,-1.544211e-02,2.336421e-01,-1.322684e-01,1.179830e+01,6.800000e+00,2.966000e+02,-6.370000e+01,9.248965e-03,-8.735263e-02,-7.523684e-03,-3.371579e-02,-2.162674e+00,-8.500000e+00,-1.250000e+01,-3.900000e+00
-4.540241e-02,7.425789e-02,2.606421e-01,-1.823684e-01,7.243292e+00,1.440000e+01,2.705000e+02,-7.190000e+01,1.062512e-02,-8.635263e-02,-3.223684e-03,-3.041579e-02,-1.908101e+00,-9.800000e+00,-1.470000e+01,-3.900000e+00
8.762998e-03,1.634579e-01,2.607421e-01,-1.983684e-01,7.508162e-01,2.110000e+01,2.540000e+02,-8.320000e+01,1.138221e-02,-8.515263e-02,-8.236842e-04,-2.871579e-02,-2.123797e+00,-1.000000e+01,-1.580000e+01,-4.500000e+00
6.665846e-02,2.435579e-01,2.824421e-01,-1.972684e-01,-9.534702e+00,2.240000e+01,2.479000e+02,-9.680000e+01,1.183995e-02,-8.405263e-02,-3.423684e-03,-2.941579e-02,-2.159878e+00,-1.020000e+01,-1.810000e+01,-5.400000e+00
1.199626e-01,3.082579e-01,3.164421e-01,-1.860684e-01,-1.734204e+01,2.150000e+01,2.379000e+02,-1.039000e+02,1.248067e-02,-8.175263e-02,-5.923684e-03,-3.041579e-02,-1.514282e+00,-1.020000e+01,-1.950000e+01,-5.200000e+00
1.692055e-01,3.589579e-01,3.486421e-01,-1.644684e-01,-2.763682e+01,2.070000e+01,2.290000e+02,-1.141000e+02,1.259745e-02,-7.985263e-02,-4.423684e-03,-3.011579e-02,-1.742002e+00,-9.700000e+00,-2.000000e+01,-5.900000e+00
2.157709e-01,4.031579e-01,3.655421e-01,-1.331684e-01,-3.052376e+01,2.210000e+01,2.205000e+02,-1.164000e+02,1.417030e-02,-7.855263e-02,-4.123684e-03,-2.821579e-02,-8.283988e-01,-1.080000e+01,-2.390000e+01,-5.900000e+00
2.563932e-01,4.397579e-01,3.644421e-01,-9.536842e-02,-2.472696e+01,3.010000e+01,2.146000e+02,-1.126000e+02,1.506633e-02,-7.715263e-02,-5.523684e-03,-2.781579e-02,-1.887369e-01,-1.110000e+01,-2.890000e+01,-7.100000e+00
2.922478e-01,4.730579e-01,3.548421e-01,-5.486842e-02,-1.299640e+01,3.640000e+01,2.115000e+02,-1.015000e+02,1.798547e-02,-7.485263e-02,-5.723684e-03,-2.481579e-02,3.300488e+00,-9.800000e+00,-3.510000e+01,-6.200000e+00
3.234993e-01,4.993579e-01,3.398421e-01,-1.116842e-02,3.903185e+00,4.480000e+01,2.107000e+02,-8.600000e+01,2.099934e-02,-7.185263e-02,-6.423684e-03,-2.211579e-02,2.737830e+00,-1.210000e+01,-4.290000e+01,-9.000000e+00
3.484033e-01,5.214579e-01,3.209421e-01,3.183158e-02,1.386176e+01,5.070000e+01,2.118000e+02,-7.780000e+01,2.439253e-02,-7.155263e-02,-1.232368e-02,-1.971579e-02,2.586741e+00,-1.400000e+01,-4.680000e+01,-9.800000e+00
3.649338e-01,5.356579e-01,3.012421e-01,7.173158e-02,3.431985e+01,6.080000e+01,2.163000e+02,-6.040000e+01,2.716808e-02,-7.115263e-02,-1.242368e-02,-1.551579e-02,7.354443e+00,-1.070000e+01,-5.130000e+01,-7.700000e+00
3.718607e-01,5.427579e-01,2.802421e-01,1.064316e-01,5.333153e+01,6.860000e+01,2.204000e+02,-4.350000e+01,2.967248e-02,-6.895263e-02,-7.623684e-03,-1.021579e-02,1.406617e+01,-9.700000e+00,-6.070000e+01,-4.100000e+00
3.707145e-01,5.528579e-01,2.540421e-01,1.359316e-01,7.119026e+01,7.270000e+01,2.233000e+02,-2.620000e+01,3.010015e-02,-6.525263e-02,-7.023684e-03,-1.011579e-02,2.016733e+01,-8.600000e+00,-6.400000e+01,1.400000e+00
3.648938e-01,5.663579e-01,2.293421e-01,1.622316e-01,7.133609e+01,7.270000e+01,2.233000e+02,-2.620000e+01,3.032706e-02,-6.205263e-02,-7.023684e-03,-1.021579e-02,2.012778e+01,-8.600000e+00,-6.400000e+01,1.400000e+00
3.494278e-01,5.968579e-01,1.971421e-01,1.804316e-01,1.022255e+02,9.170000e+01,2.258000e+02,2.600000e+00,3.061236e-02,-6.025263e-02,-3.523684e-03,-7.215789e-03,1.699963e+01,-1.270000e+01,-7.820000e+01,-6.400000e+00
3.220438e-01,6.352579e-01,1.652421e-01,1.878316e-01,1.129240e+02,1.028000e+02,2.200000e+02,1.470000e+01,3.461245e-02,-5.505263e-02,-3.623684e-03,-2.915789e-03,2.138894e+01,-8.900000e+00,-8.580000e+01,-6.600000e+00
2.810198e-01,6.861579e-01,1.347421e-01,1.825316e-01,1.169844e+02,1.084000e+02,2.148000e+02,2.050000e+01,3.834933e-02,-4.875263e-02,-3.323684e-03,7.842105e-04,2.267181e+01,-8.600000e+00,-8.930000e+01,-6.700000e+00
2.234011e-01,7.501579e-01,1.011421e-01,1.622316e-01,1.203269e+02,1.153000e+02,2.014000e+02,2.940000e+01,4.056977e-02,-4.475263e-02,-4.623684e-03,3.784211e-03,2.679209e+01,-7.500000e+00,-9.820000e+01,-6.200000e+00
1.585679e-01,8.111579e-01,7.164211e-02,1.380316e-01,1.204868e+02,1.153000e+02,2.014000e+02,2.940000e+01,4.267001e-02,-3.935263e-02,-5.923684e-03,6.384211e-03,2.880595e+01,-9.700000e+00,-1.090000e+02,-7.100000e+00
6.615062e-02,8.951579e-01,3.784211e-02,7.943158e-02,9.328238e+01,9.940000e+01,1.527000e+02,2.380000e+01,4.301571e-02,-3.145263e-02,1.176316e-03,9.784211e-03,3.314178e+01,-1.010000e+01,-1.228000e+02,-7.600000e+00
-3.886848e-02,9.909579e-01,1.104211e-02,6.315789e-04,6.311896e+01,6.910000e+01,1.211000e+02,6.700000e+00,4.201046e-02,-2.305263e-02,4.976316e-03,1.038421e-02,3.695295e+01,-1.220000e+01,-1.363000e+02,-7.400000e+00
-1.594518e-01,1.100158e+00,-2.125789e-02,-9.696842e-02,2.575021e+01,3.570000e+01,8.390000e+01,-1.580000e+01,3.975229e-02,-1.545263e-02,4.976316e-03,9.084211e-03,3.880913e+01,-1.680000e+01,-1.486000e+02,-7.300000e+00
-3.042970e-01,1.215258e+00,-7.515789e-02,-2.099684e-01,-2.372477e-01,2.420000e+01,6.520000e+01,-3.540000e+01,3.746893e-02,-9.152632e-03,1.107632e-02,1.288421e-02,3.968152e+01,-1.930000e+01,-1.556000e+02,-7.500000e+00
-4.629148e-01,1.330358e+00,-1.485579e-01,-3.350684e-01,-2.485335e+01,1.770000e+01,2.860000e+01,-4.360000e+01,3.236758e-02,-2.052632e-03,1.747632e-02,1.398421e-02,4.232265e+01,-2.420000e+01,-1.700000e+02,-6.900000e+00
-6.085205e-01,1.429958e+00,-2.146579e-01,-4.590684e-01,-5.500606e+01,2.340000e+01,-1.200000e+01,-5.550000e+01,2.521635e-02,6.347368e-03,1.967632e-02,1.068421e-02,4.332844e+01,-3.100000e+01,-1.849000e+02,-7.100000e+00
-7.402680e-01,1.518458e+00,-2.804579e-01,-5.783684e-01,-8.054842e+01,1.760000e+01,-4.880000e+01,-6.450000e+01,1.103422e-02,1.174737e-02,2.387632e-02,3.184211e-03,4.196082e+01,-4.110000e+01,-2.005000e+02,-7.900000e+00
-8.067607e-01,1.617258e+00,-2.719579e-01,-6.915684e-01,-1.287072e+02,-1.038000e+02,-1.242000e+02,-8.090000e+01,-7.495980e-03,1.474737e-02,2.687632e-02,-6.415789e-03,4.324814e+01,-4.780000e+01,-2.189000e+02,-9.500000e+00
-8.862396e-01,1.682958e+00,-2.793579e-01,-8.386684e-01,-1.901517e+02,-2.169000e+02,-2.061000e+02,-1.078000e+02,-2.950344e-02,1.914737e-02,3.177632e-02,-1.811579e-02,4.527163e+01,-5.750000e+01,-2.431000e+02,-1.000000e+01
-7.762832e-01,1.281558e+00,-4.347579e-01,-7.279684e-01,-1.880526e+02,-4.710000e+01,-3.258000e+02,-4.970000e+01,-5.789775e-02,2.004737e-02,4.447632e-02,-2.531579e-02,4.413331e+01,-7.570000e+01,-2.712000e+02,-7.800000e+00
-4.877058e-01,1.168058e+00,-4.762579e-01,-4.913684e-01,-1.755308e+02,-5.900000e+00,-4.096000e+02,1.200000e+00,-8.036307e-02,2.164737e-02,5.847632e-02,-1.371579e-02,4.238937e+01,-9.110000e+01,-2.891000e+02,-2.600000e+00
-3.488472e-01,1.224458e+00,-6.725579e-01,-3.461684e-01,-7.633131e+01,-1.940000e+01,-3.074000e+02,6.480000e+01,-1.485545e-01,-3.185263e-02,7.827632e-02,1.638421e-02,4.265803e+01,-1.157000e+02,-3.259000e+02,6.800000e+00
-2.653029e-01,1.132358e+00,-8.633579e-01,-2.109684e-01,-1.533315e+00,5.610000e+01,-2.501000e+02,1.057000e+02,-1.127204e-01,3.824737e-02,5.147632e-02,4.188421e-02,6.375123e+01,-1.132000e+02,-3.812000e+02,-4.000000e-01
-9.370860e-02,9.974579e-01,-8.400579e-01,-3.876842e-02,1.569536e+01,4.980000e+01,-1.986000e+02,1.015000e+02,-1.039640e-01,8.264737e-02,3.547632e-02,9.378421e-02,4.880721e+01,-1.494000e+02,-4.166000e+02,3.000000e-01
1.346964e-02,8.437579e-01,-7.777579e-01,6.263158e-02,2.778369e+01,3.400000e+01,-1.799000e+02,1.108000e+02,-6.335796e-02,1.552474e-01,-1.662368e-02,1.664842e-01,5.175564e+01,-1.524000e+02,-4.368000e+02,-9.200000e+00
1.760459e-01,7.168579e-01,-6.123579e-01,1.741316e-01,-8.623085e+00,-3.740000e+01,-1.903000e+02,9.870000e+01,-2.789792e-02,2.228474e-01,-1.012237e-01,2.429842e-01,4.013486e+01,-1.599000e+02,-4.408000e+02,-3.720000e+01
3.712111e-01,6.697579e-01,-3.628579e-01,2.755316e-01,-3.353412e-01,-6.670000e+01,-1.003000e+02,7.610000e+01,-1.335768e-02,2.807474e-01,-2.002237e-01,3.214842e-01,4.181231e+01,-1.577000e+02,-4.487000e+02,-5.950000e+01
4.095250e-01,5.085579e-01,-3.604579e-01,3.666316e-01,-1.580278e+01,-9.050000e+01,-9.920000e+01,6.740000e+01,-1.582789e-02,3.289474e-01,-3.355237e-01,4.008842e-01,3.579392e+01,-1.603000e+02,-4.512000e+02,-1.155000e+02
5.207369e-01,3.768579e-01,-3.854579e-01,5.526316e-01,-7.127104e+00,-9.050000e+01,-4.390000e+01,5.270000e+01,-3.015236e-02,3.975474e-01,-4.648237e-01,4.977842e-01,5.398607e+01,-1.394000e+02,-4.495000e+02,-1.866000e+02
6.458337e-01,7.117579e-01,-2.079579e-01,4.580316e-01,-1.043792e+01,-7.300000e+01,-2.700000e+00,2.310000e+01,-1.626247e-02,5.095474e-01,-5.914237e-01,6.043842e-01,7.647778e+01,-9.120000e+01,-3.878000e+02,-2.008000e+02
5.041021e-01,6.926579e-01,-1.518579e-01,2.708316e-01,-9.966797e+00,-6.390000e+01,2.200000e+00,1.750000e+01,-1.536654e-02,5.944474e-01,-6.981237e-01,6.982842e-01,5.491153e+01,-6.350000e+01,-2.651000e+02,-1.631000e+02
4.189634e-01,4.876579e-01,5.734211e-02,1.835316e-01,-1.005420e+01,-5.760000e+01,5.400000e+00,1.330000e+01,-1.042901e-02,6.250474e-01,-8.095237e-01,7.349842e-01,4.596392e+01,-1.490000e+01,-1.174000e+02,-1.215000e+02
4.031168e-01,4.149579e-01,2.547421e-01,1.253316e-01,-1.043197e+01,-5.290000e+01,5.500000e+00,1.070000e+01,-4.540116e-02,5.931474e-01,-8.919237e-01,8.409842e-01,-1.553636e+00,-1.600000e+01,2.140000e+01,-9.410000e+01
3.192568e-01,3.720579e-01,2.491421e-01,5.083158e-02,-9.132513e+00,-4.130000e+01,6.100000e+00,6.600000e+00,-4.246857e-02,5.598474e-01,-9.540237e-01,9.316842e-01,-3.855826e+01,-1.390000e+01,1.311000e+02,-5.320000e+01
3.055073e-01,3.451579e-01,2.328421e-01,5.403158e-02,-8.293941e+00,-3.410000e+01,5.100000e+00,4.600000e+00,-1.336298e-01,3.728474e-01,-1.038924e+00,9.259842e-01,-2.132545e-01,4.540000e+01,1.924000e+02,-4.720000e+01
2.465122e-01,2.959579e-01,1.196421e-01,4.873158e-02,-6.524289e+00,-2.490000e+01,2.200000e+00,3.400000e+00,-2.454101e-01,1.871474e-01,-1.029424e+00,8.753842e-01,3.110235e+01,7.790000e+01,2.022000e+02,-6.770000e+01
1.431470e-01,1.688579e-01,-7.425789e-02,5.583158e-02,-4.913820e+00,-1.640000e+01,1.300000e+00,1.600000e+00,-2.963245e-01,6.344737e-02,-9.762237e-01,8.225842e-01,1.277962e+01,7.380000e+01,2.393000e+02,-2.460000e+01
1.403531e-01,1.328579e-01,-8.505789e-02,7.273158e-02,-3.428897e+00,-8.400000e+00,0.000000e+00,0.000000e+00,-2.881439e-01,-1.475263e-02,-9.002237e-01,7.759842e-01,2.690747e+00,8.210000e+01,2.950000e+02,3.390000e+01
1.044655e-01,8.575789e-02,-4.615789e-02,3.993158e-02,-2.157163e+00,-3.000000e+00,-2.000000e+00,-4.000000e-01,-2.795159e-01,-1.124526e-01,-8.435237e-01,6.953842e-01,1.171694e+01,1.077000e+02,3.534000e+02,6.760000e+01
7.102296e-02,3.735789e-02,-5.885789e-02,2.823158e-02,-3.064844e+00,-5.000000e-01,-2.700000e+00,-2.400000e+00,-3.147462e-01,-2.439526e-01,-7.748237e-01,5.863842e-01,1.567302e+01,1.190000e+02,3.800000e+02,7.650000e+01
5.626090e-02,3.055789e-02,-5.325789e-02,1.233158e-02,-2.510860e+00,-0.000000e+00,-3.600000e+00,-1.700000e+00,-3.350712e-01,-3.502526e-01,-7.125237e-01,4.567842e-01,1.448334e+01,1.305000e+02,4.234000e+02,7.910000e+01
4.845553e-02,2.425789e-02,-5.265789e-02,5.931579e-03,-2.505699e+00,-0.000000e+00,-3.600000e+00,-1.700000e+00,-2.607894e-01,-3.402526e-01,-6.345237e-01,3.592842e-01,-4.703291e+00,1.244000e+02,4.605000e+02,6.710000e+01
4.111817e-02,1.745789e-02,-4.475789e-02,-2.068421e-03,-1.446371e+00,8.000000e-01,-5.000000e+00,-4.000000e-01,-2.829215e-01,-3.742526e-01,-5.262237e-01,1.879842e-01,-4.471566e+01,9.320000e+01,4.793000e+02,4.710000e+01
3.144848e-02,1.215789e-02,-2.595789e-02,-1.696842e-02,-1.407339e+00,2.200000e+00,-6.900000e+00,-4.000000e-01,-3.155775e-01,-3.887526e-01,-4.572237e-01,-2.157895e-04,-8.313704e+01,6.580000e+01,4.916000e+02,1.910000e+01
2.514430e-02,1.035789e-02,-1.575789e-02,-2.676842e-02,-1.350746e+00,9.000000e-01,-7.600000e+00,5.000000e-01,-2.633597e-01,-2.886526e-01,-3.405237e-01,-1.104158e-01,-1.168187e+02,4.250000e+01,4.968000e+02,-8.000000e+00
1.886775e-02,5.757895e-03,-8.657895e-03,-3.416842e-02,-1.306840e+00,1.000000e+00,-7.300000e+00,4.000000e-01,-1.792845e-01,-1.744526e-01,-2.940237e-01,-1.689158e-01,-1.333905e+02,2.760000e+01,4.889000e+02,-2.030000e+01
1.342843e-02,2.757895e-03,2.542105e-03,-4.266842e-02,-1.461892e+00,-6.000000e-01,-8.600000e+00,1.400000e+00,-1.339461e-01,-1.020526e-01,-2.856237e-01,-2.219158e-01,-1.351550e+02,2.450000e+01,4.813000e+02,-2.190000e+01
1.033694e-02,1.457895e-03,7.942105e-03,-4.736842e-02,-1.305625e+00,-5.000000e-01,-8.800000e+00,1.600000e+00,-1.325303e-01,-6.465263e-02,-2.669237e-01,-2.744158e-01,-1.353252e+02,1.280000e+01,4.656000e+02,-1.520000e+01
6.544600e-03,-4.210526e-05,1.054211e-02,-5.186842e-02,-5.975766e-01,-6.000000e-01,-8.900000e+00,2.500000e+00,-1.293746e-01,-2.625263e-02,-2.396237e-01,-3.046158e-01,-1.280079e+02,-3.000000e-01,4.459000e+02,4.000000e-01
4.543739e-03,-1.421053e-04,1.224211e-02,-5.466842e-02,-4.988560e-01,-5.000000e-01,-9.600000e+00,2.800000e+00,-1.145500e-01,9.247368e-03,-2.326237e-01,-3.135158e-01,-1.177282e+02,-2.290000e+01,4.194000e+02,2.290000e+01
4.112278e-03,8.578947e-04,9.642105e-03,-5.476842e-02,-5.558663e-02,-2.000000e-01,-1.060000e+01,3.500000e+00,-7.987675e-02,5.174737e-02,-2.498237e-01,-3.037158e-01,-1.038236e+02,-4.850000e+01,3.964000e+02,5.040000e+01
2.204013e-03,1.157895e-03,8.042105e-03,-5.656842e-02,1.107168e-01,-0.000000e+00,-1.060000e+01,3.600000e+00,-2.871857e-02,8.584737e-02,-2.962237e-01,-2.753158e-01,-7.682513e+01,-6.670000e+01,3.654000e+02,8.330000e+01
1.206631e-03,1.457895e-03,8.742105e-03,-5.806842e-02,2.325127e-01,-4.000000e-01,-1.080000e+01,4.000000e+00,3.882514e-02,1.036474e-01,-3.602237e-01,-2.243158e-01,-4.177738e+01,-7.270000e+01,3.484000e+02,1.221000e+02
-4.538776e-04,3.757895e-03,8.142105e-03,-6.086842e-02,5.469072e-01,-1.300000e+00,-9.900000e+00,4.500000e+00,1.251274e-01,1.298474e-01,-4.154237e-01,-1.515158e-01,-1.580090e+01,-7.700000e+01,3.138000e+02,1.409000e+02
-2.195568e-03,5.157895e-03,7.642105e-03,-6.336842e-02,7.593308e-01,-2.100000e+00,-9.200000e+00,4.900000e+00,2.204341e-01,1.746474e-01,-4.476237e-01,-6.241579e-02,1.715620e+01,-7.950000e+01,2.888000e+02,1.696000e+02
-2.679243e-03,7.257895e-03,9.342105e-03,-6.546842e-02,1.032909e+00,-4.700000e+00,-8.700000e+00,6.300000e+00,3.083692e-01,2.226474e-01,-4.576237e-01,3.388421e-02,2.700575e+01,-8.560000e+01,2.761000e+02,1.775000e+02
-2.698198e-03,9.857895e-03,6.742105e-03,-6.586842e-02,1.247932e+00,-5.500000e+00,-8.300000e+00,6.800000e+00,3.867754e-01,2.784474e-01,-4.390237e-01,1.405842e-01,1.375162e+01,-9.440000e+01,2.766000e+02,1.653000e+02
-3.059455e-03,1.295789e-02,5.242105e-03,-6.726842e-02,9.923145e-01,-6.600000e+00,-8.200000e+00,7.000000e+00,4.571134e-01,3.610474e-01,-4.062237e-01,2.542842e-01,-1.261011e+01,-1.022000e+02,2.854000e+02,1.416000e+02
-2.328033e-03,1.535789e-02,7.442105e-03,-6.826842e-02,8.372453e-01,-6.700000e+00,-8.600000e+00,7.000000e+00,5.128785e-01,4.699474e-01,-3.727237e-01,3.670842e-01,-4.736667e+01,-9.370000e+01,2.984000e+02,1.082000e+02
-1.200625e-03,1.765789e-02,8.442105e-03,-6.836842e-02,8.585066e-01,-8.300000e+00,-8.900000e+00,7.900000e+00,5.421871e-01,5.938474e-01,-3.488237e-01,4.634842e-01,-6.441968e+01,-8.140000e+01,2.999000e+02,8.910000e+01
1.417672e-03,1.835789e-02,1.384211e-02,-6.736842e-02,2.810660e+00,-8.600000e+00,-1.010000e+01,1.070000e+01,5.282313e-01,7.250474e-01,-3.166237e-01,5.298842e-01,-9.630102e+01,-5.640000e+01,2.922000e+02,4.870000e+01
6.127018e-03,1.835789e-02,1.734211e-02,-6.296842e-02,4.474880e+00,-7.500000e+00,-1.290000e+01,1.300000e+01,4.524065e-01,8.858474e-01,-2.469237e-01,5.571842e-01,-1.062492e+02,-4.610000e+01,2.628000e+02,2.160000e+01
7.763722e-03,2.105789e-02,1.534211e-02,-6.166842e-02,4.566705e+00,-8.700000e+00,-1.600000e+01,1.470000e+01,3.188465e-01,1.066847e+00,-1.553237e-01,5.362842e-01,-9.590521e+01,-4.960000e+01,2.173000e+02,7.500000e+00
1.727285e-02,1.935789e-02,1.944211e-02,-5.096842e-02,2.123045e+00,-1.320000e+01,-1.790000e+01,1.470000e+01,1.428294e-01,1.251547e+00,-5.772368e-02,4.663842e-01,-7.265880e+01,-4.980000e+01,1.624000e+02,2.800000e+00
2.580728e-02,2.115789e-02,1.124211e-02,-3.916842e-02,3.878630e+00,-8.700000e+00,-2.800000e+01,1.770000e+01,-5.738452e-02,1.430147e+00,4.147632e-02,3.573842e-01,-3.975602e+01,-4.310000e+01,1.037000e+02,7.800000e+00
3.569807e-02,1.685789e-02,-1.357895e-03,-2.126842e-02,-9.260530e-01,-7.800000e+00,-3.550000e+01,1.400000e+01,-2.800160e-01,1.603447e+00,1.489763e-01,2.233842e-01,-1.847155e+01,-3.980000e+01,7.750000e+01,1.780000e+01
4.815481e-02,1.375789e-02,-9.557895e-03,-2.068421e-03,-3.878050e+00,-1.800000e+00,-5.090000e+01,1.230000e+01,-4.931452e-01,1.772147e+00,2.422763e-01,7.328421e-02,7.291185e+00,-2.370000e+01,2.710000e+01,2.070000e+01
6.102474e-02,1.345789e-02,-1.795789e-02,1.653158e-02,-6.725776e+00,-6.000000e-01,-5.760000e+01,1.040000e+01,-6.903281e-01,1.908747e+00,3.277763e-01,-8.991579e-02,3.161554e+01,3.900000e+00,-2.050000e+01,2.580000e+01
7.391510e-02,1.285789e-02,-2.215789e-02,3.453158e-02,-7.960676e+00,5.100000e+00,-6.980000e+01,9.700000e+00,-8.659232e-01,1.995947e+00,4.175763e-01,-2.556158e-01,6.117009e+01,5.130000e+01,-6.670000e+01,4.180000e+01
8.519750e-02,1.055789e-02,-2.635789e-02,5.223158e-02,-1.517166e+01,1.000000e-01,-8.340000e+01,8.100000e+00,-8.948327e-01,2.062547e+00,4.101763e-01,-3.713158e-01,9.250861e+01,1.888000e+02,-1.763000e+02,3.830000e+01
9.669272e-02,8.457895e-03,-3.035789e-02,7.103158e-02,-1.818404e+01,-8.000000e-01,-9.950000e+01,1.000000e+01,-1.098141e+00,2.025247e+00,5.859763e-01,-5.900158e-01,1.250936e+02,6.420000e+01,-1.777000e+02,5.580000e+01
1.109292e-01,3.857895e-03,-2.755789e-02,9.413158e-02,-2.112253e+01,-3.800000e+00,-1.226000e+02,1.540000e+01,-9.294961e-01,1.664647e+00,6.908763e-01,-5.393158e-01,1.082289e+02,2.600000e+01,-3.565000e+02,-6.350000e+01
1.293024e-01,1.457895e-03,-2.005789e-02,1.219316e-01,-3.087401e+01,-1.430000e+01,-1.497000e+02,1.840000e+01,-5.617621e-01,1.360847e+00,5.069763e-01,-3.992158e-01,8.785698e+01,-1.860000e+01,-4.399000e+02,-1.325000e+02
1.365631e-01,-1.114211e-02,-7.657895e-03,1.449316e-01,-3.353465e+01,-2.180000e+01,-1.785000e+02,2.890000e+01,-3.291392e-01,1.368347e+00,6.458763e-01,-1.988158e-01,9.430717e+01,6.360000e+01,-3.590000e+02,-8.540000e+01
1.415207e-01,-2.584211e-02,7.942105e-03,1.702316e-01,-3.023203e+01,-2.090000e+01,-1.963000e+02,3.790000e+01,-2.304580e-01,1.193747e+00,6.981763e-01,-1.375158e-01,6.948077e+01,-1.200000e+00,-3.048000e+02,-7.810000e+01
1.418388e-01,-3.214211e-02,2.184211e-02,1.914316e-01,-3.151328e+01,-2.340000e+01,-2.354000e+02,5.020000e+01,-7.951436e-02,1.000947e+00,7.055763e-01,-1.315789e-03,-1.903641e-01,-1.420000e+01,-2.472000e+02,-1.251000e+02
1.274946e-01,-5.134211e-02,4.644211e-02,2.105316e-01,-3.535494e+01,-3.000000e+01,-2.772000e+02,6.330000e+01,8.140522e-02,8.368474e-01,6.772763e-01,1.570842e-01,-3.925929e+01,-1.990000e+01,-1.861000e+02,-1.367000e+02
1.030016e-01,-7.384211e-02,7.424211e-02,2.332316e-01,-2.637588e+01,-2.680000e+01,-3.240000e+02,8.710000e+01,1.958401e-01,6.450474e-01,5.654763e-01,2.525842e-01,-1.159310e+01,-1.790000e+01,-1.765000e+02,-9.980000e+01
6.705337e-02,-9.254211e-02,9.794211e-02,2.582316e-01,-1.102112e+01,-1.750000e+01,-3.744000e+02,1.153000e+02,2.923293e-01,4.716474e-01,4.013763e-01,3.177842e-01,2.612595e+01,-1.680000e+01,-1.726000e+02,-5.350000e+01
3.153608e-02,-9.324211e-02,1.197421e-01,2.888316e-01,6.446936e+00,-3.300000e+00,-4.182000e+02,1.393000e+02,3.810577e-01,3.118474e-01,2.710763e-01,3.944842e-01,5.106692e+01,6.040000e+01,-1.757000e+02,-5.350000e+01
2.982357e-02,-3.924211e-02,1.287421e-01,3.258316e-01,2.111049e+01,1.820000e+01,-4.356000e+02,1.409000e+02,6.863102e-01,3.313474e-01,-2.102368e-02,5.896842e-01,3.274495e+01,8.500000e+01,-1.158000e+02,-5.450000e+01
9.218072e-02,9.145789e-02,1.310421e-01,3.681316e-01,3.912636e+01,4.370000e+01,-4.236000e+02,1.316000e+02,7.265543e-01,5.209474e-01,-8.992368e-02,5.114842e-01,2.801198e+01,7.490000e+01,-7.690000e+01,-3.670000e+01
1.339644e-01,2.014579e-01,1.350421e-01,3.952316e-01,8.092892e+01,9.110000e+01,-3.893000e+02,1.226000e+02,6.332266e-01,6.321474e-01,8.027632e-02,4.203842e-01,1.360248e+01,5.820000e+01,-4.030000e+01,-2.910000e+01
1.598490e-01,2.856579e-01,1.411421e-01,4.347316e-01,9.887622e+01,1.048000e+02,-3.551000e+02,1.252000e+02,5.013176e-01,4.301474e-01,-8.942368e-02,2.745842e-01,1.225321e+01,3.950000e+01,-2.580000e+01,-1.550000e+01
1.173142e-01,3.029579e-01,1.393421e-01,4.589316e-01,1.069070e+02,1.049000e+02,-3.207000e+02,1.358000e+02,5.325174e-01,3.964474e-01,-1.767237e-01,2.867842e-01,7.112921e+00,2.060000e+01,-1.420000e+01,-7.600000e+00
5.560711e-02,3.059579e-01,1.378421e-01,4.684316e-01,1.154681e+02,1.053000e+02,-2.957000e+02,1.540000e+02,4.986685e-01,3.654474e-01,-2.487237e-01,2.282842e-01,4.277919e+00,1.330000e+01,-6.900000e+00,-4.300000e+00
2.057321e-02,3.343579e-01,1.028421e-01,4.807316e-01,1.167694e+02,1.051000e+02,-2.628000e+02,1.486000e+02,4.161678e-01,2.898474e-01,-2.887237e-01,1.474842e-01,3.817912e+00,4.500000e+00,-7.200000e+00,-8.000000e-01
-3.891872e-04,3.770579e-01,6.334211e-02,4.436316e-01,1.299555e+02,1.200000e+02,-2.226000e+02,1.294000e+02,3.724780e-01,2.472474e-01,-2.552237e-01,1.298842e-01,3.269603e+00,-4.200000e+00,-8.600000e+00,2.100000e+00
3.234242e-02,4.160579e-01,1.456421e-01,4.616316e-01,7.105841e+01,6.860000e+01,-5.470000e+01,3.540000e+01,3.301682e-01,2.061474e-01,-1.696237e-01,1.368842e-01,3.068037e+00,-1.110000e+01,-1.020000e+01,4.500000e+00
8.213397e-02,4.399579e-01,2.644421e-01,5.073316e-01,-3.001900e+01,-3.300000e+01,5.470000e+01,1.200000e+00,2.121256e-01,1.511474e-01,-1.142368e-02,9.328421e-02,3.051616e+00,-1.520000e+01,-1.070000e+01,6.300000e+00
-2.961339e-02,3.113579e-01,3.025421e-01,4.630316e-01,-9.682225e+01,-9.890000e+01,8.330000e+01,-1.720000e+01,7.570469e-02,6.247368e-03,1.209763e-01,6.108421e-02,2.400307e+00,-1.930000e+01,-1.150000e+01,7.200000e+00
-2.558312e-01,7.595789e-02,3.034421e-01,3.851316e-01,-1.026753e+02,-1.005000e+02,7.130000e+01,-3.740000e+01,8.387999e-02,-1.285263e-02,6.817632e-02,5.678421e-02,1.679187e+00,-2.270000e+01,-1.290000e+01,7.400000e+00
-4.087612e-01,-9.004211e-02,2.709421e-01,3.286316e-01,-7.406411e+01,-6.830000e+01,8.000000e+01,-5.360000e+01,4.703379e-02,-3.185263e-02,4.007632e-02,9.184211e-03,9.637866e-01,-2.320000e+01,-1.270000e+01,6.900000e+00
-4.998769e-01,-1.971421e-01,2.205421e-01,2.653316e-01,-3.015017e+01,-2.220000e+01,1.154000e+02,-6.670000e+01,2.649449e-02,-5.235263e-02,2.027632e-02,-1.431579e-02,-1.044588e+00,-2.150000e+01,-1.190000e+01,4.000000e+00
-5.290012e-01,-2.464421e-01,2.133421e-01,2.098316e-01,-1.456768e+01,-7.100000e+00,1.350000e+02,-6.790000e+01,1.750150e-02,-6.285263e-02,-5.423684e-03,-3.181579e-02,-8.944724e-01,-1.670000e+01,-8.600000e+00,3.300000e+00
-5.414967e-01,-2.843421e-01,2.247421e-01,1.590316e-01,-2.142203e+00,1.900000e+00,1.664000e+02,-6.260000e+01,1.264816e-02,-6.675263e-02,-1.722368e-02,-4.121579e-02,-8.051958e-01,-1.350000e+01,-7.500000e+00,2.300000e+00
-5.600526e-01,-3.294421e-01,2.688421e-01,9.863158e-02,-1.605799e+01,-1.720000e+01,1.899000e+02,-5.510000e+01,1.011036e-02,-6.885263e-02,-2.752368e-02,-4.801579e-02,-7.268152e-01,-1.400000e+01,-8.200000e+00,2.300000e+00
-5.661639e-01,-3.775421e-01,3.086421e-01,8.193158e-02,-2.828505e+01,-3.390000e+01,2.108000e+02,-5.080000e+01,6.250206e-03,-7.065263e-02,-3.132368e-02,-5.351579e-02,-6.501205e-01,-1.470000e+01,-9.100000e+00,2.300000e+00
-5.944622e-01,-4.127421e-01,2.146421e-01,7.031579e-03,-2.774716e+01,-3.430000e+01,2.324000e+02,-5.470000e+01,6.128977e-03,-7.125263e-02,-3.772368e-02,-5.631579e-02,1.295777e-01,-1.500000e+01,-1.010000e+01,2.900000e+00
-6.388817e-01,-4.406421e-01,8.634211e-02,-1.027684e-01,-2.040360e+01,-2.570000e+01,2.531000e+02,-6.180000e+01,5.363196e-03,-7.125263e-02,-4.912368e-02,-6.261579e-02,4.119678e-01,-1.530000e+01,-1.170000e+01,2.600000e+00
-5.533899e-01,-3.659421e-01,5.384211e-02,-1.344684e-01,-1.257021e+01,-1.640000e+01,2.669000e+02,-6.670000e+01,3.300199e-03,-6.975263e-02,-6.192368e-02,-7.201579e-02,3.594517e-01,-1.340000e+01,-1.200000e+01,1.400000e+00
-4.236648e-01,-2.501421e-01,6.644211e-02,-1.452684e-01,-1.120403e+01,-1.460000e+01,2.716000e+02,-6.860000e+01,1.688895e-03,-6.905263e-02,-6.832368e-02,-7.741579e-02,2.766077e-01,-1.110000e+01,-1.180000e+01,2.000000e-01
-3.418241e-01,-1.836421e-01,1.132421e-01,-1.645684e-01,-9.455237e+00,-1.160000e+01,2.738000e+02,-7.100000e+01,-6.984678e-04,-6.885263e-02,-6.332368e-02,-7.791579e-02,1.090732e+00,-8.300000e+00,-1.230000e+01,-5.000000e-01
-2.802259e-01,-1.321421e-01,1.654421e-01,-1.891684e-01,-7.445450e+00,-8.400000e+00,2.730000e+02,-7.230000e+01,-1.191196e-03,-6.905263e-02,-5.762368e-02,-7.551579e-02,1.034777e+00,-6.900000e+00,-1.290000e+01,-1.600000e+00
-2.150029e-01,-6.874211e-02,1.948421e-01,-2.068684e-01,-3.741651e+00,-3.400000e+00,2.707000e+02,-7.260000e+01,-3.067176e-04,-6.765263e-02,-5.652368e-02,-7.451579e-02,1.345140e+00,-5.400000e+00,-1.350000e+01,-2.300000e+00
-1.437615e-01,6.557895e-03,2.134421e-01,-2.152684e-01,-2.187188e+00,1.000000e+00,2.655000e+02,-7.460000e+01,-2.315185e-04,-6.545263e-02,-6.082368e-02,-7.761579e-02,1.527524e+00,-4.700000e+00,-1.320000e+01,-2.300000e+00
-7.661106e-02,7.935789e-02,2.296421e-01,-2.155684e-01,-4.295170e+00,1.400000e+00,2.548000e+02,-7.600000e+01,5.748135e-04,-6.365263e-02,-6.752368e-02,-8.081579e-02,1.769169e+00,-2.800000e+00,-1.320000e+01,-3.000000e+00
-1.698149e-02,1.438579e-01,2.568421e-01,-2.124684e-01,-4.934990e+00,1.200000e+00,2.503000e+02,-7.620000e+01,1.516059e-03,-6.095263e-02,-7.422368e-02,-8.431579e-02,1.187159e+00,-2.200000e+00,-1.390000e+01,-4.400000e+00
3.680330e-02,1.999579e-01,2.926421e-01,-2.050684e-01,-6.688733e+00,2.400000e+00,2.405000e+02,-7.760000e+01,3.218161e-03,-5.855263e-02,-7.892368e-02,-8.571579e-02,1.024741e+00,-1.000000e+00,-1.440000e+01,-5.500000e+00
8.603787e-02,2.509579e-01,3.261421e-01,-1.934684e-01,-5.269302e+00,8.500000e+00,2.343000e+02,-7.950000e+01,4.563366e-03,-5.505263e-02,-7.882368e-02,-8.571579e-02,7.813945e-01,-1.700000e+00,-1.410000e+01,-5.300000e+00
1.333850e-01,2.993579e-01,3.535421e-01,-1.762684e-01,-1.593660e+00,1.880000e+01,2.282000e+02,-8.120000e+01,6.053995e-03,-5.205263e-02,-7.372368e-02,-8.271579e-02,2.001811e+00,-5.000000e-01,-1.560000e+01,-5.200000e+00
1.740134e-01,3.401579e-01,3.723421e-01,-1.560684e-01,3.840946e+00,2.970000e+01,2.217000e+02,-8.040000e+01,7.903226e-03,-5.055263e-02,-6.932368e-02,-7.881579e-02,1.750103e+00,-1.500000e+00,-1.640000e+01,-5.400000e+00
2.108766e-01,3.767579e-01,3.843421e-01,-1.326684e-01,1.168579e+01,4.210000e+01,2.164000e+02,-7.740000e+01,9.445563e-03,-4.815263e-02,-6.642368e-02,-7.651579e-02,3.204796e+00,-1.000000e+00,-1.940000e+01,-5.400000e+00
2.445426e-01,4.077579e-01,3.954421e-01,-1.068684e-01,2.173435e+01,5.470000e+01,2.129000e+02,-7.190000e+01,1.154700e-02,-4.565263e-02,-6.362368e-02,-7.361579e-02,3.599832e+00,-2.900000e+00,-2.060000e+01,-4.500000e+00
2.735479e-01,4.381579e-01,4.003421e-01,-8.096842e-02,2.789767e+01,5.890000e+01,2.112000e+02,-6.670000e+01,1.278710e-02,-4.315263e-02,-5.972368e-02,-7.121579e-02,4.549438e+00,-2.700000e+00,-2.290000e+01,-4.600000e+00
2.923154e-01,4.549579e-01,3.978421e-01,-5.576842e-02,4.251733e+01,7.360000e+01,2.100000e+02,-5.670000e+01,1.501145e-02,-4.165263e-02,-5.582368e-02,-6.701579e-02,6.315105e+00,-3.200000e+00,-2.620000e+01,-3.800000e+00
3.029088e-01,4.643579e-01,3.880421e-01,-3.216842e-02,5.222341e+01,7.970000e+01,2.064000e+02,-4.730000e+01,1.700669e-02,-3.905263e-02,-5.202368e-02,-6.371579e-02,7.768506e+00,-4.400000e+00,-3.010000e+01,-3.300000e+00
3.081378e-01,4.696579e-01,3.687421e-01,-8.068421e-03,6.103802e+01,8.510000e+01,1.998000e+02,-3.730000e+01,1.893116e-02,-3.625263e-02,-4.852368e-02,-6.071579e-02,7.318646e+00,-5.900000e+00,-3.360000e+01,-4.800000e+00
3.095690e-01,4.716579e-01,3.452421e-01,1.573158e-02,6.906908e+01,9.380000e+01,1.933000e+02,-2.910000e+01,2.119807e-02,-3.295263e-02,-4.692368e-02,-5.851579e-02,6.201496e+00,-8.800000e+00,-3.430000e+01,-4.900000e+00
3.087925e-01,4.733579e-01,3.201421e-01,3.893158e-02,7.580929e+01,1.033000e+02,1.863000e+02,-2.200000e+01,2.435089e-02,-2.955263e-02,-4.662368e-02,-5.581579e-02,5.564304e+00,-1.370000e+01,-3.840000e+01,-5.000000e+00
3.064145e-01,4.759579e-01,2.944421e-01,6.203158e-02,8.146735e+01,1.117000e+02,1.825000e+02,-1.670000e+01,2.661080e-02,-2.595263e-02,-4.702368e-02,-5.461579e-02,5.334389e+00,-1.750000e+01,-4.250000e+01,-5.200000e+00
3.037639e-01,4.814579e-01,2.704421e-01,8.573158e-02,8.428969e+01,1.142000e+02,1.811000e+02,-1.380000e+01,3.050922e-02,-2.555263e-02,-4.872368e-02,-5.001579e-02,8.611497e+00,-1.610000e+01,-4.760000e+01,-4.500000e+00
2.957084e-01,4.926579e-01,2.427421e-01,1.061316e-01,8.834515e+01,1.182000e+02,1.775000e+02,-8.700000e+00,3.219710e-02,-2.255263e-02,-4.912368e-02,-4.901579e-02,1.512491e+01,-1.000000e+01,-5.370000e+01,-3.000000e+00
2.756625e-01,5.111579e-01,2.077421e-01,1.184316e-01,9.361719e+01,1.230000e+02,1.771000e+02,-3.700000e+00,3.527579e-02,-2.385263e-02,-5.072368e-02,-4.391579e-02,1.391908e+01,-1.730000e+01,-6.070000e+01,-3.800000e+00
2.427033e-01,5.300579e-01,1.701421e-01,1.203316e-01,9.694069e+01,1.245000e+02,1.726000e+02,1.900000e+00,3.757403e-02,-2.155263e-02,-5.062368e-02,-4.091579e-02,1.577776e+01,-1.740000e+01,-6.460000e+01,-3.400000e+00
1.996978e-01,5.555579e-01,1.304421e-01,1.133316e-01,9.559760e+01,1.205000e+02,1.640000e+02,5.300000e+00,3.889626e-02,-1.945263e-02,-5.022368e-02,-3.851579e-02,1.786580e+01,-2.240000e+01,-7.220000e+01,-1.600000e+00
1.453394e-01,5.921579e-01,8.284211e-02,9.783158e-02,8.765847e+01,1.118000e+02,1.485000e+02,5.600000e+00,4.031581e-02,-1.605263e-02,-5.022368e-02,-3.651579e-02,1.722362e+01,-3.080000e+01,-8.120000e+01,-1.900000e+00
7.894690e-02,6.398579e-01,3.404211e-02,7.123158e-02,7.700479e+01,1.060000e+02,1.399000e+02,-1.400000e+00,4.203659e-02,-1.305263e-02,-5.062368e-02,-3.351579e-02,2.055854e+01,-3.310000e+01,-9.100000e+01,-1.400000e+00
-2.288116e-03,6.992579e-01,-1.355789e-02,2.613158e-02,5.890162e+01,9.080000e+01,1.192000e+02,-9.200000e+00,4.252992e-02,-1.105263e-02,-5.092368e-02,-3.071579e-02,2.665279e+01,-3.160000e+01,-1.032000e+02,-1.200000e+00
-9.444941e-02,7.679579e-01,-5.775789e-02,-3.596842e-02,2.509926e+01,6.790000e+01,8.830000e+01,-2.880000e+01,4.364886e-02,-5.152632e-03,-5.112368e-02,-2.911579e-02,3.015630e+01,-3.340000e+01,-1.121000e+02,-3.000000e-01
-1.997755e-01,8.464579e-01,-1.064579e-01,-1.144684e-01,-1.603968e+01,4.040000e+01,5.150000e+01,-5.330000e+01,3.966782e-02,-1.652632e-03,-4.902368e-02,-3.061579e-02,3.271875e+01,-3.640000e+01,-1.215000e+02,-1.000000e-01
-3.181984e-01,9.331579e-01,-1.676579e-01,-2.046684e-01,-5.797222e+01,1.840000e+01,1.360000e+01,-7.830000e+01,3.235838e-02,5.247368e-03,-4.542368e-02,-3.801579e-02,3.376376e+01,-3.920000e+01,-1.267000e+02,4.000000e-01
-4.398902e-01,1.021158e+00,-2.332579e-01,-3.004684e-01,-9.911115e+01,6.400000e+00,-2.440000e+01,-1.025000e+02,2.958457e-02,1.404737e-02,-4.602368e-02,-4.251579e-02,3.568240e+01,-4.230000e+01,-1.348000e+02,6.000000e-01
-5.250275e-01,1.105158e+00,-2.524579e-01,-3.964684e-01,-1.501994e+02,-7.420000e+01,-7.780000e+01,-1.281000e+02,2.249895e-02,2.544737e-02,-4.332368e-02,-5.281579e-02,3.676995e+01,-4.830000e+01,-1.435000e+02,1.700000e+00
-6.253560e-01,1.232558e+00,-2.825579e-01,-5.164684e-01,-1.774774e+02,-1.213000e+02,-1.187000e+02,-1.339000e+02,1.106308e-02,3.014737e-02,-3.962368e-02,-6.191579e-02,3.893376e+01,-5.510000e+01,-1.558000e+02,2.800000e+00
-7.128877e-01,1.443058e+00,-3.263579e-01,-6.390684e-01,-2.443818e+02,-2.058000e+02,-1.943000e+02,-1.647000e+02,7.405228e-04,4.034737e-02,-3.342368e-02,-7.121579e-02,4.039469e+01,-6.630000e+01,-1.694000e+02,6.200000e+00
-7.681304e-01,1.229158e+00,-4.530579e-01,-6.888684e-01,-2.541888e+02,-2.049000e+02,-2.530000e+02,-1.428000e+02,-1.592451e-02,4.714737e-02,-2.162368e-02,-8.051579e-02,4.492684e+01,-8.140000e+01,-1.889000e+02,1.440000e+01
-5.836414e-01,9.663579e-01,-5.816579e-01,-5.011684e-01,-2.080949e+02,-8.790000e+01,-4.116000e+02,-1.700000e+01,-3.616746e-02,4.914737e-02,-2.923684e-03,-8.181579e-02,4.837791e+01,-9.020000e+01,-2.021000e+02,1.940000e+01
-4.340524e-01,1.032658e+00,-7.758579e-01,-3.475684e-01,-8.758913e+01,-5.830000e+01,-3.469000e+02,8.210000e+01,-5.329619e-02,5.234737e-02,1.057632e-02,-7.571579e-02,5.873931e+01,-1.098000e+02,-2.360000e+02,3.200000e+01
-3.442723e-01,1.000558e+00,-9.479579e-01,-2.381684e-01,-7.820121e-01,-3.800000e+00,-2.777000e+02,1.349000e+02,-7.720246e-02,4.194737e-02,9.076316e-03,-6.901579e-02,7.036018e+01,-1.218000e+02,-2.695000e+02,3.810000e+01
-2.228347e-01,9.715579e-01,-1.037458e+00,-1.061684e-01,1.338003e+01,2.670000e+01,-2.198000e+02,1.143000e+02,-1.081757e-01,2.744737e-02,4.376316e-03,-5.971579e-02,8.098627e+01,-1.367000e+02,-3.109000e+02,3.800000e+01
1.088001e-02,9.357579e-01,-8.942579e-01,5.413158e-02,7.407664e+00,7.800000e+00,-2.049000e+02,1.059000e+02,-1.200768e-01,3.614737e-02,-1.492368e-02,-4.651579e-02,8.697595e+01,-1.461000e+02,-3.466000e+02,2.420000e+01
2.412942e-01,8.925579e-01,-7.399579e-01,2.203316e-01,7.728447e+00,7.800000e+00,-2.049000e+02,1.059000e+02,-1.440887e-01,3.534737e-02,-3.492368e-02,-2.661579e-02,9.585846e+01,-1.485000e+02,-3.783000e+02,7.100000e+00
2.674219e-01,7.536579e-01,-7.423579e-01,2.765316e-01,-1.787231e+01,-8.960000e+01,-8.530000e+01,5.880000e+01,-1.469928e-01,5.654737e-02,-7.702368e-02,-4.215789e-03,9.254492e+01,-1.586000e+02,-3.995000e+02,-1.570000e+01
3.456018e-01,6.030579e-01,-7.646579e-01,4.220316e-01,-6.193883e+00,-8.440000e+01,-2.820000e+01,4.380000e+01,-1.073702e-01,1.129474e-01,-1.558237e-01,2.458421e-02,9.264612e+01,-1.599000e+02,-4.078000e+02,-2.990000e+01
4.042386e-01,3.670579e-01,-6.752579e-01,5.434316e-01,-1.025705e+01,-6.930000e+01,0.000000e+00,1.960000e+01,-4.548755e-02,1.812474e-01,-2.704237e-01,5.268421e-02,8.360703e+01,-1.591000e+02,-4.022000e+02,-6.750000e+01
5.753846e-01,5.089579e-01,-5.479579e-01,6.139316e-01,-8.263616e+00,-5.610000e+01,2.500000e+00,1.490000e+01,2.431500e-02,2.522474e-01,-4.136237e-01,7.778421e-02,8.330478e+01,-1.495000e+02,-3.973000e+02,-1.211000e+02
5.647788e-01,6.867579e-01,-4.040579e-01,4.534316e-01,-7.970419e+00,-4.960000e+01,9.500000e+00,9.500000e+00,9.265907e-02,3.371474e-01,-5.538237e-01,1.190842e-01,6.513453e+01,-1.517000e+02,-3.699000e+02,-1.699000e+02
4.799952e-01,5.209579e-01,-1.705579e-01,3.329316e-01,-7.591894e+00,-4.840000e+01,1.050000e+01,9.100000e+00,1.546991e-01,4.183474e-01,-7.078237e-01,1.768842e-01,3.909645e+01,-1.445000e+02,-3.040000e+02,-2.152000e+02
4.613127e-01,4.400579e-01,1.954211e-02,2.732316e-01,-5.883209e+00,-4.330000e+01,1.120000e+01,8.600000e+00,2.018537e-01,4.959474e-01,-8.550237e-01,2.256842e-01,6.315526e+01,-9.770000e+01,-2.642000e+02,-2.403000e+02
4.026252e-01,3.439579e-01,1.289421e-01,2.076316e-01,-5.312253e+00,-3.430000e+01,1.160000e+01,5.100000e+00,2.441396e-01,5.850474e-01,-9.856237e-01,3.111842e-01,6.292342e+01,-7.000000e+01,-2.149000e+02,-2.186000e+02
2.550843e-01,2.411579e-01,1.214211e-02,1.257316e-01,-3.871413e+00,-2.270000e+01,8.800000e+00,2.600000e+00,1.692420e-01,5.731474e-01,-1.000024e+00,3.681842e-01,1.282175e+01,-7.170000e+01,-1.027000e+02,-2.015000e+02
1.055954e-01,1.384579e-01,-9.625789e-02,3.793158e-02,-3.764433e+00,-1.420000e+01,5.800000e+00,0.000000e+00,1.352243e-01,5.309474e-01,-1.138624e+00,4.162842e-01,2.266154e+01,-2.690000e+01,-6.260000e+01,-1.211000e+02
1.276988e-01,1.287579e-01,-7.775789e-02,6.063158e-02,-2.634205e+00,-1.140000e+01,4.300000e+00,6.000000e-01,1.800727e-01,5.623474e-01,-1.172424e+00,5.070842e-01,-3.029315e+01,1.000000e-01,1.208000e+02,-5.910000e+01
9.621876e-02,8.355789e-02,-2.325789e-02,2.523158e-02,-2.654105e+00,-1.140000e+01,4.300000e+00,6.000000e-01,1.868883e-01,5.608474e-01,-1.172024e+00,5.925842e-01,-3.042998e+01,1.000000e-01,1.208000e+02,-5.910000e+01
6.464903e-02,3.475789e-02,-6.125789e-02,2.393158e-02,-1.993465e+00,-8.700000e+00,3.600000e+00,4.000000e-01,5.394413e-02,3.679474e-01,-1.166424e+00,6.184842e-01,4.586119e+01,1.052000e+02,1.920000e+02,-7.610000e+01
5.172876e-02,2.395789e-02,-4.815789e-02,9.131579e-03,-2.007660e+00,-8.700000e+00,3.600000e+00,4.000000e-01,-6.329162e-02,2.013474e-01,-1.082724e+00,6.183842e-01,3.457129e+01,1.115000e+02,2.340000e+02,-5.050000e+01
4.070106e-02,1.615789e-02,-4.525789e-02,-1.168421e-03,-1.531900e+00,-4.400000e+00,7.000000e-01,0.000000e+00,-1.550064e-01,5.334737e-02,-9.883237e-01,6.034842e-01,2.502902e+01,1.164000e+02,2.720000e+02,-2.910000e+01
3.230867e-02,1.015789e-02,-5.925789e-02,-3.468421e-03,-1.640922e+00,-2.600000e+00,-3.000000e-01,-6.000000e-01,-1.947700e-01,-5.865263e-02,-8.978237e-01,5.708842e-01,3.049702e+01,1.426000e+02,3.295000e+02,-4.000000e-01
2.946862e-02,5.457895e-03,-5.115789e-02,-7.468421e-03,-2.354961e+00,-3.200000e+00,-2.500000e+00,-4.000000e-01,-2.210351e-01,-1.600526e-01,-8.016237e-01,5.273842e-01,4.111638e+01,1.703000e+02,3.782000e+02,2.700000e+00
2.436223e-02,6.578947e-04,-4.115789e-02,-1.456842e-02,-1.560044e+00,-1.200000e+00,-3.100000e+00,-2.000000e-01,-2.658957e-01,-2.686526e-01,-6.981237e-01,4.335842e-01,3.819101e+01,1.820000e+02,4.194000e+02,-3.100000e+00
2.024972e-02,-8.421053e-04,-2.425789e-02,-2.426842e-02,-1.187349e+00,1.000000e-01,-3.900000e+00,-1.000000e-01,-2.085389e-01,-2.832526e-01,-6.714237e-01,3.593842e-01,6.678670e+00,1.633000e+02,4.532000e+02,-2.030000e+01
1.792383e-02,-2.342105e-03,-1.545789e-02,-2.916842e-02,-6.082105e-01,1.000000e-01,-3.700000e+00,5.000000e-01,-1.731844e-01,-2.551526e-01,-5.001237e-01,2.784842e-01,-3.974722e+01,1.268000e+02,4.773000e+02,-4.040000e+01
1.573532e-02,-4.342105e-03,-1.405789e-02,-3.116842e-02,-1.333011e+00,9.000000e-01,-5.200000e+00,-2.000000e-01,-2.297064e-01,-3.183526e-01,-4.102237e-01,1.524842e-01,-6.852033e+01,1.059000e+02,4.869000e+02,-6.030000e+01
1.374665e-02,-5.942105e-03,-1.275789e-02,-3.306842e-02,-1.186053e+00,2.000000e+00,-7.100000e+00,1.000000e-01,-3.025318e-01,-3.861526e-01,-3.397237e-01,2.468421e-02,-1.039955e+02,7.260000e+01,4.975000e+02,-6.830000e+01
1.320374e-02,-6.142105e-03,-1.195789e-02,-3.376842e-02,-8.165121e-01,3.000000e+00,-8.400000e+00,5.000000e-01,-2.236305e-01,-2.764526e-01,-2.486237e-01,-4.331579e-02,-1.293249e+02,4.680000e+01,4.958000e+02,-7.630000e+01
1.236301e-02,-6.242105e-03,-1.195789e-02,-3.456842e-02,-7.141178e-01,4.200000e+00,-1.030000e+01,7.000000e-01,-1.505463e-01,-1.931526e-01,-2.223237e-01,-7.971579e-02,-1.417500e+02,2.570000e+01,4.854000e+02,-7.280000e+01
1.138688e-02,-6.242105e-03,-9.557895e-03,-3.636842e-02,-1.195759e+00,4.900000e+00,-1.290000e+01,7.000000e-01,-1.129863e-01,-1.360526e-01,-2.182237e-01,-1.239158e-01,-1.399790e+02,8.700000e+00,4.640000e+02,-5.750000e+01
1.127026e-02,-5.742105e-03,-1.105789e-02,-3.606842e-02,-5.775152e-01,5.800000e+00,-1.410000e+01,1.400000e+00,-1.151885e-01,-1.092526e-01,-1.935237e-01,-1.705158e-01,-1.273859e+02,-1.070000e+01,4.375000e+02,-2.840000e+01
1.110056e-02,-4.942105e-03,-1.315789e-02,-3.576842e-02,-5.765289e-01,5.800000e+00,-1.410000e+01,1.400000e+00,-1.122304e-01,-8.075263e-02,-1.666237e-01,-1.966158e-01,-1.279575e+02,-1.070000e+01,4.375000e+02,-2.840000e+01
9.367837e-03,-3.142105e-03,-1.775789e-02,-3.686842e-02,-1.304880e+00,7.300000e+00,-1.780000e+01,1.100000e+00,-7.889716e-02,-4.595263e-02,-1.719237e-01,-1.908158e-01,-7.916039e+01,-3.790000e+01,3.929000e+02,4.040000e+01
7.736174e-03,-1.942105e-03,-2.405789e-02,-3.696842e-02,-1.473091e+00,8.600000e+00,-1.850000e+01,5.000000e-01,-3.262652e-02,-1.925263e-02,-2.057237e-01,-1.679158e-01,-4.104449e+01,-5.490000e+01,3.611000e+02,8.840000e+01
6.846726e-03,3.578947e-04,-2.595789e-02,-3.826842e-02,-1.964883e+00,8.700000e+00,-1.890000e+01,0.000000e+00,3.488931e-02,6.147368e-03,-2.618237e-01,-1.242158e-01,-1.113920e+00,-6.720000e+01,3.310000e+02,1.333000e+02
5.348087e-03,1.757895e-03,-2.525789e-02,-4.076842e-02,-1.436907e+00,8.000000e+00,-1.790000e+01,6.000000e-01,1.177959e-01,3.374737e-02,-3.239237e-01,-6.451579e-02,4.017564e+01,-6.950000e+01,3.037000e+02,1.735000e+02
2.965324e-03,1.957895e-03,-1.985789e-02,-4.536842e-02,-1.005919e+00,6.900000e+00,-1.720000e+01,1.400000e+00,2.075718e-01,7.074737e-02,-3.606237e-01,1.098421e-02,7.389024e+01,-6.760000e+01,2.834000e+02,2.043000e+02
1.242886e-03,3.157895e-03,-1.235789e-02,-5.046842e-02,-1.649351e+00,3.900000e+00,-1.620000e+01,1.800000e+00,2.993277e-01,1.155474e-01,-3.791237e-01,9.918421e-02,9.162740e+01,-6.320000e+01,2.730000e+02,2.192000e+02
1.880064e-04,3.957895e-03,-2.457895e-03,-5.546842e-02,-1.526855e+00,5.000000e-01,-1.430000e+01,3.000000e+00,3.819051e-01,1.752474e-01,-3.709237e-01,1.929842e-01,8.701637e+01,-6.410000e+01,2.714000e+02,2.140000e+02
-2.573294e-04,5.157895e-03,5.142105e-03,-5.916842e-02,-9.438364e-01,-2.100000e+00,-1.340000e+01,4.700000e+00,4.522759e-01,2.553474e-01,-3.505237e-01,2.870842e-01,7.511310e+01,-7.100000e+01,2.736000e+02,2.034000e+02
-5.173815e-04,6.857895e-03,1.064211e-02,-6.216842e-02,-5.502405e-02,-3.100000e+00,-1.320000e+01,6.200000e+00,5.093485e-01,3.617474e-01,-3.307237e-01,3.789842e-01,4.210713e+01,-7.650000e+01,2.804000e+02,1.711000e+02
-9.009060e-05,9.557895e-03,1.674211e-02,-6.506842e-02,3.961799e-01,-4.600000e+00,-1.540000e+01,8.300000e+00,5.525258e-01,5.011474e-01,-3.228237e-01,4.669842e-01,9.201646e-01,-7.450000e+01,2.874000e+02,1.291000e+02
3.892619e-03,1.195789e-02,2.504211e-02,-6.436842e-02,7.525801e-01,-5.700000e+00,-1.790000e+01,1.020000e+01,5.429031e-01,6.589474e-01,-3.144237e-01,5.169842e-01,-4.100940e+01,-6.510000e+01,2.915000e+02,8.490000e+01
9.103359e-03,1.305789e-02,3.664211e-02,-6.266842e-02,1.170795e+00,-5.500000e+00,-2.010000e+01,1.140000e+01,4.758793e-01,8.383474e-01,-2.920237e-01,5.276842e-01,-7.138652e+01,-5.930000e+01,2.801000e+02,4.660000e+01
1.631779e-02,1.025789e-02,3.844211e-02,-5.296842e-02,2.567198e+00,-4.300000e+00,-2.530000e+01,1.430000e+01,3.467807e-01,1.030547e+00,-2.536237e-01,4.863842e-01,-7.884202e+01,-6.390000e+01,2.422000e+02,2.040000e+01
2.614956e-02,6.457895e-03,3.504211e-02,-3.756842e-02,-6.018899e+00,-9.400000e+00,-3.670000e+01,1.090000e+01,1.578258e-01,1.224447e+00,-1.920237e-01,3.968842e-01,-7.662854e+01,-7.120000e+01,2.146000e+02,8.800000e+00
3.787586e-02,5.357895e-03,2.504211e-02,-1.866842e-02,-7.615631e+00,-4.600000e+00,-5.070000e+01,1.140000e+01,-6.506021e-02,1.420547e+00,-1.124237e-01,2.694842e-01,-6.144754e+01,-9.290000e+01,1.560000e+02,-6.600000e+00
5.121918e-02,8.457895e-03,1.294211e-02,1.031579e-03,-1.013066e+01,-4.000000e-01,-6.310000e+01,1.050000e+01,-2.961709e-01,1.608847e+00,-2.862368e-02,1.223842e-01,-4.042365e+01,-1.113000e+02,1.063000e+02,-1.170000e+01
6.358154e-02,9.457895e-03,-2.357895e-03,2.243158e-02,-1.511459e+01,1.800000e+00,-7.530000e+01,7.600000e+00,-5.092185e-01,1.780847e+00,4.927632e-02,-2.781579e-02,-1.311165e+01,-1.150000e+02,5.220000e+01,-1.020000e+01
7.554431e-02,9.257895e-03,-1.365789e-02,4.343158e-02,-2.391633e+01,-2.900000e+00,-9.090000e+01,5.200000e+00,-6.361268e-01,1.921647e+00,5.777632e-02,-1.533158e-01,2.476157e+01,-3.900000e+01,-2.160000e+01,8.300000e+00
8.718280e-02,8.657895e-03,-2.085789e-02,6.373158e-02,-2.555647e+01,-2.100000e+00,-1.002000e+02,6.000000e+00,-7.704592e-01,2.078947e+00,7.087632e-02,-3.149158e-01,6.988737e+01,7.490000e+01,-1.029000e+02,3.790000e+01
9.579203e-02,8.357895e-03,-2.455789e-02,8.023158e-02,-2.947294e+01,-1.800000e+00,-1.162000e+02,6.700000e+00,-9.871973e-01,2.223047e+00,1.490763e-01,-5.463158e-01,1.778372e+02,1.117000e+02,-1.667000e+02,1.344000e+02
1.012435e-01,5.257895e-03,-2.545789e-02,9.513158e-02,-3.105646e+01,-4.200000e+00,-1.297000e+02,1.110000e+01,-1.014451e+00,1.873847e+00,3.148763e-01,-6.141158e-01,2.279353e+02,9.340000e+01,-2.195000e+02,1.604000e+02
1.108541e-01,-1.342105e-03,-2.235789e-02,1.190316e-01,-4.023079e+01,-1.180000e+01,-1.566000e+02,1.440000e+01,-7.433827e-01,1.489347e+00,3.661763e-01,-4.876158e-01,2.869052e+02,5.400000e+00,-4.648000e+02,9.150000e+01
1.167027e-01,-6.421053e-04,-1.365789e-02,1.345316e-01,-5.150021e+01,-2.270000e+01,-1.854000e+02,1.820000e+01,-4.548389e-01,1.536647e+00,4.353763e-01,-2.822158e-01,2.029082e+02,3.830000e+01,-4.300000e+02,1.710000e+01
1.123624e-01,-5.742105e-03,-5.657895e-03,1.462316e-01,-5.453534e+01,-2.610000e+01,-2.163000e+02,2.810000e+01,-3.202834e-01,1.388647e+00,6.036763e-01,-1.780158e-01,1.348035e+02,6.280000e+01,-3.610000e+02,-2.530000e+01
1.009736e-01,-1.244211e-02,1.842105e-03,1.564316e-01,-5.953367e+01,-3.150000e+01,-2.490000e+02,3.780000e+01,-2.266816e-01,1.198447e+00,7.654763e-01,-7.311579e-02,3.859215e+01,-3.800000e+00,-2.745000e+02,-8.580000e+01
8.544407e-02,-1.974211e-02,1.434211e-02,1.658316e-01,-6.169110e+01,-3.470000e+01,-2.655000e+02,4.370000e+01,-2.817532e-02,1.017847e+00,7.871763e-01,1.164842e-01,-3.976255e+01,-1.370000e+01,-2.057000e+02,-1.390000e+02
6.152928e-02,-2.894211e-02,3.764211e-02,1.709316e-01,-5.686577e+01,-3.250000e+01,-2.969000e+02,6.020000e+01,1.051594e-01,8.189474e-01,7.509763e-01,2.346842e-01,-5.659456e+01,-1.630000e+01,-1.863000e+02,-1.479000e+02
2.659012e-02,-3.904211e-02,6.474211e-02,1.720316e-01,-4.664406e+01,-2.840000e+01,-3.313000e+02,8.420000e+01,1.412166e-01,6.048474e-01,7.279763e-01,2.808842e-01,-4.041065e+01,-3.280000e+01,-1.827000e+02,-1.237000e+02
-1.156154e-02,-3.894211e-02,8.774211e-02,1.732316e-01,-3.398698e+01,-2.100000e+01,-3.678000e+02,1.095000e+02,2.163546e-01,3.731474e-01,6.438763e-01,3.717842e-01,-1.095650e+00,-2.880000e+01,-1.983000e+02,-8.690000e+01
-3.533932e-02,-1.704211e-02,1.083421e-01,1.871316e-01,-2.232414e+01,-1.240000e+01,-3.971000e+02,1.292000e+02,5.002778e-01,1.939474e-01,4.224763e-01,6.338842e-01,2.280750e+01,5.880000e+01,-1.945000e+02,-8.550000e+01
-1.276875e-02,6.085789e-02,1.191421e-01,2.128316e-01,-1.958133e+01,-8.800000e+00,-4.000000e+02,1.299000e+02,6.930989e-01,5.019474e-01,2.382763e-01,6.417842e-01,-6.615365e+00,8.880000e+01,-3.740000e+01,-5.780000e+01
4.849999e-02,1.848579e-01,1.241421e-01,2.361316e-01,-1.228377e+01,1.800000e+00,-3.884000e+02,1.213000e+02,6.871035e-01,7.005474e-01,2.079763e-01,5.273842e-01,1.563658e+01,7.570000e+01,-7.230000e+01,-4.250000e+01
9.362545e-02,2.871579e-01,1.226421e-01,2.666316e-01,9.957556e+00,2.860000e+01,-3.704000e+02,1.094000e+02,5.014761e-01,4.786474e-01,1.404763e-01,3.658842e-01,2.432632e+00,5.280000e+01,-1.140000e+01,-2.300000e+01
1.214473e-01,3.691579e-01,1.277421e-01,3.017316e-01,3.215455e+01,5.050000e+01,-3.506000e+02,1.066000e+02,5.019689e-01,4.141474e-01,-4.572368e-02,3.132842e-01,3.399198e+00,4.740000e+01,-7.200000e+00,-1.810000e+01
1.129709e-01,4.142579e-01,1.291421e-01,3.423316e-01,4.893652e+01,6.410000e+01,-3.267000e+02,1.093000e+02,5.310476e-01,3.729474e-01,-2.289237e-01,2.902842e-01,2.204481e+00,3.920000e+01,2.000000e-01,-1.330000e+01
7.154763e-02,4.304579e-01,1.294421e-01,3.732316e-01,5.783229e+01,6.720000e+01,-3.014000e+02,1.222000e+02,4.455850e-01,3.214474e-01,-2.905237e-01,1.893842e-01,2.501136e+00,2.830000e+01,-6.000000e-01,-8.900000e+00
4.699749e-02,4.622579e-01,1.397421e-01,4.137316e-01,4.804213e+01,5.540000e+01,-2.769000e+02,1.185000e+02,4.075187e-01,2.854474e-01,-3.021237e-01,1.560842e-01,1.342337e+00,1.960000e+01,-3.000000e-01,-6.600000e+00
3.925390e-02,4.966579e-01,1.302421e-01,4.390316e-01,6.578253e+01,7.360000e+01,-1.882000e+02,6.250000e+01,4.004263e-01,2.733474e-01,-2.703237e-01,1.648842e-01,9.039395e-01,1.300000e+01,-5.000000e-01,-4.500000e+00
9.609216e-02,5.640579e-01,2.540421e-01,4.887316e-01,1.644848e+01,2.730000e+01,-1.168000e+02,-2.230000e+01,3.543661e-01,2.327474e-01,-1.766237e-01,1.639842e-01,7.126547e-01,5.700000e+00,-2.000000e+00,-2.300000e+00
1.089904e-01,5.477579e-01,3.808421e-01,5.578316e-01,-1.221332e+02,-1.169000e+02,8.600000e+00,-8.220000e+01,1.682911e-01,1.186474e-01,8.763158e-04,6.478421e-02,7.207788e-02,1.400000e+00,-2.900000e+00,-1.600000e+00
-2.222826e-02,3.847579e-01,4.113421e-01,5.598316e-01,-1.638499e+02,-1.616000e+02,5.230000e+01,-9.680000e+01,1.106927e-01,-1.235263e-02,5.837632e-02,7.488421e-02,8.958245e-01,-4.100000e+00,-6.200000e+00,4.000000e-01
-2.398419e-01,1.427579e-01,3.868421e-01,5.316316e-01,-1.436086e+02,-1.403000e+02,4.990000e+01,-1.024000e+02,7.468846e-02,-2.635263e-02,5.877632e-02,3.948421e-02,1.108886e+00,-7.600000e+00,-7.600000e+00,1.600000e+00
-3.929864e-01,-3.324211e-02,3.329421e-01,5.138316e-01,-8.016221e+01,-7.940000e+01,6.840000e+01,-9.170000e+01,3.116534e-02,-7.135263e-02,5.697632e-02,7.684211e-03,1.094063e+00,-5.200000e+00,-8.100000e+00,4.000000e-01
-4.768402e-01,-1.493421e-01,2.693421e-01,5.066316e-01,-3.866717e-01,-7.800000e+00,1.273000e+02,-8.000000e+01,2.083145e-02,-8.505263e-02,5.057632e-02,-9.157895e-04,1.711417e-01,3.000000e-01,-5.800000e+00,-2.100000e+00
-5.159520e-01,-2.366421e-01,2.521421e-01,4.889316e-01,4.549808e+01,2.660000e+01,1.893000e+02,-5.970000e+01,1.579495e-02,-8.685263e-02,2.807632e-02,-1.441579e-02,-6.259027e-01,4.200000e+00,-3.000000e+00,-3.600000e+00
-5.281535e-01,-3.049421e-01,2.616421e-01,4.682316e-01,5.059607e+01,2.500000e+01,2.170000e+02,-4.770000e+01,1.040552e-02,-9.125263e-02,1.477632e-02,-2.371579e-02,-3.241648e-01,6.700000e+00,-1.400000e+00,-3.700000e+00
-5.437551e-01,-3.772421e-01,2.584421e-01,4.299316e-01,4.299265e+01,4.800000e+00,2.581000e+02,-2.580000e+01,5.986332e-03,-9.365263e-02,3.876316e-03,-3.181579e-02,-4.090546e-01,6.900000e+00,-1.200000e+00,-3.800000e+00
-5.436464e-01,-4.392421e-01,2.587421e-01,3.978316e-01,3.727424e+01,-9.600000e+00,2.879000e+02,-1.580000e+01,4.201203e-03,-9.505263e-02,-3.523684e-03,-3.601579e-02,-2.146457e+00,3.600000e+00,-2.800000e+00,-5.000000e+00
-6.046395e-01,-5.329421e-01,1.235421e-01,3.359316e-01,4.096122e+01,-8.900000e+00,3.107000e+02,-1.950000e+01,1.793085e-03,-9.535263e-02,-1.502368e-02,-4.291579e-02,-1.699871e+00,3.300000e+00,-3.700000e+00,-4.700000e+00
-6.107457e-01,-5.496421e-01,-1.545789e-02,2.421316e-01,5.129220e+01,2.500000e+00,3.308000e+02,-3.010000e+01,2.971043e-04,-9.395263e-02,-2.872368e-02,-5.031579e-02,-2.347881e+00,3.600000e+00,-3.500000e+00,-5.500000e+00
-4.929627e-01,-4.641421e-01,-4.155789e-02,1.979316e-01,5.287348e+01,6.000000e+00,3.435000e+02,-3.970000e+01,-5.059528e-04,-9.225263e-02,-3.602368e-02,-5.471579e-02,-3.763240e+00,1.200000e+00,-2.900000e+00,-5.900000e+00
-3.292379e-01,-3.362421e-01,-4.557895e-03,1.713316e-01,4.828466e+01,4.400000e+00,3.470000e+02,-4.820000e+01,-1.217537e-03,-9.105263e-02,-3.472368e-02,-5.561579e-02,-4.331191e+00,-1.000000e-01,-3.400000e+00,-6.200000e+00
-2.180623e-01,-2.542421e-01,6.884211e-02,1.271316e-01,4.064047e+01,-2.100000e+00,3.436000e+02,-5.150000e+01,7.996537e-05,-9.125263e-02,-2.142368e-02,-4.911579e-02,-3.603321e+00,-1.700000e+00,-5.000000e+00,-5.300000e+00
-1.511952e-01,-2.016421e-01,1.434421e-01,6.803158e-02,3.113798e+01,-6.600000e+00,3.323000e+02,-5.820000e+01,2.286181e-03,-9.115263e-02,-5.923684e-03,-4.081579e-02,-3.422099e+00,-3.100000e+00,-6.300000e+00,-5.000000e+00
-9.014322e-02,-1.354421e-01,1.748421e-01,1.843158e-02,2.664413e+01,-2.800000e+00,3.178000e+02,-6.560000e+01,4.031588e-03,-9.105263e-02,6.076316e-03,-3.431579e-02,-2.973632e+00,-4.900000e+00,-8.600000e+00,-4.600000e+00
-3.018680e-02,-5.554211e-02,1.754421e-01,-1.736842e-02,2.198840e+01,4.200000e+00,2.971000e+02,-7.380000e+01,5.481950e-03,-8.975263e-02,1.127632e-02,-3.121579e-02,-3.515347e+00,-6.800000e+00,-8.800000e+00,-4.500000e+00
2.300344e-02,1.865789e-02,1.752421e-01,-3.956842e-02,1.789804e+01,1.120000e+01,2.717000e+02,-7.850000e+01,7.576381e-03,-8.685263e-02,1.257632e-02,-2.951579e-02,-3.687028e+00,-7.500000e+00,-1.090000e+01,-5.200000e+00
8.257294e-02,9.105789e-02,1.903421e-01,-4.356842e-02,8.214175e+00,1.320000e+01,2.488000e+02,-8.640000e+01,8.667863e-03,-8.405263e-02,1.337632e-02,-2.911579e-02,-3.180315e+00,-7.400000e+00,-1.180000e+01,-5.000000e+00
1.423514e-01,1.582579e-01,2.150421e-01,-3.696842e-02,2.433595e+00,1.260000e+01,2.407000e+02,-9.140000e+01,1.049206e-02,-8.175263e-02,1.717632e-02,-2.651579e-02,-2.874873e+00,-7.800000e+00,-1.240000e+01,-4.700000e+00
1.951523e-01,2.116579e-01,2.394421e-01,-2.176842e-02,-1.085969e+01,8.400000e+00,2.274000e+02,-1.013000e+02,1.215949e-02,-7.985263e-02,2.257632e-02,-2.331579e-02,-2.254225e+00,-7.400000e+00,-1.360000e+01,-4.600000e+00
2.411772e-01,2.570579e-01,2.516421e-01,4.315789e-04,-1.991624e+01,5.800000e+00,2.196000e+02,-1.086000e+02,1.402486e-02,-7.845263e-02,2.497632e-02,-2.081579e-02,-2.396495e+00,-8.100000e+00,-1.400000e+01,-4.600000e+00
2.818499e-01,2.970579e-01,2.497421e-01,2.953158e-02,-2.292227e+01,7.800000e+00,2.122000e+02,-1.112000e+02,1.594625e-02,-7.735263e-02,2.527632e-02,-1.891579e-02,-1.472693e+00,-7.300000e+00,-1.620000e+01,-4.700000e+00
3.193414e-01,3.335579e-01,2.411421e-01,6.373158e-02,-2.020845e+01,1.290000e+01,2.063000e+02,-1.089000e+02,1.651526e-02,-7.495263e-02,2.327632e-02,-2.001579e-02,-6.218137e-01,-6.400000e+00,-1.780000e+01,-4.700000e+00
3.533009e-01,3.684579e-01,2.278421e-01,1.005316e-01,-1.320958e+01,2.030000e+01,2.028000e+02,-1.033000e+02,1.781320e-02,-7.345263e-02,2.247632e-02,-1.941579e-02,-1.865321e-01,-6.600000e+00,-1.940000e+01,-4.700000e+00
3.818185e-01,4.018579e-01,2.108421e-01,1.375316e-01,-1.864159e+00,2.980000e+01,2.063000e+02,-9.600000e+01,2.005295e-02,-7.205263e-02,2.047632e-02,-1.811579e-02,2.000101e+00,-5.500000e+00,-2.430000e+01,-4.500000e+00
4.039895e-01,4.287579e-01,1.954421e-01,1.736316e-01,4.665405e+00,3.250000e+01,2.089000e+02,-9.080000e+01,2.251442e-02,-7.055263e-02,1.867632e-02,-1.651579e-02,2.498864e+00,-4.400000e+00,-2.590000e+01,-5.000000e+00
4.155969e-01,4.552579e-01,1.729421e-01,2.048316e-01,1.659789e+01,3.220000e+01,2.123000e+02,-7.860000e+01,2.615043e-02,-7.085263e-02,1.287632e-02,-1.421579e-02,2.986153e+00,-4.300000e+00,-3.150000e+01,-6.600000e+00
4.114371e-01,4.799579e-01,1.417421e-01,2.264316e-01,2.622660e+01,2.900000e+01,2.138000e+02,-6.740000e+01,3.206631e-02,-7.225263e-02,5.876316e-03,-9.115789e-03,3.296365e+00,-3.000000e+00,-3.930000e+01,-9.800000e+00
3.925123e-01,5.075579e-01,1.015421e-01,2.387316e-01,3.322762e+01,2.720000e+01,2.150000e+02,-5.960000e+01,3.767209e-02,-7.255263e-02,-5.236842e-04,-4.515789e-03,3.586006e+00,-4.200000e+00,-4.580000e+01,-1.140000e+01
3.598698e-01,5.419579e-01,6.134211e-02,2.386316e-01,3.722934e+01,2.300000e+01,2.139000e+02,-5.370000e+01,4.601007e-02,-7.165263e-02,-5.623684e-03,3.384211e-03,6.978875e+00,-2.400000e+00,-5.340000e+01,-1.120000e+01
3.146075e-01,5.819579e-01,2.514211e-02,2.254316e-01,3.795913e+01,1.690000e+01,2.052000e+02,-4.800000e+01,5.063805e-02,-6.905263e-02,-7.523684e-03,7.484211e-03,1.326886e+01,-4.000000e-01,-5.890000e+01,-6.900000e+00
2.589641e-01,6.331579e-01,-8.257895e-03,2.005316e-01,3.464542e+01,1.490000e+01,1.887000e+02,-4.430000e+01,5.240298e-02,-6.335263e-02,-1.352368e-02,5.284211e-03,1.540427e+01,7.600000e+00,-6.770000e+01,-1.170000e+01
1.882668e-01,7.000579e-01,-4.305789e-02,1.620316e-01,3.043756e+01,1.540000e+01,1.792000e+02,-4.490000e+01,5.626817e-02,-7.275263e-02,-2.652368e-02,1.098421e-02,1.519724e+01,3.100000e+00,-8.320000e+01,-1.570000e+01
1.047936e-01,7.742579e-01,-6.295789e-02,1.048316e-01,1.929931e+01,1.430000e+01,1.583000e+02,-4.800000e+01,6.334916e-02,-7.055263e-02,-2.612368e-02,2.028421e-02,2.095680e+01,9.300000e+00,-9.180000e+01,-1.540000e+01
1.496748e-02,8.443579e-01,-7.595789e-02,4.323158e-02,1.929543e+01,1.430000e+01,1.583000e+02,-4.800000e+01,6.817183e-02,-6.745263e-02,-2.322368e-02,2.808421e-02,2.409984e+01,1.140000e+01,-1.074000e+02,-1.880000e+01
-1.113668e-01,9.648579e-01,-1.136579e-01,-5.986842e-02,1.165089e-01,4.600000e+00,9.070000e+01,-3.930000e+01,7.119003e-02,-6.405263e-02,-1.752368e-02,3.548421e-02,2.665614e+01,9.200000e+00,-1.235000e+02,-2.070000e+01
-2.462004e-01,1.099958e+00,-1.555579e-01,-1.762684e-01,3.320593e+00,-7.000000e-01,5.980000e+01,-2.230000e+01,7.027005e-02,-5.855263e-02,-3.023684e-03,4.118421e-02,2.677865e+01,2.500000e+00,-1.377000e+02,-2.210000e+01
-3.871988e-01,1.253158e+00,-2.064579e-01,-3.082684e-01,7.103941e+00,1.300000e+00,1.530000e+01,1.100000e+00,6.551242e-02,-5.165263e-02,1.917632e-02,4.528421e-02,3.028474e+01,-4.200000e+00,-1.524000e+02,-1.930000e+01
-5.440298e-01,1.468758e+00,-2.593579e-01,-4.696684e-01,5.309914e+00,-2.500000e+00,-1.820000e+01,1.370000e+01,5.983024e-02,-4.575263e-02,4.447632e-02,5.108421e-02,3.067117e+01,-1.040000e+01,-1.598000e+02,-1.760000e+01
-7.336285e-01,1.677458e+00,-2.892579e-01,-7.265684e-01,-8.444951e+00,-8.200000e+00,-1.339000e+02,4.890000e+01,5.228484e-02,-4.195263e-02,6.677632e-02,5.678421e-02,3.093434e+01,-2.600000e+01,-1.766000e+02,-1.310000e+01
-9.256443e-01,1.734858e+00,-5.142579e-01,-1.004268e+00,-2.017109e+00,-2.400000e+00,-3.594000e+02,1.529000e+02,5.172362e-02,-4.115263e-02,8.017632e-02,7.368421e-02,3.329023e+01,-4.150000e+01,-1.992000e+02,-7.800000e+00
-5.879083e-01,1.847058e+00,-5.246579e-01,-7.689684e-01,-2.139360e+01,1.109000e+02,-2.905000e+02,8.820000e+01,5.288111e-02,-5.015263e-02,8.797632e-02,1.042842e-01,3.909186e+01,-4.940000e+01,-2.282000e+02,-6.100000e+00
-1.944969e-01,1.771458e+00,-2.084579e-01,-5.734684e-01,-1.074357e+00,-5.700000e+01,-2.402000e+02,1.185000e+02,5.368292e-02,-4.365263e-02,8.777632e-02,1.253842e-01,4.738668e+01,-4.930000e+01,-2.664000e+02,-1.180000e+01
-1.838515e-01,1.709858e+00,-3.358579e-01,-5.902684e-01,-3.549028e+01,-3.400000e+00,-2.408000e+02,6.760000e+01,4.526306e-02,-4.745263e-02,6.667632e-02,1.422842e-01,4.851958e+01,-5.030000e+01,-3.052000e+02,-2.770000e+01
-9.477091e-02,1.624758e+00,-3.176579e-01,-5.549684e-01,-5.182929e+01,2.070000e+01,-2.226000e+02,3.400000e+01,3.552626e-02,-5.015263e-02,3.067632e-02,1.615842e-01,4.838488e+01,-4.770000e+01,-3.466000e+02,-5.170000e+01
1.401179e-01,1.579058e+00,-2.061579e-01,-4.038684e-01,-2.556125e+01,-4.020000e+01,-2.154000e+02,8.140000e+01,4.939177e-02,-2.655263e-02,-1.742368e-02,1.944842e-01,4.695273e+01,-4.560000e+01,-3.647000e+02,-6.640000e+01
2.554236e-01,1.480358e+00,-1.396579e-01,-3.022684e-01,3.723389e+00,-7.320000e+01,-9.190000e+01,7.350000e+01,9.987022e-02,3.204737e-02,-7.862368e-02,2.578842e-01,4.177765e+01,-4.440000e+01,-3.971000e+02,-9.630000e+01
3.665521e-01,1.359258e+00,-1.220579e-01,-1.566684e-01,-1.377214e+01,-7.790000e+01,-6.240000e+01,4.270000e+01,1.645674e-01,1.085474e-01,-1.487237e-01,3.386842e-01,3.716936e+01,-4.440000e+01,-4.071000e+02,-1.118000e+02
4.125022e-01,1.086158e+00,-9.625789e-02,-5.468421e-03,-9.912305e+00,-5.840000e+01,-1.150000e+01,1.820000e+01,2.353479e-01,1.925474e-01,-2.533237e-01,4.292842e-01,1.625633e+01,-5.870000e+01,-4.093000e+02,-1.334000e+02
5.430046e-01,8.052579e-01,-5.725789e-02,2.469316e-01,-9.438866e+00,-4.050000e+01,-4.100000e+00,8.200000e+00,2.725248e-01,2.555474e-01,-3.701237e-01,5.201842e-01,-2.811421e+01,-9.100000e+01,-3.981000e+02,-1.672000e+02
8.123638e-01,6.723579e-01,1.671421e-01,5.277316e-01,-6.129367e+00,-2.970000e+01,2.400000e+00,4.900000e+00,2.767173e-01,3.052474e-01,-5.153237e-01,6.020842e-01,-6.232430e+01,-1.047000e+02,-3.877000e+02,-2.281000e+02
5.510236e-01,4.686579e-01,1.971421e-01,3.026316e-01,-4.454157e+00,-2.650000e+01,3.700000e+00,5.000000e+00,2.609644e-01,3.661474e-01,-6.552237e-01,6.891842e-01,-7.382116e+01,-9.780000e+01,-3.745000e+02,-2.886000e+02
2.913919e-01,4.387579e-01,-1.059579e-01,1.281316e-01,-3.431881e+00,-2.250000e+01,3.400000e+00,4.600000e+00,2.059756e-01,4.093474e-01,-7.726237e-01,7.689842e-01,-3.085722e+01,-4.660000e+01,-3.374000e+02,-2.840000e+02
3.566359e-01,3.851579e-01,2.054211e-02,1.792316e-01,-1.960326e+00,-1.100000e+01,2.600000e+00,1.600000e+00,5.520709e-02,3.500474e-01,-8.314237e-01,8.463842e-01,-8.527434e+00,-1.550000e+01,-2.416000e+02,-2.352000e+02
3.387577e-01,3.548579e-01,1.342105e-03,1.782316e-01,-1.980150e+00,-1.100000e+01,2.600000e+00,1.600000e+00,8.380176e-02,4.142474e-01,-9.791237e-01,8.868842e-01,1.139301e+01,1.000000e-01,-1.484000e+02,-5.780000e+01
1.972591e-01,2.293579e-01,-7.375789e-02,9.723158e-02,-2.013050e+00,1.000000e-01,-3.200000e+00,-1.200000e+00,6.743988e-02,3.648474e-01,-1.066124e+00,9.538842e-01,6.658412e+01,6.290000e+01,-1.000000e-01,7.100000e+01
1.422829e-01,1.425579e-01,-9.955789e-02,8.123158e-02,-8.851271e-01,2.100000e+00,-2.900000e+00,-9.000000e-01,-9.691647e-02,1.529474e-01,-1.114524e+00,9.367842e-01,1.079608e+02,1.075000e+02,4.080000e+01,9.840000e+01
8.174156e-02,5.115789e-02,-6.265789e-02,3.853158e-02,-4.180460e-02,4.800000e+00,-3.000000e+00,-1.100000e+00,-2.917828e-01,-6.735263e-02,-1.093124e+00,8.672842e-01,9.336769e+01,9.390000e+01,3.280000e+01,6.690000e+01
7.607118e-02,3.965789e-02,-2.625789e-02,2.393158e-02,4.399998e-01,4.700000e+00,-3.300000e+00,-4.000000e-01,-4.182891e-01,-2.112526e-01,-9.933237e-01,8.100842e-01,5.902544e+01,6.270000e+01,5.540000e+01,6.160000e+01
6.002159e-02,3.335789e-02,-3.115789e-02,1.003158e-02,1.031175e+00,6.200000e+00,-3.300000e+00,-4.000000e-01,-4.863666e-01,-3.196526e-01,-8.989237e-01,7.655842e-01,-3.691781e+00,1.210000e+01,1.433000e+02,6.420000e+01
4.924233e-02,2.325789e-02,-2.385789e-02,-4.684211e-04,5.353110e-01,6.400000e+00,-3.500000e+00,-1.000000e+00,-5.554793e-01,-4.427526e-01,-8.070237e-01,6.972842e-01,-3.261590e+01,-4.100000e+00,2.211000e+02,5.990000e+01
3.723450e-02,1.775789e-02,-3.385789e-02,-8.168421e-03,6.457239e-01,7.300000e+00,-4.300000e+00,-1.000000e+00,-6.216555e-01,-5.641526e-01,-7.132237e-01,6.000842e-01,-3.236259e+01,8.000000e+00,2.784000e+02,4.950000e+01
2.932979e-02,1.145789e-02,-2.895789e-02,-1.616842e-02,1.673784e-01,7.100000e+00,-6.700000e+00,-6.000000e-01,-6.584380e-01,-6.559526e-01,-6.152237e-01,5.026842e-01,-2.486471e+01,2.360000e+01,3.216000e+02,5.140000e+01
2.520954e-02,6.857895e-03,-1.575789e-02,-2.356842e-02,1.730835e-01,6.700000e+00,-7.300000e+00,-2.000000e-01,-5.942550e-01,-6.428526e-01,-5.544237e-01,3.968842e-01,-3.018382e+01,2.180000e+01,3.542000e+02,6.180000e+01
2.132349e-02,2.157895e-03,-2.457895e-03,-3.066842e-02,-4.415393e-01,6.700000e+00,-9.800000e+00,0.000000e+00,-6.614235e-01,-7.504526e-01,-3.843237e-01,3.211842e-01,-3.521866e+01,1.490000e+01,3.680000e+02,7.510000e+01
1.906763e-02,1.857895e-03,-2.057895e-03,-3.316842e-02,-5.907489e-01,6.500000e+00,-1.030000e+01,1.000000e-01,-6.540746e-01,-7.662526e-01,-2.740237e-01,2.074842e-01,-5.105546e+01,2.500000e+00,3.962000e+02,7.870000e+01
1.707041e-02,-6.421053e-04,3.421053e-04,-3.506842e-02,-1.107272e+00,6.200000e+00,-1.290000e+01,6.000000e-01,-4.975014e-01,-6.293526e-01,-2.012237e-01,1.485842e-01,-5.481599e+01,-2.500000e+00,4.076000e+02,8.600000e+01
1.693914e-02,-1.742105e-03,9.421053e-04,-3.476842e-02,-1.570841e+00,5.300000e+00,-1.510000e+01,1.300000e+00,-3.412549e-01,-5.092526e-01,-1.982237e-01,1.209842e-01,-5.817454e+01,-2.600000e+00,4.126000e+02,8.200000e+01
1.547501e-02,-2.542105e-03,-1.057895e-03,-3.516842e-02,-2.014147e+00,5.200000e+00,-1.770000e+01,1.800000e+00,-2.646214e-01,-4.690526e-01,-2.393237e-01,7.038421e-02,-6.354493e+01,-6.400000e+00,4.131000e+02,7.830000e+01
1.588912e-02,-3.142105e-03,2.421053e-04,-3.466842e-02,-2.757157e+00,5.500000e+00,-2.040000e+01,1.800000e+00,-2.136395e-01,-4.315526e-01,-2.559237e-01,1.128421e-02,-6.995141e+01,-2.010000e+01,4.118000e+02,8.430000e+01
1.610804e-02,-3.142105e-03,-1.557895e-03,-3.346842e-02,-3.223473e+00,6.500000e+00,-2.420000e+01,2.200000e+00,-1.355839e-01,-3.538526e-01,-2.421237e-01,-1.631579e-02,-7.050865e+01,-3.490000e+01,4.082000e+02,9.780000e+01
1.558076e-02,-3.242105e-03,-6.578947e-04,-3.406842e-02,-4.157980e+00,6.600000e+00,-2.750000e+01,2.300000e+00,-5.252280e-02,-2.741526e-01,-2.347237e-01,-2.051579e-02,-6.726726e+01,-4.070000e+01,4.051000e+02,1.068000e+02
1.571353e-02,-2.442105e-03,1.421053e-04,-3.426842e-02,-4.440328e+00,6.500000e+00,-2.930000e+01,2.700000e+00,3.317434e-02,-1.990526e-01,-2.486237e-01,-8.515789e-03,-5.535440e+01,-4.640000e+01,3.975000e+02,1.247000e+02
1.562454e-02,-9.421053e-04,2.042105e-03,-3.546842e-02,-5.126103e+00,5.400000e+00,-3.260000e+01,3.700000e+00,1.283158e-01,-1.205526e-01,-2.794237e-01,2.238421e-02,-3.700794e+01,-4.880000e+01,3.844000e+02,1.449000e+02
1.481470e-02,3.357895e-03,3.242105e-03,-3.866842e-02,-6.038519e+00,3.900000e+00,-3.500000e+01,4.300000e+00,2.269029e-01,-4.265263e-02,-3.158237e-01,6.958421e-02,-1.687742e+01,-5.590000e+01,3.696000e+02,1.677000e+02
1.563750e-02,4.057895e-03,7.842105e-03,-3.936842e-02,3.578743e-01,7.900000e+00,-3.460000e+01,9.700000e+00,3.223961e-01,3.614737e-02,-3.424237e-01,1.308842e-01,-6.269671e-01,-6.700000e+01,3.564000e+02,1.868000e+02
1.413960e-02,7.957895e-03,1.034211e-02,-4.366842e-02,3.236599e+00,1.020000e+01,-3.500000e+01,1.210000e+01,4.111649e-01,1.000474e-01,-3.569237e-01,2.096842e-01,5.343896e+00,-8.000000e+01,3.513000e+02,1.967000e+02
1.276081e-02,1.195789e-02,1.374211e-02,-4.826842e-02,3.223593e+00,1.020000e+01,-3.500000e+01,1.210000e+01,4.896484e-01,1.704474e-01,-3.686237e-01,2.914842e-01,5.228769e+00,-8.000000e+01,3.513000e+02,1.967000e+02
1.128349e-02,1.545789e-02,1.894211e-02,-5.346842e-02,3.206193e+00,1.020000e+01,-3.500000e+01,1.210000e+01,5.703589e-01,2.720474e-01,-3.763237e-01,3.900842e-01,-1.490999e+01,-9.950000e+01,3.581000e+02,1.817000e+02
1.107850e-02,1.445789e-02,1.354211e-02,-5.046842e-02,2.203894e+00,1.010000e+01,-3.840000e+01,1.230000e+01,6.231915e-01,3.820474e-01,-3.802237e-01,4.811842e-01,-3.868805e+01,-1.047000e+02,3.620000e+02,1.576000e+02
1.141862e-02,2.755789e-02,1.084211e-02,-5.576842e-02,-5.797856e+00,1.200000e+00,-4.030000e+01,8.300000e+00,6.463653e-01,5.059474e-01,-3.751237e-01,5.669842e-01,-6.481232e+01,-1.083000e+02,3.621000e+02,1.283000e+02
1.304079e-02,3.445789e-02,8.242105e-03,-5.616842e-02,-4.747971e+00,3.000000e+00,-3.990000e+01,8.400000e+00,6.358503e-01,6.494474e-01,-3.658237e-01,6.414842e-01,-8.980733e+01,-9.830000e+01,3.582000e+02,9.750000e+01
1.624379e-02,3.885789e-02,9.342105e-03,-5.456842e-02,1.168933e-01,1.050000e+01,-4.480000e+01,1.200000e+01,5.779776e-01,8.218474e-01,-3.579237e-01,6.846842e-01,-1.056186e+02,-7.910000e+01,3.417000e+02,7.090000e+01
2.121389e-02,4.525789e-02,7.642105e-03,-5.086842e-02,-7.548161e+00,2.600000e+00,-4.980000e+01,9.200000e+00,4.576658e-01,1.014247e+00,-3.267237e-01,6.824842e-01,-1.049316e+02,-5.070000e+01,2.960000e+02,4.800000e+01
2.771443e-02,4.625789e-02,7.542105e-03,-4.256842e-02,-8.989980e+00,2.400000e+00,-5.720000e+01,1.050000e+01,2.728464e-01,1.229147e+00,-2.756237e-01,6.308842e-01,-9.744685e+01,-3.920000e+01,2.613000e+02,3.770000e+01
3.429713e-02,4.885789e-02,3.842105e-03,-3.346842e-02,-1.165364e+01,5.000000e-01,-6.310000e+01,1.070000e+01,2.738290e-02,1.478547e+00,-1.916237e-01,5.209842e-01,-5.861930e+01,-3.910000e+01,1.737000e+02,2.940000e+01
4.362266e-02,4.805789e-02,-1.578947e-04,-1.826842e-02,-1.462480e+01,-5.000000e-01,-7.480000e+01,1.230000e+01,-2.643796e-01,1.712447e+00,-8.442368e-02,3.534842e-01,-2.573839e+01,-5.990000e+01,1.144000e+02,2.580000e+01
5.257889e-02,4.985789e-02,-8.657895e-03,-2.568421e-03,-1.745049e+01,1.300000e+00,-8.950000e+01,1.350000e+01,-5.493137e-01,1.937047e+00,4.387632e-02,1.871842e-01,2.061110e+01,-6.580000e+01,4.970000e+01,3.870000e+01
6.156493e-02,5.245789e-02,-1.715789e-02,1.353158e-02,-2.062562e+01,2.100000e+00,-1.021000e+02,1.400000e+01,-8.140652e-01,2.136047e+00,1.501763e-01,-5.157895e-04,5.554918e+01,-5.190000e+01,-8.600000e+00,4.730000e+01
6.982935e-02,5.925789e-02,-1.375789e-02,2.143158e-02,-2.056530e+01,2.100000e+00,-1.021000e+02,1.400000e+01,-1.069580e+00,2.316047e+00,2.484763e-01,-1.877158e-01,5.548630e+01,-5.190000e+01,-8.600000e+00,4.730000e+01
7.440607e-02,5.225789e-02,-1.105789e-02,3.683158e-02,-2.544980e+01,6.900000e+00,-1.343000e+02,1.750000e+01,-1.182944e+00,2.474847e+00,2.816763e-01,-3.720158e-01,1.579585e+02,1.944000e+02,-2.397000e+02,9.390000e+01
7.674917e-02,4.975789e-02,-8.257895e-03,4.833158e-02,-3.092283e+01,4.600000e+00,-1.541000e+02,2.020000e+01,-1.460693e+00,2.481647e+00,4.112763e-01,-7.008158e-01,1.508431e+02,1.316000e+02,-1.834000e+02,1.032000e+02
8.617102e-02,4.505789e-02,-4.457895e-03,7.333158e-02,-3.537353e+01,2.600000e+00,-1.682000e+02,2.170000e+01,-1.110350e+00,1.921647e+00,5.737763e-01,-5.523158e-01,1.804385e+02,5.980000e+01,-4.742000e+02,-5.120000e+01
9.065406e-02,3.845789e-02,-2.057895e-03,9.903158e-02,-4.903049e+01,-5.700000e+00,-2.029000e+02,2.470000e+01,-8.146189e-01,1.966747e+00,5.849763e-01,-4.158158e-01,1.402337e+02,-9.700000e+00,-4.488000e+02,-9.380000e+01
8.401983e-02,2.365789e-02,9.142105e-03,1.201316e-01,-5.499555e+01,-1.030000e+01,-2.391000e+02,3.610000e+01,-6.096444e-01,1.932047e+00,7.784763e-01,-2.696158e-01,1.113962e+02,7.920000e+01,-3.855000e+02,-8.560000e+01
7.428558e-02,1.765789e-02,8.942105e-03,1.441316e-01,-5.103660e+01,-0.000000e+00,-2.796000e+02,4.990000e+01,-4.946436e-01,1.704747e+00,9.240763e-01,-1.885158e-01,1.263818e+01,-3.800000e+00,-2.742000e+02,-1.356000e+02
4.855306e-02,5.957895e-03,8.042105e-03,1.639316e-01,-5.555018e+01,4.600000e+00,-3.243000e+02,5.850000e+01,-2.049193e-01,1.462647e+00,8.834763e-01,2.658421e-02,-4.607301e+01,1.340000e+01,-2.292000e+02,-1.792000e+02
1.818646e-02,-5.142105e-03,2.644211e-02,1.857316e-01,-5.160802e+01,1.410000e+01,-3.721000e+02,7.630000e+01,-3.325699e-02,1.226347e+00,8.187763e-01,1.328842e-01,-4.455666e+01,1.300000e+00,-2.137000e+02,-1.671000e+02
-1.234710e-02,-3.642105e-03,4.704211e-02,2.138316e-01,-3.929818e+01,3.160000e+01,-4.153000e+02,9.580000e+01,1.175292e-01,9.666474e-01,6.572763e-01,2.048842e-01,7.101925e+00,-8.300000e+00,-2.325000e+02,-1.155000e+02
-9.614230e-03,4.645789e-02,6.984211e-02,2.470316e-01,-3.711805e+01,3.540000e+01,-4.283000e+02,1.010000e+02,4.138507e-01,7.407474e-01,3.651763e-01,3.796842e-01,6.730752e+01,1.332000e+02,-2.720000e+02,-1.022000e+02
3.622761e-02,1.491579e-01,8.334211e-02,2.923316e-01,-3.315570e+01,4.220000e+01,-4.234000e+02,9.400000e+01,5.702896e-01,6.975474e-01,2.160763e-01,4.679842e-01,-9.513297e+00,1.528000e+02,-5.150000e+01,-8.510000e+01
7.154011e-02,2.433579e-01,9.864211e-02,3.363316e-01,-1.806995e+01,6.140000e+01,-4.061000e+02,7.750000e+01,8.289254e-01,5.225474e-01,1.772763e-01,7.813842e-01,5.687204e+00,1.070000e+02,-8.280000e+01,-6.760000e+01
9.596034e-02,3.327579e-01,1.065421e-01,3.758316e-01,-2.169840e+00,7.490000e+01,-3.859000e+02,7.320000e+01,8.636606e-01,9.727474e-01,7.427632e-02,6.123842e-01,-1.046523e+01,5.580000e+01,9.900000e+00,-2.700000e+01
9.922129e-02,3.960579e-01,1.266421e-01,4.230316e-01,8.295483e+00,7.650000e+01,-3.523000e+02,7.740000e+01,6.545221e-01,7.108474e-01,7.427632e-02,4.577842e-01,-3.686682e-01,4.530000e+01,-4.800000e+00,-1.830000e+01
7.714980e-02,4.385579e-01,1.280421e-01,4.712316e-01,2.220233e+01,7.990000e+01,-3.157000e+02,8.970000e+01,5.461927e-01,4.974474e-01,-9.582368e-02,3.344842e-01,-2.761986e+00,3.490000e+01,1.000000e-01,-1.540000e+01
3.606716e-02,4.631579e-01,1.539421e-01,5.083316e-01,1.584373e+01,6.990000e+01,-3.054000e+02,9.760000e+01,5.731235e-01,4.403474e-01,-2.743237e-01,3.100842e-01,-1.278871e+00,2.360000e+01,-3.300000e+00,-1.120000e+01
2.960732e-02,5.230579e-01,1.538421e-01,5.048316e-01,3.773691e+01,8.100000e+01,-2.480000e+02,9.310000e+01,4.639915e-01,3.994474e-01,-3.000237e-01,1.893842e-01,-2.021520e+00,2.010000e+01,-5.000000e-01,-9.700000e+00
6.784580e-02,5.696579e-01,1.994421e-01,5.615316e-01,6.493335e+00,1.870000e+01,-7.090000e+01,2.840000e+01,4.463932e-01,3.602474e-01,-3.170237e-01,1.759842e-01,-5.147052e-01,1.450000e+01,-1.200000e+00,-6.300000e+00
9.067394e-02,6.029579e-01,2.426421e-01,6.117316e-01,6.498442e+00,1.870000e+01,-7.090000e+01,2.840000e+01,4.288951e-01,3.313474e-01,-2.128237e-01,2.075842e-01,-3.893567e-01,3.200000e+00,-3.700000e+00,-3.100000e+00
9.945415e-03,4.890579e-01,2.495421e-01,6.251316e-01,-5.958563e+01,-7.900000e+01,1.000000e+02,3.190000e+01,2.607081e-01,2.684474e-01,2.287632e-02,1.331842e-01,-4.565499e-01,-4.900000e+00,-4.900000e+00,-7.000000e-01
-1.919105e-01,2.581579e-01,2.429421e-01,5.950316e-01,-4.289222e+01,-6.260000e+01,1.011000e+02,3.860000e+01,1.376849e-01,1.904737e-02,1.631763e-01,1.410842e-01,7.498439e-01,-8.000000e+00,-1.020000e+01,-3.000000e-01
-3.255077e-01,9.615789e-02,2.075421e-01,5.765316e-01,-6.452041e+00,-2.980000e+01,1.271000e+02,3.520000e+01,9.689715e-02,2.794737e-02,9.797632e-02,6.458421e-02,-8.486392e-01,-8.500000e+00,-7.200000e+00,-7.000000e-01
-4.140657e-01,-2.564211e-02,1.762421e-01,5.507316e-01,1.527696e+01,-1.130000e+01,1.527000e+02,2.800000e+01,3.669845e-02,-5.775263e-02,6.837632e-02,1.588421e-02,2.186680e-03,-6.100000e+00,-5.200000e+00,2.000000e-01
-4.819390e-01,-1.394421e-01,1.669421e-01,5.065316e-01,4.753371e+01,1.450000e+01,2.065000e+02,1.540000e+01,2.344070e-02,-6.535263e-02,6.617632e-02,2.584211e-03,-5.368907e-01,-3.800000e+00,-6.000000e+00,-1.600000e+00
-5.203085e-01,-2.217421e-01,1.663421e-01,4.630316e-01,4.764493e+01,1.450000e+01,2.065000e+02,1.540000e+01,2.114017e-02,-6.805263e-02,3.047632e-02,-1.361579e-02,-5.466908e-01,-3.800000e+00,-6.000000e+00,-1.600000e+00
-5.299184e-01,-2.855421e-01,1.770421e-01,4.030316e-01,1.505011e+01,-2.480000e+01,2.662000e+02,-3.400000e+00,1.922810e-02,-7.575263e-02,1.887632e-02,-1.761579e-02,-1.834649e+00,-2.700000e+00,-3.800000e+00,-2.600000e+00
-5.440389e-01,-3.677421e-01,2.018421e-01,3.779316e-01,3.219313e+00,-3.560000e+01,2.875000e+02,-2.420000e+01,1.555784e-02,-7.965263e-02,1.527632e-02,-2.181579e-02,-1.840871e+00,-3.700000e+00,-5.500000e+00,-2.900000e+00
-5.734924e-01,-4.350421e-01,1.582421e-01,2.840316e-01,2.414562e+00,-3.250000e+01,3.042000e+02,-4.720000e+01,1.485718e-02,-8.185263e-02,2.676316e-03,-2.691579e-02,-1.934233e+00,-3.200000e+00,-6.000000e+00,-3.400000e+00
-6.032774e-01,-4.946421e-01,1.136421e-01,1.862316e-01,8.546350e+00,-2.200000e+01,3.158000e+02,-6.410000e+01,1.241221e-02,-8.025263e-02,-2.042368e-02,-3.981579e-02,-2.355051e+00,-2.600000e+00,-6.200000e+00,-4.200000e+00
-5.292522e-01,-4.476421e-01,1.055421e-01,1.152316e-01,1.001089e+01,-1.830000e+01,3.191000e+02,-7.080000e+01,1.330985e-02,-7.955263e-02,-4.032368e-02,-4.721579e-02,-3.337115e+00,-1.900000e+00,-4.700000e+00,-5.000000e+00
-3.878475e-01,-3.310421e-01,1.190421e-01,7.393158e-02,1.271020e+01,-1.150000e+01,3.218000e+02,-7.980000e+01,9.764690e-03,-7.765263e-02,-4.472368e-02,-5.391579e-02,-2.837299e+00,-2.000000e+00,-6.700000e+00,-5.200000e+00
-3.026010e-01,-2.668421e-01,1.586421e-01,2.263158e-02,1.290283e+01,-8.000000e+00,3.190000e+02,-8.480000e+01,1.005789e-02,-7.905263e-02,-4.612368e-02,-5.361579e-02,-4.304649e+00,-4.400000e+00,-5.700000e+00,-5.500000e+00
-2.501380e-01,-2.292421e-01,1.967421e-01,-2.906842e-02,1.438587e+01,-4.800000e+00,3.118000e+02,-8.460000e+01,9.921484e-03,-8.085263e-02,-3.752368e-02,-4.951579e-02,-3.743698e+00,-5.700000e+00,-9.100000e+00,-5.700000e+00
-1.844085e-01,-1.607421e-01,2.001421e-01,-6.836842e-02,1.754747e+01,2.000000e+00,2.997000e+02,-8.430000e+01,1.008834e-02,-8.015263e-02,-2.832368e-02,-4.581579e-02,-3.147869e+00,-6.300000e+00,-1.020000e+01,-5.200000e+00
-1.244655e-01,-8.624211e-02,2.062421e-01,-1.065684e-01,1.929877e+01,7.600000e+00,2.863000e+02,-8.380000e+01,9.597640e-03,-7.935263e-02,-1.992368e-02,-4.321579e-02,-3.481533e+00,-8.000000e+00,-1.080000e+01,-5.100000e+00
-6.698198e-02,-1.494211e-02,1.920421e-01,-1.217684e-01,1.976607e+01,9.400000e+00,2.788000e+02,-8.280000e+01,7.640167e-03,-7.765263e-02,-1.522368e-02,-4.421579e-02,-3.459692e+00,-8.400000e+00,-1.180000e+01,-5.300000e+00
-7.817379e-03,5.295789e-02,1.969421e-01,-1.249684e-01,1.708519e+01,1.090000e+01,2.632000e+02,-8.300000e+01,9.261064e-03,-7.315263e-02,-1.092368e-02,-4.241579e-02,-2.757166e+00,-8.500000e+00,-1.320000e+01,-5.000000e+00
5.746987e-02,1.244579e-01,2.140421e-01,-1.168684e-01,1.150324e+01,8.800000e+00,2.518000e+02,-8.530000e+01,7.883451e-03,-7.485263e-02,-8.623684e-03,-4.221579e-02,-2.707767e+00,-7.400000e+00,-1.270000e+01,-5.200000e+00
1.226448e-01,1.920579e-01,2.346421e-01,-9.836842e-02,4.947072e+00,6.700000e+00,2.443000e+02,-9.020000e+01,8.223636e-03,-7.285263e-02,-3.723684e-03,-4.051579e-02,-2.179168e+00,-8.500000e+00,-1.540000e+01,-5.200000e+00
1.824964e-01,2.519579e-01,2.514421e-01,-7.236842e-02,-9.573201e-01,4.700000e+00,2.384000e+02,-9.470000e+01,9.395141e-03,-7.025263e-02,-3.623684e-03,-4.011579e-02,-1.528614e+00,-7.600000e+00,-1.630000e+01,-5.200000e+00
2.373391e-01,3.061579e-01,2.653421e-01,-4.156842e-02,-2.452911e+00,7.100000e+00,2.336000e+02,-9.680000e+01,9.726259e-03,-6.795263e-02,-4.123684e-03,-4.081579e-02,-1.576168e+00,-7.700000e+00,-1.680000e+01,-5.400000e+00
2.838836e-01,3.545579e-01,2.773421e-01,-1.116842e-02,-5.243217e-02,1.070000e+01,2.295000e+02,-9.480000e+01,1.105813e-02,-6.445263e-02,-3.523684e-03,-4.041579e-02,-1.448201e+00,-7.800000e+00,-1.850000e+01,-5.900000e+00
3.207331e-01,3.951579e-01,2.876421e-01,1.753158e-02,2.058189e+00,1.290000e+01,2.263000e+02,-9.250000e+01,1.257694e-02,-6.065263e-02,-4.523684e-03,-4.061579e-02,-1.102957e+00,-7.300000e+00,-1.990000e+01,-6.300000e+00
3.487155e-01,4.232579e-01,2.995421e-01,4.513158e-02,1.006736e+01,2.050000e+01,2.219000e+02,-8.530000e+01,1.389879e-02,-5.785263e-02,-1.012368e-02,-4.251579e-02,-5.696805e-01,-7.200000e+00,-2.320000e+01,-7.100000e+00
3.711337e-01,4.480579e-01,3.055421e-01,7.313158e-02,2.024109e+01,3.280000e+01,2.198000e+02,-7.830000e+01,1.939992e-02,-5.595263e-02,-1.292368e-02,-3.771579e-02,-3.010776e+00,-1.000000e+01,-2.760000e+01,-1.050000e+01
3.868812e-01,4.680579e-01,3.084421e-01,1.001316e-01,2.039453e+01,3.280000e+01,2.198000e+02,-7.830000e+01,2.375460e-02,-5.525263e-02,-1.272368e-02,-3.231579e-02,1.027610e+00,-5.500000e+00,-3.020000e+01,-9.000000e+00
3.949434e-01,4.883579e-01,3.065421e-01,1.228316e-01,4.097433e+01,5.480000e+01,2.205000e+02,-6.310000e+01,2.722059e-02,-5.635263e-02,-1.652368e-02,-2.861579e-02,1.223745e+00,-8.600000e+00,-3.470000e+01,-9.100000e+00
3.939867e-01,5.076579e-01,2.993421e-01,1.415316e-01,5.206059e+01,6.370000e+01,2.243000e+02,-5.510000e+01,3.554976e-02,-5.225263e-02,-1.722368e-02,-2.021579e-02,6.365281e+00,-3.800000e+00,-4.150000e+01,-8.300000e+00
3.826208e-01,5.301579e-01,2.876421e-01,1.533316e-01,6.374581e+01,6.860000e+01,2.258000e+02,-4.410000e+01,4.057872e-02,-4.455263e-02,-1.612368e-02,-1.681579e-02,1.062771e+01,-3.400000e+00,-4.770000e+01,-6.000000e+00
3.627735e-01,5.611579e-01,2.702421e-01,1.606316e-01,7.169050e+01,7.100000e+01,2.267000e+02,-3.630000e+01,4.825983e-02,-5.325263e-02,-2.852368e-02,-6.815789e-03,1.441394e+01,5.600000e+00,-5.350000e+01,-8.800000e+00
3.298688e-01,6.023579e-01,2.422421e-01,1.603316e-01,9.020191e+01,7.850000e+01,2.250000e+02,-1.640000e+01,5.356635e-02,-4.905263e-02,-3.002368e-02,-1.515789e-03,1.565538e+01,9.000000e-01,-6.700000e+01,-1.050000e+01
2.833608e-01,6.560579e-01,2.013421e-01,1.525316e-01,1.112966e+02,8.900000e+01,2.181000e+02,8.700000e+00,5.862732e-02,-4.655263e-02,-3.152368e-02,4.984211e-03,2.329707e+01,7.800000e+00,-7.930000e+01,-1.040000e+01
2.232622e-01,7.206579e-01,1.585421e-01,1.311316e-01,1.235437e+02,9.050000e+01,2.014000e+02,3.020000e+01,6.270901e-02,-4.545263e-02,-3.242368e-02,1.208421e-02,2.585221e+01,7.400000e+00,-9.020000e+01,-1.170000e+01
1.377895e-01,8.066579e-01,1.042421e-01,8.393158e-02,1.282753e+02,8.630000e+01,1.720000e+02,5.050000e+01,6.730723e-02,-4.245263e-02,-2.812368e-02,2.158421e-02,2.822025e+01,7.800000e+00,-9.710000e+01,-1.190000e+01
3.958336e-02,9.107579e-01,5.184211e-02,2.043158e-02,1.152491e+02,7.700000e+01,1.470000e+02,4.920000e+01,6.680477e-02,-3.905263e-02,-2.232368e-02,2.578421e-02,3.284135e+01,8.500000e+00,-1.105000e+02,-1.220000e+01
-6.543109e-02,1.032358e+00,1.644211e-02,-6.326842e-02,8.499024e+01,4.950000e+01,1.121000e+02,3.450000e+01,6.654519e-02,-3.315263e-02,-1.732368e-02,2.888421e-02,3.822980e+01,8.900000e+00,-1.236000e+02,-1.110000e+01
-1.965328e-01,1.155458e+00,-2.685789e-02,-1.750684e-01,6.628614e+01,3.570000e+01,8.710000e+01,2.710000e+01,6.358925e-02,-2.775263e-02,-7.923684e-03,3.168421e-02,4.116214e+01,5.000000e+00,-1.383000e+02,-1.080000e+01
-3.375072e-01,1.286458e+00,-7.915789e-02,-3.028684e-01,2.189532e+01,1.180000e+01,3.570000e+01,5.100000e+00,5.721637e-02,-2.115263e-02,6.376316e-03,3.238421e-02,4.428418e+01,-1.100000e+00,-1.524000e+02,-8.200000e+00
-4.806112e-01,1.422858e+00,-1.358579e-01,-4.450684e-01,-3.116800e+01,-1.830000e+01,-2.510000e+01,-2.150000e+01,4.843548e-02,-2.185263e-02,1.737632e-02,3.578421e-02,4.493943e+01,-1.140000e+01,-1.660000e+02,-5.200000e+00
-6.079474e-01,1.629658e+00,-1.848579e-01,-5.974684e-01,-1.054281e+02,-8.260000e+01,-1.048000e+02,-6.130000e+01,3.807172e-02,-5.452632e-03,4.537632e-02,3.178421e-02,4.543630e+01,-1.790000e+01,-1.729000e+02,-2.100000e+00
-7.642376e-01,1.827258e+00,-2.349579e-01,-8.451684e-01,-1.973364e+02,-1.486000e+02,-2.634000e+02,-7.880000e+01,2.486681e-02,-3.252632e-03,6.407632e-02,3.438421e-02,4.142345e+01,-3.560000e+01,-1.894000e+02,2.000000e-01
-8.035462e-01,1.633058e+00,-4.982579e-01,-9.159684e-01,-2.100847e+02,2.440000e+01,-4.791000e+02,2.900000e+00,1.256103e-02,-9.526316e-04,8.087632e-02,4.188421e-02,3.910604e+01,-5.590000e+01,-2.117000e+02,5.100000e+00
-4.983458e-01,1.676158e+00,-6.028579e-01,-6.753684e-01,-1.656019e+02,6.680000e+01,-4.277000e+02,2.000000e+01,4.838375e-03,-4.526316e-04,8.627632e-02,5.928421e-02,4.400441e+01,-6.790000e+01,-2.435000e+02,8.200000e+00
-2.574551e-01,1.682158e+00,-6.469579e-01,-5.040684e-01,-3.520953e+01,-6.400000e+00,-2.946000e+02,1.174000e+02,-8.896800e-03,-6.452632e-03,7.507632e-02,7.488421e-02,5.271017e+01,-7.160000e+01,-2.830000e+02,4.000000e+00
-1.958651e-01,1.611058e+00,-8.112579e-01,-4.252684e-01,1.675854e+01,3.450000e+01,-2.341000e+02,1.333000e+02,-2.570518e-02,-1.275263e-02,5.277632e-02,9.288421e-02,4.688546e+01,-8.630000e+01,-3.244000e+02,-1.320000e+01
-3.105501e-02,1.498558e+00,-7.397579e-01,-3.021684e-01,3.869814e+00,4.840000e+01,-2.071000e+02,9.790000e+01,-4.099139e-02,-1.225263e-02,2.807632e-02,1.218842e-01,4.534905e+01,-9.430000e+01,-3.676000e+02,-3.420000e+01
2.413969e-01,1.514358e+00,-5.096579e-01,-1.760684e-01,-1.454554e+01,-7.940000e+01,-1.482000e+02,9.730000e+01,-3.820799e-02,7.847368e-03,-8.023684e-03,1.684842e-01,4.754442e+01,-9.590000e+01,-3.887000e+02,-4.320000e+01
3.116218e-01,1.353758e+00,-4.683579e-01,-8.326842e-02,-2.132758e+01,-8.760000e+01,-9.170000e+01,6.300000e+01,4.587471e-03,7.124737e-02,-6.172368e-02,2.446842e-01,4.382227e+01,-1.054000e+02,-4.206000e+02,-6.150000e+01
4.044498e-01,1.222758e+00,-4.843579e-01,7.823158e-02,-1.224436e+01,-7.500000e+01,-2.860000e+01,3.610000e+01,5.430651e-02,1.457474e-01,-1.346237e-01,3.367842e-01,2.873629e+01,-1.161000e+02,-4.248000e+02,-8.240000e+01
4.445687e-01,9.618579e-01,-4.225579e-01,2.120316e-01,-7.996867e+00,-6.450000e+01,-4.000000e+00,2.420000e+01,9.173217e-02,2.100474e-01,-2.474237e-01,4.320842e-01,2.058343e+01,-1.114000e+02,-4.228000e+02,-1.227000e+02
5.592628e-01,6.847579e-01,-3.908579e-01,4.619316e-01,-9.990566e+00,-5.810000e+01,-2.800000e+00,1.810000e+01,8.772825e-02,2.525474e-01,-3.766237e-01,5.099842e-01,-1.434014e+01,-1.320000e+02,-4.115000e+02,-1.792000e+02
7.684819e-01,7.870579e-01,-1.134579e-01,5.307316e-01,-1.239754e+01,-5.730000e+01,6.900000e+00,1.050000e+01,6.539619e-02,2.961474e-01,-5.216237e-01,5.763842e-01,-3.356815e+01,-1.353000e+02,-3.863000e+02,-2.344000e+02
5.636119e-01,6.354579e-01,2.434211e-02,2.966316e-01,-1.018758e+01,-5.360000e+01,8.100000e+00,1.090000e+01,6.914642e-02,3.932474e-01,-6.403237e-01,6.580842e-01,-2.021616e+01,-1.141000e+02,-3.645000e+02,-2.411000e+02
4.175321e-01,5.022579e-01,9.474211e-02,1.569316e-01,-9.482386e+00,-4.920000e+01,7.800000e+00,9.800000e+00,3.345005e-02,4.441474e-01,-7.401237e-01,7.428842e-01,1.170767e+01,-5.650000e+01,-2.698000e+02,-2.224000e+02
4.232172e-01,4.244579e-01,2.651421e-01,1.322316e-01,-7.898449e+00,-3.440000e+01,6.200000e+00,5.100000e+00,-1.173264e-01,3.519474e-01,-7.729237e-01,7.904842e-01,1.270282e+01,-2.250000e+01,-1.296000e+02,-1.732000e+02
3.327532e-01,3.672579e-01,1.934421e-01,8.213158e-02,-5.526439e+00,-2.090000e+01,4.200000e+00,2.100000e+00,-7.782609e-02,3.794474e-01,-9.615237e-01,8.558842e-01,9.726728e+00,-8.000000e-01,-4.520000e+01,-3.420000e+01
1.491409e-01,1.717579e-01,-2.155789e-02,4.653158e-02,-5.155953e+00,-1.750000e+01,1.400000e+00,2.000000e+00,-8.448269e-02,3.221474e-01,-1.005724e+00,9.202842e-01,2.963358e+01,5.120000e+01,9.860000e+01,4.010000e+01
1.436178e-01,1.393579e-01,-3.755789e-02,6.163158e-02,-3.164707e+00,-1.260000e+01,1.000000e+00,2.100000e+00,-2.390917e-01,1.072474e-01,-1.062924e+00,8.904842e-01,5.566273e+01,7.670000e+01,9.580000e+01,2.910000e+01
9.465751e-02,6.375789e-02,6.142105e-03,2.383158e-02,-2.107321e+00,-7.200000e+00,-6.000000e-01,1.300000e+00,-3.961920e-01,-1.002526e-01,-1.059724e+00,8.143842e-01,4.556312e+01,6.910000e+01,1.096000e+02,2.550000e+01
7.258045e-02,3.775789e-02,-2.525789e-02,2.243158e-02,-1.877270e+00,-3.000000e+00,-2.700000e+00,3.000000e-01,-4.957454e-01,-2.379526e-01,-9.786237e-01,7.387842e-01,2.352198e+01,5.190000e+01,1.347000e+02,3.790000e+01
5.798763e-02,2.805789e-02,-1.355789e-02,5.331579e-03,-9.455069e-01,-6.000000e-01,-1.100000e+00,-4.000000e-01,-5.238898e-01,-3.235526e-01,-8.944237e-01,6.954842e-01,-1.230917e+01,3.010000e+01,2.069000e+02,6.840000e+01
4.584091e-02,1.655789e-02,-1.915789e-02,-1.368421e-03,-5.617388e-01,1.200000e+00,-4.000000e-01,-1.100000e+00,-5.436173e-01,-4.163526e-01,-8.140237e-01,6.389842e-01,-2.463706e+01,3.170000e+01,2.739000e+02,8.520000e+01
3.565866e-02,1.375789e-02,-3.935789e-02,-4.568421e-03,-5.371864e-01,7.000000e-01,-2.000000e-01,-9.000000e-01,-5.936716e-01,-5.455526e-01,-7.437237e-01,5.438842e-01,-2.154650e+01,4.690000e+01,3.266000e+02,9.360000e+01
3.021179e-02,7.957895e-03,-3.825789e-02,-8.768421e-03,-3.697506e-01,-1.000000e-01,-1.300000e+00,1.000000e-01,-5.931905e-01,-6.116526e-01,-6.606237e-01,4.336842e-01,-1.830718e+01,6.040000e+01,3.640000e+02,9.260000e+01
2.514908e-02,2.257895e-03,-1.745789e-02,-1.986842e-02,-9.024587e-01,-8.000000e-01,-1.800000e+00,0.000000e+00,-4.571476e-01,-5.369526e-01,-6.156237e-01,3.471842e-01,-3.365913e+01,5.250000e+01,3.892000e+02,8.770000e+01
1.769113e-02,5.789474e-05,-9.357895e-03,-3.066842e-02,-1.522448e+00,-0.000000e+00,-4.300000e+00,-2.000000e-01,-5.062699e-01,-5.823526e-01,-3.989237e-01,2.283842e-01,-4.569617e+01,4.510000e+01,3.995000e+02,8.000000e+01
1.786307e-02,-1.421053e-04,-7.257895e-03,-3.126842e-02,-1.657042e+00,-9.000000e-01,-4.100000e+00,0.000000e+00,-4.738044e-01,-5.541526e-01,-3.226237e-01,9.488421e-02,-6.424299e+01,3.230000e+01,4.183000e+02,7.560000e+01
1.334508e-02,-3.742105e-03,-4.857895e-03,-3.576842e-02,-1.741366e+00,3.000000e-01,-6.000000e+00,0.000000e+00,-3.417424e-01,-4.092526e-01,-2.275237e-01,2.858421e-02,-7.685460e+01,2.820000e+01,4.292000e+02,6.220000e+01
9.899952e-03,-4.842105e-03,1.542105e-03,-4.166842e-02,-1.289751e+00,-0.000000e+00,-6.100000e+00,7.000000e-01,-2.176904e-01,-2.855526e-01,-1.806237e-01,-3.915789e-03,-8.581569e+01,2.760000e+01,4.350000e+02,4.890000e+01
8.192786e-03,-5.542105e-03,4.242105e-03,-4.436842e-02,-1.529676e+00,-0.000000e+00,-5.800000e+00,3.000000e-01,-1.410714e-01,-2.171526e-01,-1.726237e-01,-3.511579e-02,-9.379296e+01,2.120000e+01,4.340000e+02,4.340000e+01
5.837917e-03,-7.542105e-03,8.042105e-03,-4.756842e-02,-1.657992e+00,-9.000000e-01,-6.700000e+00,9.000000e-01,-1.075958e-01,-1.724526e-01,-1.482237e-01,-7.671579e-02,-9.823455e+01,6.800000e+00,4.269000e+02,5.030000e+01
5.748117e-03,-6.642105e-03,9.442105e-03,-4.866842e-02,-1.013752e+00,-1.200000e+00,-5.900000e+00,1.500000e+00,-7.215612e-02,-1.186526e-01,-1.057237e-01,-9.551579e-02,-9.528388e+01,-7.600000e+00,4.151000e+02,6.440000e+01
4.559248e-03,-6.842105e-03,7.642105e-03,-4.936842e-02,-6.237724e-01,-1.500000e+00,-6.500000e+00,2.300000e+00,-4.090277e-02,-7.965263e-02,-7.602368e-02,-9.671579e-02,-8.910512e+01,-1.240000e+01,4.058000e+02,7.350000e+01
3.092777e-03,-6.542105e-03,4.242105e-03,-5.006842e-02,-1.081212e+00,-1.700000e+00,-7.500000e+00,2.200000e+00,-2.874562e-03,-5.195263e-02,-6.672368e-02,-7.851579e-02,-7.146691e+01,-2.010000e+01,3.894000e+02,9.580000e+01
9.733806e-04,-5.442105e-03,3.242105e-03,-5.276842e-02,-6.584283e-01,-2.100000e+00,-7.300000e+00,2.800000e+00,5.724265e-02,-2.475263e-02,-8.212368e-02,-3.561579e-02,-4.875915e+01,-2.720000e+01,3.700000e+02,1.210000e+02
6.767222e-04,-4.442105e-03,5.042105e-03,-5.426842e-02,-8.329871e-01,-2.500000e+00,-6.800000e+00,2.600000e+00,1.438444e-01,1.824737e-02,-1.184237e-01,2.788421e-02,-2.311214e+01,-3.380000e+01,3.508000e+02,1.479000e+02
-1.886245e-03,-4.442105e-03,6.142105e-03,-5.766842e-02,-7.934443e-01,-3.200000e+00,-6.600000e+00,2.900000e+00,2.291741e-01,5.174737e-02,-1.522237e-01,1.016842e-01,2.846346e+00,-3.380000e+01,3.313000e+02,1.703000e+02
-2.394390e-03,-2.742105e-03,8.642105e-03,-5.996842e-02,-4.523938e-02,-4.400000e+00,-6.500000e+00,4.300000e+00,3.160868e-01,9.004737e-02,-1.774237e-01,1.858842e-01,1.839761e+01,-2.790000e+01,3.203000e+02,1.812000e+02
-2.748351e-03,-1.642105e-03,9.342105e-03,-6.116842e-02,3.256100e-02,-5.700000e+00,-6.500000e+00,5.000000e+00,4.063963e-01,1.397474e-01,-1.988237e-01,2.802842e-01,1.690606e+01,-2.050000e+01,3.166000e+02,1.754000e+02
-2.533968e-03,-5.421053e-04,1.024211e-02,-6.176842e-02,5.298746e-01,-6.900000e+00,-5.500000e+00,5.800000e+00,4.923769e-01,2.033474e-01,-2.197237e-01,3.771842e-01,1.044640e+01,-1.890000e+01,3.171000e+02,1.679000e+02
-1.407828e-03,8.578947e-04,1.034211e-02,-6.116842e-02,3.010638e-01,-7.500000e+00,-7.000000e+00,6.300000e+00,5.661065e-01,2.817474e-01,-2.428237e-01,4.694842e-01,-1.040928e+01,-1.930000e+01,3.196000e+02,1.457000e+02
-1.429321e-03,1.957895e-03,1.054211e-02,-6.176842e-02,5.654749e-01,-9.000000e+00,-8.200000e+00,7.700000e+00,6.223936e-01,3.861474e-01,-2.661237e-01,5.552842e-01,-3.583459e+01,-2.280000e+01,3.242000e+02,1.199000e+02
4.919636e-04,3.157895e-03,1.264211e-02,-6.076842e-02,1.007465e+00,-9.600000e+00,-8.900000e+00,8.700000e+00,6.517721e-01,5.097474e-01,-2.918237e-01,6.269842e-01,-6.060859e+01,-2.130000e+01,3.238000e+02,9.200000e+01
4.984667e-03,4.257895e-03,1.584211e-02,-5.706842e-02,4.785961e-01,-1.070000e+01,-1.110000e+01,9.300000e+00,6.416553e-01,6.655474e-01,-3.114237e-01,6.747842e-01,-8.279192e+01,-1.630000e+01,3.092000e+02,6.010000e+01
8.953713e-03,2.657895e-03,1.984211e-02,-5.286842e-02,3.387538e+00,-9.300000e+00,-1.530000e+01,1.330000e+01,5.400403e-01,8.515474e-01,-3.184237e-01,6.395842e-01,-9.857980e+01,-1.590000e+01,2.751000e+02,2.550000e+01
1.338954e-02,8.257895e-03,3.494211e-02,-5.506842e-02,3.821290e-01,-1.520000e+01,-1.820000e+01,1.360000e+01,3.595258e-01,1.062747e+00,-2.917237e-01,5.454842e-01,-9.640144e+01,-1.930000e+01,2.439000e+02,1.190000e+01
2.471200e-02,1.057895e-03,2.984211e-02,-3.656842e-02,5.456759e+00,-1.130000e+01,-2.540000e+01,1.980000e+01,1.311842e-01,1.269647e+00,-2.210237e-01,4.143842e-01,-8.506973e+01,-4.610000e+01,1.873000e+02,-8.300000e+00
3.220061e-02,3.457895e-03,1.994211e-02,-2.566842e-02,9.131829e-01,-1.440000e+01,-3.110000e+01,1.780000e+01,-1.078257e-01,1.464047e+00,-1.414237e-01,2.638842e-01,-5.734254e+01,-6.120000e+01,1.315000e+02,-8.500000e+00
4.563219e-02,-2.542105e-03,1.154211e-02,-3.968421e-03,2.316308e+00,-6.400000e+00,-4.410000e+01,1.940000e+01,-3.494305e-01,1.659247e+00,-6.152368e-02,9.428421e-02,-2.273093e+01,-5.300000e+01,7.050000e+01,5.000000e-01
5.798448e-02,-3.742105e-03,4.421053e-04,1.513158e-02,4.211641e-01,-5.200000e+00,-5.020000e+01,1.840000e+01,-5.773708e-01,1.832347e+00,1.767632e-02,-8.341579e-02,-3.711598e+00,-3.500000e+01,2.200000e+01,0.000000e+00
7.158842e-02,-2.642105e-03,-8.057895e-03,3.413158e-02,-5.482695e+00,-5.300000e+00,-6.370000e+01,1.560000e+01,-7.805047e-01,1.968547e+00,9.847632e-02,-2.599158e-01,3.802331e+00,-1.820000e+01,-1.770000e+01,-9.600000e+00
8.486366e-02,-5.942105e-03,-1.365789e-02,5.483158e-02,-1.089346e+01,-8.200000e+00,-7.790000e+01,1.500000e+01,-9.501360e-01,2.053647e+00,1.746763e-01,-4.286158e-01,1.031485e+01,-3.000000e+00,-4.940000e+01,-1.650000e+01
9.660320e-02,-1.014211e-02,-1.975789e-02,7.543158e-02,-1.484880e+01,-8.400000e+00,-9.570000e+01,1.570000e+01,-9.769489e-01,2.052047e+00,1.679763e-01,-5.017158e-01,1.749634e+01,8.900000e+00,-6.330000e+01,-1.350000e+01
1.042764e-01,-1.364211e-02,-2.225789e-02,9.113158e-02,-1.588530e+01,-8.000000e+00,-1.133000e+02,1.940000e+01,-1.093854e+00,1.904047e+00,2.086763e-01,-7.033158e-01,6.964655e+01,2.247000e+02,-1.520000e+02,3.870000e+01
1.133114e-01,-1.584211e-02,-2.165789e-02,1.086316e-01,-1.747823e+01,-1.030000e+01,-1.337000e+02,2.480000e+01,-1.018823e+00,1.608147e+00,3.208763e-01,-6.773158e-01,1.495319e+02,8.920000e+01,-2.064000e+02,7.910000e+01
1.266604e-01,-3.104211e-02,-2.525789e-02,1.441316e-01,-2.169172e+01,-1.690000e+01,-1.633000e+02,3.240000e+01,-6.903061e-01,1.226947e+00,2.433763e-01,-5.210158e-01,1.732369e+02,1.270000e+01,-4.020000e+02,9.000000e-01
1.373712e-01,-2.984211e-02,-7.157895e-03,1.629316e-01,-2.620782e+01,-2.370000e+01,-1.811000e+02,3.640000e+01,-3.801712e-01,1.210847e+00,2.846763e-01,-2.905158e-01,1.258684e+02,-1.780000e+01,-4.181000e+02,-6.100000e+01
1.344061e-01,-4.894211e-02,1.584211e-02,1.835316e-01,-2.801694e+01,-3.220000e+01,-2.146000e+02,4.970000e+01,-2.670366e-01,1.132947e+00,4.250763e-01,-2.025158e-01,1.505414e+02,2.790000e+01,-3.728000e+02,-1.270000e+01
1.250077e-01,-5.624211e-02,2.764211e-02,1.988316e-01,-2.256570e+01,-3.090000e+01,-2.527000e+02,6.650000e+01,-7.146241e-02,9.284474e-01,4.464763e-01,-3.061579e-02,1.010441e+02,3.000000e-01,-3.063000e+02,-3.330000e+01
1.078170e-01,-6.324211e-02,3.034211e-02,2.157316e-01,-2.345653e+01,-3.210000e+01,-2.891000e+02,7.640000e+01,1.051774e-01,7.133474e-01,4.745763e-01,1.554842e-01,-2.935443e+00,1.100000e+01,-2.454000e+02,-1.218000e+02
7.480888e-02,-8.154211e-02,3.724211e-02,2.333316e-01,-1.948783e+01,-2.910000e+01,-3.290000e+02,9.000000e+01,1.877941e-01,5.140474e-01,4.493763e-01,2.407842e-01,-4.541050e+01,-8.200000e+00,-1.985000e+02,-1.431000e+02
3.798247e-02,-8.754211e-02,5.074211e-02,2.488316e-01,-5.576537e+00,-1.860000e+01,-3.728000e+02,1.112000e+02,2.803615e-01,3.303474e-01,3.298763e-01,3.146842e-01,-2.106698e+01,-1.940000e+01,-2.021000e+02,-1.139000e+02
2.414277e-03,-7.474211e-02,6.334211e-02,2.626316e-01,5.822481e+00,-8.300000e+00,-4.090000e+02,1.264000e+02,2.952938e-01,2.384474e-01,2.652763e-01,3.129842e-01,1.598524e+01,5.200000e+00,-2.151000e+02,-8.460000e+01
1.281909e-03,-1.594211e-02,6.304211e-02,2.869316e-01,1.069489e+01,-9.000000e-01,-4.203000e+02,1.275000e+02,5.596140e-01,3.023474e-01,1.467763e-01,5.218842e-01,4.039520e+01,8.840000e+01,-2.092000e+02,-8.260000e+01
5.073395e-02,9.275789e-02,6.504211e-02,3.250316e-01,2.234970e+01,1.960000e+01,-3.994000e+02,1.117000e+02,7.179399e-01,5.703474e-01,4.647632e-02,5.353842e-01,1.197828e+01,1.212000e+02,-8.660000e+01,-7.370000e+01
7.851157e-02,1.857579e-01,4.974211e-02,3.450316e-01,3.887120e+01,4.060000e+01,-3.756000e+02,1.017000e+02,6.988478e-01,6.944474e-01,1.477763e-01,4.888842e-01,-7.280894e+00,9.990000e+01,-2.520000e+01,-6.140000e+01
8.243703e-02,2.513579e-01,4.554211e-02,3.622316e-01,4.096558e+01,4.090000e+01,-3.571000e+02,1.013000e+02,5.705184e-01,5.399474e-01,5.617632e-02,3.611842e-01,1.076443e+01,6.590000e+01,-5.540000e+01,-3.790000e+01
6.336208e-02,2.911579e-01,2.894211e-02,3.864316e-01,4.548255e+01,4.250000e+01,-3.364000e+02,1.043000e+02,5.754671e-01,3.946474e-01,-1.277237e-01,3.601842e-01,3.899938e+00,4.190000e+01,-9.200000e+00,-1.770000e+01
3.379690e-02,3.218579e-01,2.674211e-02,4.029316e-01,5.876740e+01,4.980000e+01,-3.133000e+02,1.192000e+02,5.120770e-01,3.538474e-01,-1.724237e-01,2.880842e-01,2.464200e+00,2.860000e+01,-5.000000e+00,-1.190000e+01
1.847970e-03,3.485579e-01,3.864211e-02,4.269316e-01,5.429313e+01,4.710000e+01,-2.988000e+02,1.079000e+02,4.436038e-01,3.340474e-01,-2.445237e-01,1.912842e-01,2.261313e+00,1.880000e+01,-4.600000e+00,-7.600000e+00
-2.013384e-02,3.885579e-01,2.374211e-02,3.872316e-01,6.981910e+01,6.170000e+01,-2.424000e+02,1.012000e+02,4.460370e-01,3.092474e-01,-2.667237e-01,1.970842e-01,1.742289e+00,1.300000e+01,-3.800000e+00,-5.300000e+00
-1.595780e-02,4.036579e-01,1.124421e-01,4.237316e-01,8.413728e+00,1.030000e+01,-9.460000e+01,6.400000e+00,4.207233e-01,2.935474e-01,-1.828237e-01,2.047842e-01,2.301359e+00,1.000000e+01,-6.000000e+00,-4.100000e+00
7.017496e-02,4.600579e-01,2.231421e-01,5.051316e-01,-8.284395e+01,-7.790000e+01,4.440000e+01,-4.920000e+01,3.655066e-01,2.513474e-01,-5.842368e-02,2.045842e-01,8.211134e-01,4.500000e+00,-3.800000e+00,-2.500000e+00
-3.125830e-02,3.319579e-01,2.774421e-01,4.983316e-01,-1.192681e+02,-1.142000e+02,7.690000e+01,-6.040000e+01,2.355574e-01,1.653474e-01,7.067632e-02,1.397842e-01,5.351347e-01,-3.300000e+00,-6.300000e+00,-1.000000e-01
-2.629849e-01,8.645789e-02,2.749421e-01,4.371316e-01,-9.801107e+01,-9.120000e+01,5.970000e+01,-6.420000e+01,1.326526e-01,-3.752632e-03,9.267632e-02,1.071842e-01,7.276228e-01,-7.400000e+00,-8.400000e+00,1.300000e+00
-4.096072e-01,-7.634211e-02,2.479421e-01,3.936316e-01,-4.906208e+01,-4.250000e+01,7.150000e+01,-6.130000e+01,9.062813e-02,8.847368e-03,6.797632e-02,4.358421e-02,9.407754e-01,-6.700000e+00,-8.800000e+00,1.100000e+00
-4.904771e-01,-1.776421e-01,2.066421e-01,3.634316e-01,-1.808596e+01,-1.220000e+01,9.350000e+01,-6.140000e+01,3.414588e-02,-5.905263e-02,6.907632e-02,1.028421e-02,3.342320e-01,-4.500000e+00,-5.900000e+00,4.000000e-01
-5.305300e-01,-2.489421e-01,2.060421e-01,3.287316e-01,2.981391e+01,3.190000e+01,1.458000e+02,-5.590000e+01,2.145021e-02,-7.095263e-02,5.907632e-02,-2.515789e-03,-5.238618e-01,-3.100000e+00,-3.500000e+00,-4.000000e-01
-5.579600e-01,-3.149421e-01,2.311421e-01,2.874316e-01,3.436383e+01,3.100000e+01,1.884000e+02,-4.800000e+01,1.608889e-02,-7.125263e-02,3.337632e-02,-1.781579e-02,-6.971009e-01,-2.200000e+00,-3.700000e+00,-1.100000e+00
-5.770618e-01,-3.716421e-01,2.602421e-01,2.324316e-01,1.545560e+01,5.500000e+00,2.176000e+02,-3.770000e+01,1.371607e-02,-7.795263e-02,2.497632e-02,-2.051579e-02,-1.134027e+00,-1.000000e+00,-2.100000e+00,-1.600000e+00
-5.633402e-01,-4.174421e-01,2.976421e-01,2.357316e-01,4.519721e+00,-8.500000e+00,2.422000e+02,-3.850000e+01,7.396890e-03,-8.095263e-02,2.247632e-02,-2.741579e-02,-1.445305e+00,-8.000000e-01,-2.500000e+00,-2.200000e+00
-5.629803e-01,-4.367421e-01,2.130421e-01,1.607316e-01,6.696849e+00,-5.900000e+00,2.662000e+02,-4.690000e+01,5.948568e-03,-8.435263e-02,1.707632e-02,-2.951579e-02,-4.397105e-01,-1.200000e+00,-4.300000e+00,-1.500000e+00
-6.380792e-01,-5.085421e-01,1.081421e-01,3.683158e-02,1.425279e+01,4.200000e+00,2.819000e+02,-5.600000e+01,3.535238e-03,-8.465263e-02,3.276316e-03,-3.721579e-02,-1.050409e+00,-2.300000e+00,-4.000000e+00,-1.600000e+00
-5.492820e-01,-4.340421e-01,7.174211e-02,-8.868421e-03,1.719587e+01,8.200000e+00,2.878000e+02,-5.930000e+01,3.422729e-04,-8.425263e-02,-9.523684e-03,-4.581579e-02,-1.142470e+00,-2.100000e+00,-4.800000e+00,-2.100000e+00
-3.784514e-01,-2.836421e-01,8.914211e-02,-1.816842e-02,2.191018e+01,1.450000e+01,2.965000e+02,-6.350000e+01,-1.799972e-04,-8.255263e-02,-1.372368e-02,-4.881579e-02,-1.268266e+00,-1.200000e+00,-4.600000e+00,-2.600000e+00
-2.635994e-01,-1.903421e-01,1.432421e-01,-3.616842e-02,2.181303e+01,1.510000e+01,2.992000e+02,-6.570000e+01,-1.158467e-03,-8.325263e-02,-9.123684e-03,-4.801579e-02,-6.481171e-01,-1.200000e+00,-4.900000e+00,-2.000000e+00
-1.866379e-01,-1.264421e-01,1.962421e-01,-6.506842e-02,2.125572e+01,1.550000e+01,2.997000e+02,-6.780000e+01,-2.723806e-03,-8.545263e-02,1.876316e-03,-4.481579e-02,-1.910157e+00,-2.300000e+00,-5.800000e+00,-3.300000e+00
-1.056031e-01,-4.594211e-02,2.188421e-01,-8.556842e-02,2.024756e+01,1.650000e+01,2.953000e+02,-7.000000e+01,-4.524511e-04,-8.555263e-02,8.776316e-03,-3.961579e-02,-1.440323e+00,-3.300000e+00,-6.600000e+00,-2.600000e+00
-2.999905e-02,3.835789e-02,2.146421e-01,-9.596842e-02,1.986603e+01,1.730000e+01,2.886000e+02,-7.020000e+01,-3.590114e-04,-8.585263e-02,1.247632e-02,-3.801579e-02,-1.747209e+00,-4.500000e+00,-7.900000e+00,-2.900000e+00
3.449768e-02,1.158579e-01,2.044421e-01,-9.976842e-02,1.991057e+01,1.750000e+01,2.840000e+02,-6.970000e+01,-1.156784e-03,-8.555263e-02,1.697632e-02,-3.741579e-02,-1.759903e+00,-5.700000e+00,-8.500000e+00,-2.600000e+00
8.607710e-02,1.782579e-01,2.097421e-01,-9.996842e-02,1.764560e+01,1.720000e+01,2.712000e+02,-6.960000e+01,1.023263e-03,-8.285263e-02,1.357632e-02,-3.741579e-02,-2.455400e+00,-6.000000e+00,-8.000000e+00,-3.100000e+00
1.302931e-01,2.315579e-01,2.234421e-01,-9.576842e-02,1.401187e+01,1.730000e+01,2.575000e+02,-7.120000e+01,1.372893e-03,-8.125263e-02,1.047632e-02,-3.891579e-02,-2.272065e+00,-5.800000e+00,-9.600000e+00,-3.600000e+00
1.715364e-01,2.796579e-01,2.369421e-01,-8.456842e-02,1.028376e+01,2.000000e+01,2.429000e+02,-7.430000e+01,2.212157e-03,-7.935263e-02,1.237632e-02,-3.811579e-02,-2.700950e+00,-5.700000e+00,-6.800000e+00,-3.100000e+00
2.074833e-01,3.196579e-01,2.471421e-01,-6.826842e-02,7.421134e+00,2.500000e+01,2.299000e+02,-7.790000e+01,3.620979e-03,-7.605263e-02,1.417632e-02,-3.731579e-02,-2.175838e+00,-4.200000e+00,-8.400000e+00,-3.800000e+00
2.422570e-01,3.544579e-01,2.559421e-01,-4.566842e-02,4.472285e+00,2.980000e+01,2.200000e+02,-8.190000e+01,4.480401e-03,-7.535263e-02,1.447632e-02,-3.651579e-02,-2.149056e+00,-4.900000e+00,-9.300000e+00,-3.800000e+00
2.719716e-01,3.848579e-01,2.627421e-01,-2.246842e-02,1.277015e+00,3.210000e+01,2.114000e+02,-8.470000e+01,5.904329e-03,-7.215263e-02,1.477632e-02,-3.621579e-02,-2.000173e+00,-4.800000e+00,-8.300000e+00,-3.300000e+00
2.928328e-01,4.049579e-01,2.695421e-01,-1.168421e-03,1.017331e-01,3.370000e+01,2.075000e+02,-8.600000e+01,7.211701e-03,-6.995263e-02,1.497632e-02,-3.561579e-02,-2.282693e+00,-5.500000e+00,-9.300000e+00,-3.700000e+00
3.044873e-01,4.142579e-01,2.747421e-01,1.703158e-02,-1.619476e-01,3.610000e+01,1.975000e+02,-8.440000e+01,8.744229e-03,-6.825263e-02,1.467632e-02,-3.471579e-02,-2.604852e+00,-5.400000e+00,-8.700000e+00,-3.900000e+00
3.148924e-01,4.234579e-01,2.741421e-01,3.723158e-02,2.089583e+00,4.130000e+01,1.895000e+02,-8.160000e+01,1.084463e-02,-6.555263e-02,1.457632e-02,-3.351579e-02,-1.962002e+00,-6.000000e+00,-1.160000e+01,-4.000000e+00
3.255107e-01,4.327579e-01,2.710421e-01,6.003158e-02,7.266349e+00,4.790000e+01,1.850000e+02,-7.700000e+01,1.262515e-02,-6.445263e-02,1.607632e-02,-3.131579e-02,-1.570883e+00,-6.300000e+00,-1.390000e+01,-4.300000e+00
3.370370e-01,4.430579e-01,2.636421e-01,8.683158e-02,1.419364e+01,5.590000e+01,1.836000e+02,-7.180000e+01,1.395575e-02,-6.445263e-02,1.807632e-02,-2.891579e-02,-6.141838e-01,-6.700000e+00,-1.700000e+01,-4.200000e+00
3.440784e-01,4.529579e-01,2.528421e-01,1.120316e-01,2.181911e+01,6.270000e+01,1.831000e+02,-6.550000e+01,1.658263e-02,-6.355263e-02,1.897632e-02,-2.581579e-02,-5.289961e-01,-7.600000e+00,-2.040000e+01,-5.000000e+00
3.450313e-01,4.612579e-01,2.404421e-01,1.336316e-01,2.777527e+01,6.700000e+01,1.823000e+02,-6.000000e+01,1.920818e-02,-6.355263e-02,1.817632e-02,-2.291579e-02,-4.662263e-01,-8.200000e+00,-2.440000e+01,-6.200000e+00
3.374902e-01,4.686579e-01,2.246421e-01,1.495316e-01,2.999195e+01,6.850000e+01,1.803000e+02,-5.730000e+01,2.377294e-02,-6.335263e-02,1.747632e-02,-1.771579e-02,8.805966e-01,-8.900000e+00,-3.110000e+01,-6.900000e+00
3.201624e-01,4.789579e-01,1.986421e-01,1.601316e-01,3.803617e+01,7.320000e+01,1.770000e+02,-4.820000e+01,2.974680e-02,-6.315263e-02,1.127632e-02,-1.291579e-02,2.130754e-01,-9.700000e+00,-3.670000e+01,-9.500000e+00
2.916520e-01,4.952579e-01,1.652421e-01,1.627316e-01,4.714132e+01,7.930000e+01,1.740000e+02,-3.810000e+01,3.565917e-02,-6.555263e-02,4.976316e-03,-6.815789e-03,8.542040e-01,-9.100000e+00,-4.370000e+01,-1.180000e+01
2.563511e-01,5.196579e-01,1.314421e-01,1.592316e-01,5.716546e+01,8.480000e+01,1.707000e+02,-2.650000e+01,4.214033e-02,-6.655263e-02,4.276316e-03,1.684211e-03,4.548394e+00,-7.600000e+00,-5.060000e+01,-1.090000e+01
2.106759e-01,5.500579e-01,9.634211e-02,1.461316e-01,6.649490e+01,8.580000e+01,1.649000e+02,-1.370000e+01,4.898958e-02,-6.495263e-02,1.076316e-03,8.584211e-03,1.335509e+01,-1.000000e+00,-6.180000e+01,-8.200000e+00
1.518894e-01,5.796579e-01,6.194211e-02,1.189316e-01,7.240071e+01,8.340000e+01,1.541000e+02,-1.800000e+00,5.278789e-02,-5.935263e-02,8.676316e-03,1.428421e-02,2.431338e+01,-1.000000e+00,-6.980000e+01,1.700000e+00
8.049341e-02,6.128579e-01,2.494211e-02,7.813158e-02,6.883564e+01,7.680000e+01,1.372000e+02,3.000000e+00,6.195572e-02,-6.775263e-02,-1.402368e-02,2.228421e-02,1.204376e+01,-1.010000e+01,-8.190000e+01,-1.310000e+01
-1.844233e-03,6.535579e-01,-8.057895e-03,2.303158e-02,6.426450e+01,7.160000e+01,1.271000e+02,3.200000e+00,6.693769e-02,-6.055263e-02,-8.023684e-03,2.868421e-02,2.149791e+01,-3.400000e+00,-8.580000e+01,-6.900000e+00
-9.006725e-02,7.033579e-01,-3.445789e-02,-4.486842e-02,5.044897e+01,5.840000e+01,1.042000e+02,0.000000e+00,7.001311e-02,-5.705263e-02,-3.823684e-03,3.458421e-02,2.814342e+01,1.900000e+00,-9.840000e+01,-6.900000e+00
-1.858856e-01,7.645579e-01,-6.365789e-02,-1.237684e-01,2.958434e+01,4.720000e+01,7.480000e+01,-7.700000e+00,7.146592e-02,-5.255263e-02,3.576316e-03,3.988421e-02,2.953549e+01,-3.500000e+00,-1.098000e+02,-6.700000e+00
-2.876270e-01,8.381579e-01,-9.555789e-02,-2.114684e-01,7.381811e+00,4.390000e+01,4.690000e+01,-1.770000e+01,7.125263e-02,-4.785263e-02,1.177632e-02,4.408421e-02,3.510770e+01,-5.300000e+00,-1.222000e+02,-3.800000e+00
-3.881920e-01,9.126579e-01,-1.203579e-01,-3.067684e-01,-1.381730e+01,4.180000e+01,1.740000e+01,-2.550000e+01,6.757206e-02,-4.095263e-02,2.627632e-02,4.608421e-02,3.766010e+01,-1.100000e+01,-1.345000e+02,-2.100000e+00
-4.809698e-01,9.799579e-01,-1.378579e-01,-4.044684e-01,-3.612157e+01,3.360000e+01,-1.550000e+01,-3.250000e+01,6.201774e-02,-3.175263e-02,4.067632e-02,4.498421e-02,3.989992e+01,-1.700000e+01,-1.448000e+02,4.000000e-01
-5.635652e-01,1.039058e+00,-1.530579e-01,-4.961684e-01,-4.844123e+01,2.910000e+01,-3.280000e+01,-3.680000e+01,5.417939e-02,-2.265263e-02,5.097632e-02,4.018421e-02,4.134093e+01,-2.500000e+01,-1.563000e+02,2.900000e+00
-6.065259e-01,1.089358e+00,-1.200579e-01,-5.807684e-01,-8.848623e+01,-3.780000e+01,-7.860000e+01,-5.650000e+01,4.367073e-02,-1.485263e-02,6.397632e-02,3.478421e-02,4.132770e+01,-2.990000e+01,-1.618000e+02,4.100000e+00
-6.590925e-01,1.168758e+00,-1.080579e-01,-6.804684e-01,-1.319773e+02,-1.041000e+02,-1.430000e+02,-6.880000e+01,3.446168e-02,-1.045263e-02,6.617632e-02,3.028421e-02,4.133294e+01,-3.990000e+01,-1.736000e+02,6.500000e+00
-6.941770e-01,1.345058e+00,-1.082579e-01,-7.712684e-01,-2.128916e+02,-2.015000e+02,-2.118000e+02,-1.201000e+02,2.019659e-02,8.747368e-03,9.567632e-02,2.128421e-02,4.326724e+01,-4.850000e+01,-1.875000e+02,9.700000e+00
-6.885138e-01,1.096058e+00,-2.024579e-01,-7.867684e-01,-2.484880e+02,-8.580000e+01,-3.577000e+02,-9.150000e+01,5.083661e-03,1.254737e-02,9.807632e-02,1.308421e-02,4.234006e+01,-6.040000e+01,-2.029000e+02,1.120000e+01
-5.051194e-01,9.596579e-01,-3.516579e-01,-5.853684e-01,-1.807327e+02,3.970000e+01,-4.121000e+02,-2.500000e+00,-6.934866e-03,1.754737e-02,9.837632e-02,1.048421e-02,4.916931e+01,-6.370000e+01,-2.270000e+02,1.160000e+01
-3.078771e-01,1.049858e+00,-4.995579e-01,-3.890684e-01,-7.585325e+01,-4.540000e+01,-3.026000e+02,7.670000e+01,-1.471264e-02,2.004737e-02,8.907632e-02,1.618421e-02,6.424059e+01,-5.660000e+01,-2.573000e+02,1.030000e+01
-2.035159e-01,1.010358e+00,-6.781579e-01,-2.501684e-01,-1.844543e+01,-3.450000e+01,-2.662000e+02,1.213000e+02,-2.797313e-02,1.764737e-02,6.657632e-02,1.518421e-02,6.290837e+01,-5.610000e+01,-2.736000e+02,-2.400000e+00
-6.750543e-02,9.570579e-01,-7.563579e-01,-9.296842e-02,2.896669e+01,2.320000e+01,-2.054000e+02,1.278000e+02,-4.085849e-02,1.574737e-02,4.027632e-02,2.098421e-02,6.232865e+01,-6.840000e+01,-3.080000e+02,-1.080000e+01
1.073455e-01,8.999579e-01,-6.810579e-01,5.363158e-02,2.307933e+01,2.100000e+01,-1.769000e+02,1.072000e+02,-4.786204e-02,2.584737e-02,1.337632e-02,3.258421e-02,6.521165e+01,-7.290000e+01,-3.436000e+02,-2.490000e+01
3.336277e-01,9.526579e-01,-4.569579e-01,1.509316e-01,-1.050063e+01,-6.200000e+01,-1.230000e+02,7.450000e+01,-3.263937e-02,5.824737e-02,-2.922368e-02,5.788421e-02,6.931519e+01,-7.550000e+01,-3.815000e+02,-4.280000e+01
3.671272e-01,8.474579e-01,-4.648579e-01,2.142316e-01,-1.257247e+01,-7.190000e+01,-7.620000e+01,5.380000e+01,2.661824e-02,1.338474e-01,-9.412368e-02,1.037842e-01,5.647224e+01,-9.110000e+01,-4.027000e+02,-6.250000e+01
4.340445e-01,7.390579e-01,-5.099579e-01,3.467316e-01,-5.132789e+00,-6.990000e+01,-2.650000e+01,3.870000e+01,1.022427e-01,2.219474e-01,-1.818237e-01,1.658842e-01,3.148948e+01,-1.103000e+02,-3.990000e+02,-8.260000e+01
4.706554e-01,5.242579e-01,-4.753579e-01,4.640316e-01,-9.398789e+00,-6.110000e+01,-1.600000e+00,1.840000e+01,1.511124e-01,2.882474e-01,-2.753237e-01,2.404842e-01,2.440984e+01,-1.089000e+02,-4.001000e+02,-1.120000e+02
6.351415e-01,6.993579e-01,-3.652579e-01,5.202316e-01,-4.460806e+00,-4.990000e+01,6.200000e+00,1.570000e+01,1.708793e-01,3.387474e-01,-3.771237e-01,3.086842e-01,2.066531e+01,-1.081000e+02,-3.980000e+02,-1.282000e+02
5.856205e-01,7.442579e-01,-2.100579e-01,3.712316e-01,-5.092732e+00,-4.260000e+01,1.220000e+01,9.100000e+00,1.735840e-01,3.932474e-01,-4.813237e-01,3.746842e-01,-1.017614e+01,-1.327000e+02,-3.930000e+02,-1.682000e+02
4.521106e-01,5.480579e-01,-2.365789e-02,2.288316e-01,-4.727604e+00,-4.130000e+01,1.320000e+01,8.600000e+00,1.910296e-01,4.851474e-01,-5.778237e-01,4.411842e-01,-4.501229e+01,-1.548000e+02,-3.616000e+02,-2.091000e+02
4.258076e-01,4.684579e-01,1.762421e-01,1.562316e-01,-4.227478e+00,-4.060000e+01,1.150000e+01,9.600000e+00,2.162810e-01,5.912474e-01,-6.758237e-01,5.293842e-01,-2.240631e+01,-1.131000e+02,-3.055000e+02,-2.280000e+02
3.596930e-01,3.959579e-01,2.623421e-01,8.033158e-02,-4.955084e+00,-3.380000e+01,1.100000e+01,5.800000e+00,1.446726e-01,5.932474e-01,-6.919237e-01,5.908842e-01,-9.613638e+00,-6.540000e+01,-1.821000e+02,-1.944000e+02
2.613574e-01,3.262579e-01,1.957421e-01,2.383158e-02,-4.413665e+00,-2.410000e+01,8.200000e+00,3.000000e+00,1.076181e-01,5.618474e-01,-8.407237e-01,6.299842e-01,-3.912173e+00,-2.850000e+01,-7.370000e+01,-1.097000e+02
1.168984e-01,1.504579e-01,-8.757895e-03,1.413158e-02,-5.377003e+00,-2.110000e+01,6.900000e+00,1.000000e+00,1.259992e-01,5.595474e-01,-8.912237e-01,7.442842e-01,3.998561e+00,1.630000e+01,6.500000e+01,-2.230000e+01
1.198055e-01,1.339579e-01,-3.075789e-02,3.303158e-02,-4.493632e+00,-1.550000e+01,4.600000e+00,3.000000e-01,1.602524e-02,3.932474e-01,-9.295237e-01,7.765842e-01,1.714004e+01,4.620000e+01,1.330000e+02,8.300000e+00
9.615006e-02,8.905789e-02,1.094211e-02,1.093158e-02,-4.069960e+00,-1.050000e+01,2.900000e+00,-9.000000e-01,-1.653583e-01,1.641474e-01,-9.086237e-01,7.398842e-01,4.674885e+01,7.750000e+01,1.407000e+02,-1.050000e+01
6.954255e-02,4.485789e-02,-5.257895e-03,6.531579e-03,-2.975592e+00,-5.500000e+00,3.000000e-01,-1.000000e+00,-2.903154e-01,5.247368e-03,-8.374237e-01,6.859842e-01,4.016914e+01,7.360000e+01,1.539000e+02,-1.980000e+01
5.349196e-02,2.885789e-02,-8.157895e-03,-3.568421e-03,-2.641801e+00,-1.600000e+00,-1.700000e+00,-1.700000e+00,-3.360579e-01,-8.725263e-02,-7.517237e-01,6.605842e-01,3.883265e+00,4.840000e+01,2.127000e+02,1.050000e+01
4.303143e-02,1.945789e-02,-5.578947e-04,-1.406842e-02,-2.080173e+00,5.000000e-01,-2.600000e+00,-1.700000e+00,-3.610766e-01,-1.808526e-01,-6.924237e-01,6.237842e-01,-1.141983e+01,4.510000e+01,2.770000e+02,3.450000e+01
3.353885e-02,1.385789e-02,-2.215789e-02,-1.446842e-02,-1.954025e+00,8.000000e-01,-3.400000e+00,-1.400000e+00,-4.247391e-01,-3.181526e-01,-6.299237e-01,5.585842e-01,-7.790456e+00,5.920000e+01,3.261000e+02,3.970000e+01
3.044823e-02,9.257895e-03,-1.965789e-02,-1.676842e-02,-1.848948e+00,-0.000000e+00,-3.400000e+00,-9.000000e-01,-4.997719e-01,-4.546526e-01,-5.460237e-01,4.701842e-01,-4.496971e+00,6.720000e+01,3.462000e+02,4.080000e+01
2.761140e-02,4.957895e-03,-4.757895e-03,-2.346842e-02,-1.739732e+00,2.000000e-01,-5.200000e+00,-2.000000e-01,-4.532813e-01,-4.777526e-01,-5.242237e-01,3.963842e-01,-2.214759e+00,7.790000e+01,3.786000e+02,3.910000e+01
2.393469e-02,3.957895e-03,6.842105e-03,-3.146842e-02,-1.910305e+00,2.400000e+00,-7.200000e+00,-7.000000e-01,-4.175145e-01,-4.741526e-01,-3.562237e-01,3.359842e-01,-1.916217e+01,6.780000e+01,4.070000e+02,3.600000e+01
1.881958e-02,1.157895e-03,1.084211e-02,-3.746842e-02,-1.429127e+00,3.500000e+00,-8.700000e+00,-1.000000e-01,-4.484424e-01,-5.159526e-01,-2.720237e-01,1.852842e-01,-4.373290e+01,4.840000e+01,4.329000e+02,3.360000e+01
1.916350e-02,-1.421053e-04,1.744211e-02,-3.876842e-02,-1.550720e+00,3.500000e+00,-1.040000e+01,4.000000e-01,-3.667451e-01,-4.351526e-01,-1.837237e-01,9.468421e-02,-6.679576e+01,3.140000e+01,4.528000e+02,2.570000e+01
1.688144e-02,-1.442105e-03,2.224211e-02,-4.246842e-02,-1.680839e+00,3.800000e+00,-1.170000e+01,6.000000e-01,-2.303834e-01,-3.084526e-01,-1.355237e-01,5.858421e-02,-8.911515e+01,1.700000e+01,4.669000e+02,1.210000e+01
1.370777e-02,-1.942105e-03,2.274211e-02,-4.596842e-02,-1.627138e+00,4.400000e+00,-1.360000e+01,1.100000e+00,-1.302628e-01,-2.205526e-01,-1.369237e-01,2.618421e-02,-1.089056e+02,1.700000e+00,4.704000e+02,4.000000e-01
1.272817e-02,-2.942105e-03,2.414211e-02,-4.696842e-02,-1.720312e+00,4.500000e+00,-1.530000e+01,1.600000e+00,-9.122123e-02,-1.809526e-01,-1.501237e-01,-2.361579e-02,-1.152867e+02,-3.800000e+00,4.669000e+02,-4.000000e+00
1.253279e-02,-1.642105e-03,2.164211e-02,-4.666842e-02,-1.484921e+00,5.100000e+00,-1.610000e+01,1.900000e+00,-6.369402e-02,-1.336526e-01,-1.317237e-01,-6.401579e-02,-1.206777e+02,-1.570000e+01,4.533000e+02,-4.000000e+00
1.297088e-02,-5.421053e-04,1.784211e-02,-4.496842e-02,-1.848265e+00,6.800000e+00,-1.860000e+01,1.600000e+00,-2.289397e-02,-7.535263e-02,-1.176237e-01,-7.841579e-02,-1.185390e+02,-3.380000e+01,4.375000e+02,1.000000e+01
1.168764e-02,-1.421053e-04,1.674211e-02,-4.596842e-02,-2.111383e+00,6.200000e+00,-2.040000e+01,2.300000e+00,1.764972e-02,-2.555263e-02,-1.189237e-01,-7.681579e-02,-1.048045e+02,-5.290000e+01,4.168000e+02,3.550000e+01
1.068118e-02,8.578947e-04,1.954211e-02,-4.846842e-02,-2.960315e+00,4.100000e+00,-2.150000e+01,2.800000e+00,6.604926e-02,1.984737e-02,-1.438237e-01,-5.981579e-02,-8.298383e+01,-7.000000e+01,3.942000e+02,6.590000e+01
8.614886e-03,2.957895e-03,2.574211e-02,-5.416842e-02,-3.189801e+00,1.500000e+00,-2.080000e+01,3.600000e+00,1.273799e-01,6.254737e-02,-1.949237e-01,-2.721579e-02,-5.087099e+01,-8.000000e+01,3.695000e+02,1.013000e+02
5.993993e-03,4.557895e-03,2.824211e-02,-5.896842e-02,-1.004405e+01,-1.730000e+01,-1.990000e+01,4.800000e+00,1.965396e-01,1.028474e-01,-2.525237e-01,1.948421e-02,-3.164191e+01,-8.130000e+01,3.549000e+02,1.193000e+02
5.136418e-03,7.157895e-03,3.194211e-02,-6.256842e-02,-2.809034e+00,-1.900000e+00,-1.930000e+01,5.200000e+00,2.718818e-01,1.437474e-01,-2.999237e-01,8.188421e-02,8.096714e+00,-8.450000e+01,3.277000e+02,1.558000e+02
4.001652e-03,1.005789e-02,3.304211e-02,-6.566842e-02,-2.695089e+00,-3.500000e+00,-1.880000e+01,6.000000e+00,3.548093e-01,1.983474e-01,-3.386237e-01,1.590842e-01,4.303920e+01,-8.680000e+01,3.066000e+02,1.876000e+02
3.320296e-03,1.375789e-02,3.284211e-02,-6.816842e-02,-1.382046e+00,-4.600000e+00,-1.810000e+01,7.900000e+00,4.318289e-01,2.549474e-01,-3.612237e-01,2.455842e-01,5.841250e+01,-8.960000e+01,2.956000e+02,2.010000e+02
3.477428e-03,1.725789e-02,3.674211e-02,-7.116842e-02,-1.747394e+00,-4.800000e+00,-1.940000e+01,8.100000e+00,4.917255e-01,3.218474e-01,-3.668237e-01,3.307842e-01,4.899902e+01,-9.030000e+01,2.922000e+02,1.895000e+02
3.833532e-03,2.125789e-02,4.314211e-02,-7.516842e-02,-1.524679e+00,-5.700000e+00,-2.200000e+01,9.900000e+00,5.336485e-01,3.987474e-01,-3.621237e-01,4.130842e-01,1.905755e+01,-9.030000e+01,2.918000e+02,1.566000e+02
6.729150e-03,2.235789e-02,4.564211e-02,-7.296842e-02,2.355254e+00,-2.300000e+00,-2.340000e+01,1.330000e+01,5.544514e-01,4.970474e-01,-3.524237e-01,4.879842e-01,-2.116699e+01,-9.380000e+01,2.946000e+02,1.139000e+02
8.986961e-03,2.845789e-02,4.274211e-02,-7.216842e-02,1.354687e+00,-3.000000e+00,-2.440000e+01,1.290000e+01,5.463814e-01,6.164474e-01,-3.390237e-01,5.505842e-01,-4.277572e+01,-9.340000e+01,2.966000e+02,9.100000e+01
1.163944e-02,3.035789e-02,3.584211e-02,-6.696842e-02,-1.203261e+00,-4.300000e+00,-2.680000e+01,1.150000e+01,4.974634e-01,7.587474e-01,-3.177237e-01,5.892842e-01,-7.809935e+01,-9.140000e+01,2.944000e+02,5.070000e+01
1.855640e-02,2.875789e-02,2.814211e-02,-5.416842e-02,-5.144638e+00,-5.300000e+00,-3.390000e+01,1.010000e+01,3.914751e-01,9.058474e-01,-2.756237e-01,5.869842e-01,-9.755444e+01,-8.750000e+01,2.782000e+02,2.100000e+01
2.658546e-02,3.285789e-02,2.014211e-02,-4.296842e-02,-6.449068e+00,-3.000000e+00,-4.020000e+01,9.700000e+00,2.331793e-01,1.072247e+00,-2.127237e-01,5.394842e-01,-9.566586e+01,-8.370000e+01,2.314000e+02,-1.000000e+00
3.579313e-02,3.505789e-02,1.314211e-02,-2.936842e-02,-9.078204e+00,-1.700000e+00,-4.920000e+01,9.300000e+00,3.254587e-02,1.255847e+00,-1.354237e-01,4.449842e-01,-8.593436e+01,-9.500000e+01,1.735000e+02,-2.410000e+01
4.549686e-02,3.485789e-02,7.142105e-03,-1.366842e-02,-7.140798e+00,6.900000e+00,-5.830000e+01,1.020000e+01,-2.000568e-01,1.428147e+00,-2.862368e-02,3.170842e-01,-6.720848e+01,-1.111000e+02,1.255000e+02,-3.360000e+01
5.358966e-02,3.475789e-02,1.542105e-03,3.315789e-04,-1.312976e+01,5.400000e+00,-6.930000e+01,8.100000e+00,-4.422826e-01,1.591247e+00,8.407632e-02,1.753842e-01,-5.645076e+01,-1.145000e+02,1.035000e+02,-3.480000e+01
6.167680e-02,3.315789e-02,-6.057895e-03,1.663158e-02,-1.482900e+01,6.700000e+00,-7.660000e+01,8.100000e+00,-6.662187e-01,1.746647e+00,1.840763e-01,2.888421e-02,-3.697076e+01,-1.071000e+02,5.900000e+01,-3.730000e+01
6.966878e-02,3.015789e-02,-1.305789e-02,3.443158e-02,-2.048985e+01,4.600000e+00,-9.140000e+01,8.300000e+00,-8.565594e-01,1.875947e+00,2.666763e-01,-1.153158e-01,-1.712195e+01,-7.920000e+01,1.560000e+01,-3.360000e+01
7.411307e-02,3.285789e-02,-1.565789e-02,4.343158e-02,-2.164964e+01,7.900000e+00,-1.068000e+02,1.090000e+01,-1.014596e+00,1.965947e+00,3.343763e-01,-2.589158e-01,1.283870e+01,-3.750000e+01,-2.730000e+01,-1.370000e+01
7.806480e-02,3.075789e-02,-1.525789e-02,5.513158e-02,-2.515965e+01,6.700000e+00,-1.209000e+02,1.300000e+01,-1.034041e+00,1.984747e+00,3.347763e-01,-3.267158e-01,6.816553e+01,1.595000e+02,-1.064000e+02,5.540000e+01
8.122173e-02,3.275789e-02,-1.335789e-02,6.303158e-02,-2.513252e+01,6.700000e+00,-1.209000e+02,1.300000e+01,-1.100903e+00,1.969847e+00,3.282763e-01,-4.842158e-01,1.448540e+02,2.782000e+02,-1.863000e+02,1.273000e+02
7.911124e-02,3.625789e-02,-9.257895e-03,6.433158e-02,-2.860434e+01,8.200000e+00,-1.496000e+02,1.940000e+01,-1.140403e+00,1.788247e+00,4.206763e-01,-5.859158e-01,2.030430e+02,1.225000e+02,-2.147000e+02,1.431000e+02
8.008388e-02,3.255789e-02,-1.257895e-03,7.663158e-02,-3.763560e+01,2.800000e+00,-1.755000e+02,2.260000e+01,-8.160806e-01,1.220547e+00,4.932763e-01,-3.962158e-01,2.140233e+02,1.167000e+02,-3.532000e+02,7.970000e+01
8.186656e-02,2.945789e-02,9.042105e-03,9.193158e-02,-4.454244e+01,-2.100000e+00,-1.916000e+02,2.420000e+01,-6.055514e-01,1.245647e+00,5.213763e-01,-2.704158e-01,1.743757e+02,-3.020000e+01,-4.123000e+02,-1.540000e+01
7.402887e-02,2.145789e-02,2.554211e-02,1.011316e-01,-5.157013e+01,-8.700000e+00,-2.239000e+02,3.450000e+01,-4.086993e-01,1.140547e+00,6.389763e-01,-1.182158e-01,1.804831e+02,6.080000e+01,-3.969000e+02,5.400000e+00
5.717461e-02,1.405789e-02,2.784211e-02,1.112316e-01,-4.732162e+01,1.000000e-01,-2.585000e+02,4.790000e+01,-3.038550e-01,9.834474e-01,7.571763e-01,-2.371579e-02,8.646809e+01,-2.400000e+00,-2.976000e+02,-4.980000e+01
3.606285e-02,1.175789e-02,2.684211e-02,1.206316e-01,-5.284532e+01,2.400000e+00,-2.943000e+02,5.370000e+01,-1.116043e-01,7.893474e-01,8.195763e-01,1.727842e-01,-2.889783e+01,-8.000000e+00,-2.217000e+02,-1.405000e+02
9.079904e-03,1.105789e-02,3.074211e-02,1.283316e-01,-5.200574e+01,1.010000e+01,-3.309000e+02,6.370000e+01,2.063501e-03,5.967474e-01,8.516763e-01,2.991842e-01,-6.972392e+01,-3.530000e+01,-1.779000e+02,-1.611000e+02
-2.186111e-02,1.215789e-02,4.064211e-02,1.394316e-01,-4.490217e+01,2.320000e+01,-3.680000e+02,7.750000e+01,8.548963e-02,4.099474e-01,7.753763e-01,3.602842e-01,-5.844956e+01,-4.440000e+01,-1.766000e+02,-1.458000e+02
-3.335552e-02,4.095789e-02,5.304211e-02,1.569316e-01,-4.170634e+01,2.710000e+01,-3.827000e+02,8.560000e+01,1.092250e-01,2.806474e-01,6.765763e-01,3.463842e-01,-5.679251e+00,-3.350000e+01,-1.966000e+02,-9.760000e+01
-6.090383e-03,1.172579e-01,6.674211e-02,1.814316e-01,-4.315542e+01,2.800000e+01,-3.918000e+02,8.630000e+01,3.636169e-01,1.926474e-01,4.754763e-01,5.275842e-01,4.501794e+01,1.063000e+02,-2.273000e+02,-9.030000e+01
4.460607e-02,2.188579e-01,7.534211e-02,2.133316e-01,-3.765106e+01,3.620000e+01,-3.762000e+02,7.260000e+01,5.693372e-01,4.098474e-01,3.025763e-01,5.908842e-01,-3.724915e+00,1.250000e+02,-4.840000e+01,-6.580000e+01
8.240371e-02,3.070579e-01,8.684211e-02,2.452316e-01,-2.080326e+01,5.350000e+01,-3.616000e+02,6.600000e+01,5.882748e-01,7.347474e-01,2.548763e-01,4.604842e-01,8.897227e+00,1.068000e+02,-8.260000e+01,-6.110000e+01
9.479819e-02,3.716579e-01,9.684211e-02,2.733316e-01,-3.998420e+00,6.740000e+01,-3.431000e+02,6.420000e+01,5.206677e-01,5.371474e-01,1.970763e-01,4.148842e-01,1.054211e+00,6.620000e+01,-2.560000e+01,-3.210000e+01
9.740098e-02,4.262579e-01,1.071421e-01,3.098316e-01,-5.168954e+00,5.950000e+01,-3.245000e+02,7.160000e+01,4.839962e-01,4.534474e-01,1.657632e-02,3.245842e-01,-1.349268e+00,5.140000e+01,-4.000000e-01,-1.950000e+01
7.928852e-02,4.610579e-01,1.214421e-01,3.443316e-01,5.478732e+00,6.190000e+01,-2.998000e+02,8.560000e+01,5.123585e-01,3.871474e-01,-1.570237e-01,3.094842e-01,-9.443983e-01,4.230000e+01,-1.200000e+00,-1.630000e+01
4.922078e-02,4.841579e-01,1.561421e-01,3.754316e-01,4.873018e-01,5.320000e+01,-2.903000e+02,9.530000e+01,4.396786e-01,3.534474e-01,-2.838237e-01,1.899842e-01,5.135125e-01,2.930000e+01,-2.800000e+00,-1.080000e+01
2.227725e-02,5.171579e-01,1.499421e-01,3.747316e-01,2.118285e+00,4.770000e+01,-2.518000e+02,8.470000e+01,4.128701e-01,3.247474e-01,-3.747237e-01,1.352842e-01,-1.628876e-01,2.180000e+01,-2.100000e+00,-8.700000e+00
3.845054e-02,5.473579e-01,2.038421e-01,4.086316e-01,-1.780284e+00,1.980000e+01,-1.132000e+02,1.290000e+01,4.072628e-01,3.046474e-01,-3.437237e-01,1.474842e-01,-4.252017e-02,1.370000e+01,-2.300000e+00,-5.800000e+00
9.960897e-02,5.813579e-01,2.853421e-01,4.995316e-01,-6.642723e+01,-7.150000e+01,1.980000e+01,-1.500000e+00,3.717109e-01,2.719474e-01,-2.117237e-01,1.678842e-01,6.406990e-01,3.800000e+00,-5.200000e+00,-2.600000e+00
1.393431e-02,4.639579e-01,3.135421e-01,5.374316e-01,-8.930265e+01,-1.044000e+02,6.760000e+01,6.000000e+00,2.078371e-01,2.010474e-01,2.757632e-02,9.758421e-02,1.258780e+00,-3.500000e+00,-9.300000e+00,-8.000000e-01
-1.917345e-01,2.351579e-01,3.058421e-01,5.216316e-01,-7.013004e+01,-8.550000e+01,6.820000e+01,1.550000e+01,1.206161e-01,-1.595263e-02,1.231763e-01,1.137842e-01,1.295095e+00,-5.900000e+00,-8.600000e+00,4.000000e-01
-3.503577e-01,5.795789e-02,2.730421e-01,4.984316e-01,-3.396558e+01,-5.200000e+01,8.450000e+01,1.870000e+01,9.913892e-02,2.274737e-02,8.617632e-02,6.108421e-02,1.537886e+00,-5.700000e+00,-9.200000e+00,4.000000e-01
-4.375650e-01,-4.924211e-02,2.284421e-01,4.847316e-01,-8.663318e+00,-3.020000e+01,1.068000e+02,1.590000e+01,4.641464e-02,-2.805263e-02,7.997632e-02,1.768421e-02,6.268677e-01,-2.600000e+00,-6.100000e+00,-6.000000e-01
-4.881207e-01,-1.345421e-01,2.044421e-01,4.621316e-01,3.152139e+01,1.000000e+00,1.642000e+02,7.900000e+00,3.098059e-02,-6.355263e-02,7.657632e-02,1.198421e-02,-6.637773e-01,-1.700000e+00,-4.000000e+00,-1.600000e+00
-5.126970e-01,-2.096421e-01,2.183421e-01,4.300316e-01,3.829409e+01,-8.000000e-01,2.143000e+02,3.200000e+00,2.380294e-02,-6.755263e-02,5.197632e-02,-3.915789e-03,-1.476720e+00,-1.300000e+00,-3.300000e+00,-2.400000e+00
-5.244820e-01,-2.746421e-01,2.264421e-01,3.886316e-01,1.849893e+01,-2.720000e+01,2.473000e+02,1.400000e+00,1.694414e-02,-7.195263e-02,3.767632e-02,-1.541579e-02,-2.356033e+00,-2.000000e-01,-3.300000e+00,-3.800000e+00
-5.256341e-01,-3.429421e-01,2.622421e-01,3.716316e-01,-2.057511e+00,-5.060000e+01,2.685000e+02,-8.400000e+00,1.381167e-02,-7.515263e-02,3.037632e-02,-2.051579e-02,-1.731181e+00,-1.200000e+00,-4.100000e+00,-3.000000e+00
-5.386051e-01,-3.992421e-01,2.192421e-01,3.120316e-01,-1.064020e+01,-5.830000e+01,2.855000e+02,-2.590000e+01,1.117542e-02,-7.875263e-02,2.127632e-02,-2.551579e-02,-1.422407e+00,-1.500000e+00,-5.400000e+00,-3.000000e+00
-6.020922e-01,-4.756421e-01,1.404421e-01,1.875316e-01,-1.237144e+01,-5.550000e+01,2.945000e+02,-4.590000e+01,7.303358e-03,-7.945263e-02,-1.423684e-03,-3.791579e-02,-2.831845e+00,-1.700000e+00,-4.000000e+00,-4.000000e+00
-5.449778e-01,-4.379421e-01,1.143421e-01,1.053316e-01,-6.121276e+00,-4.740000e+01,3.065000e+02,-5.590000e+01,5.820300e-03,-7.765263e-02,-2.102368e-02,-4.741579e-02,-3.651678e+00,-1.000000e-01,-2.500000e+00,-5.000000e+00
-3.879789e-01,-3.072421e-01,1.311421e-01,6.793158e-02,-5.759891e+00,-4.110000e+01,3.140000e+02,-7.280000e+01,5.910974e-03,-7.615263e-02,-2.982368e-02,-5.111579e-02,-3.792073e+00,-3.000000e-01,-3.100000e+00,-5.300000e+00
-2.653316e-01,-2.062421e-01,1.685421e-01,2.703158e-02,-9.560936e+00,-3.930000e+01,3.146000e+02,-8.530000e+01,4.519188e-03,-7.755263e-02,-2.552368e-02,-5.061579e-02,-4.191526e+00,-1.200000e+00,-3.100000e+00,-5.400000e+00
-1.947917e-01,-1.487421e-01,2.161421e-01,-2.736842e-02,-1.318494e+01,-3.720000e+01,3.104000e+02,-9.480000e+01,4.737053e-03,-7.925263e-02,-1.252368e-02,-4.501579e-02,-4.047038e+00,-3.600000e+00,-3.700000e+00,-4.500000e+00
-1.395951e-01,-9.154211e-02,2.362421e-01,-7.726842e-02,-1.667814e+01,-3.410000e+01,2.972000e+02,-1.010000e+02,6.246381e-03,-7.845263e-02,-5.023684e-03,-4.091579e-02,-3.485746e+00,-3.400000e+00,-5.000000e+00,-4.400000e+00
-8.191458e-02,-1.684211e-02,2.270421e-01,-1.139684e-01,-2.322913e+01,-3.180000e+01,2.777000e+02,-1.080000e+02,6.726854e-03,-7.855263e-02,-1.923684e-03,-3.921579e-02,-3.768533e+00,-5.100000e+00,-5.200000e+00,-4.100000e+00
-2.127256e-02,6.725789e-02,2.074421e-01,-1.350684e-01,-2.578636e+01,-3.010000e+01,2.688000e+02,-1.113000e+02,7.102159e-03,-7.745263e-02,2.276316e-03,-3.771579e-02,-3.145915e+00,-3.700000e+00,-7.600000e+00,-4.800000e+00
3.833402e-02,1.495579e-01,1.960421e-01,-1.432684e-01,-3.524149e+01,-3.050000e+01,2.512000e+02,-1.189000e+02,7.455574e-03,-7.585263e-02,2.376316e-03,-3.791579e-02,-3.485787e+00,-3.800000e+00,-7.800000e+00,-5.200000e+00
9.212761e-02,2.175579e-01,2.026421e-01,-1.411684e-01,-4.912895e+01,-3.790000e+01,2.350000e+02,-1.261000e+02,6.651874e-03,-7.355263e-02,3.076316e-03,-3.951579e-02,-3.574793e+00,-5.000000e+00,-8.100000e+00,-4.900000e+00
1.412849e-01,2.770579e-01,2.143421e-01,-1.310684e-01,-6.755619e+01,-5.150000e+01,2.191000e+02,-1.341000e+02,7.319119e-03,-7.135263e-02,9.076316e-03,-3.751579e-02,-3.225371e+00,-4.300000e+00,-7.900000e+00,-4.700000e+00
1.871187e-01,3.290579e-01,2.289421e-01,-1.133684e-01,-8.425922e+01,-6.800000e+01,2.085000e+02,-1.397000e+02,6.718475e-03,-7.055263e-02,1.387632e-02,-3.681579e-02,-2.729626e+00,-3.900000e+00,-8.800000e+00,-4.600000e+00
2.290693e-01,3.746579e-01,2.391421e-01,-8.836842e-02,-9.389753e+01,-8.030000e+01,2.041000e+02,-1.420000e+02,6.905320e-03,-6.965263e-02,1.457632e-02,-3.671579e-02,-2.683190e+00,-4.300000e+00,-9.200000e+00,-4.500000e+00
2.632657e-01,4.148579e-01,2.435421e-01,-6.216842e-02,-9.807388e+01,-8.650000e+01,2.020000e+02,-1.427000e+02,8.079407e-03,-6.745263e-02,1.447632e-02,-3.631579e-02,-2.377108e+00,-3.400000e+00,-1.060000e+01,-5.000000e+00
2.925533e-01,4.507579e-01,2.487421e-01,-3.506842e-02,-9.862946e+01,-8.800000e+01,2.008000e+02,-1.423000e+02,8.856909e-03,-6.575263e-02,1.107632e-02,-3.731579e-02,-2.729139e+00,-3.600000e+00,-1.090000e+01,-5.400000e+00
3.127767e-01,4.792579e-01,2.579421e-01,-1.236842e-02,-9.658195e+01,-8.870000e+01,1.955000e+02,-1.378000e+02,9.060914e-03,-6.495263e-02,9.276316e-03,-3.801579e-02,-1.555551e+00,-2.900000e+00,-1.280000e+01,-5.000000e+00
3.220456e-01,4.947579e-01,2.722421e-01,4.931579e-03,-9.249754e+01,-8.690000e+01,1.892000e+02,-1.319000e+02,1.082103e-02,-6.165263e-02,9.176316e-03,-3.741579e-02,-1.839365e+00,-2.800000e+00,-1.440000e+01,-5.900000e+00
3.198749e-01,4.948579e-01,2.865421e-01,1.723158e-02,-8.692879e+01,-8.030000e+01,1.813000e+02,-1.259000e+02,1.267150e-02,-6.065263e-02,8.776316e-03,-3.581579e-02,-2.035098e+00,-3.200000e+00,-1.520000e+01,-6.200000e+00
3.126034e-01,4.888579e-01,3.017421e-01,2.633158e-02,-8.310646e+01,-6.850000e+01,1.753000e+02,-1.244000e+02,1.611356e-02,-5.915263e-02,6.576316e-03,-3.321579e-02,-2.900766e+00,-2.700000e+00,-1.670000e+01,-7.900000e+00
3.059864e-01,4.892579e-01,3.178421e-01,3.453158e-02,-8.071678e+01,-5.800000e+01,1.741000e+02,-1.252000e+02,2.237547e-02,-5.985263e-02,-1.823684e-03,-2.851579e-02,-2.858896e+00,-2.900000e+00,-2.240000e+01,-9.700000e+00
2.945371e-01,4.915579e-01,3.360421e-01,3.753158e-02,-7.565587e+01,-4.830000e+01,1.746000e+02,-1.230000e+02,2.647444e-02,-6.055263e-02,-8.723684e-03,-2.571579e-02,-2.727316e+00,-3.000000e-01,-2.680000e+01,-1.220000e+01
2.760824e-01,4.950579e-01,3.495421e-01,3.563158e-02,-7.119503e+01,-4.250000e+01,1.742000e+02,-1.198000e+02,3.100177e-02,-6.065263e-02,-1.092368e-02,-2.101579e-02,-5.047000e-01,1.700000e+00,-3.140000e+01,-1.210000e+01
2.501626e-01,5.016579e-01,3.576421e-01,2.753158e-02,-5.598031e+01,-2.950000e+01,1.729000e+02,-1.063000e+02,3.768797e-02,-6.125263e-02,-1.552368e-02,-1.431579e-02,3.102996e+00,6.500000e+00,-3.720000e+01,-1.210000e+01
2.228041e-01,5.173579e-01,3.641421e-01,1.733158e-02,-3.181149e+01,-1.330000e+01,1.727000e+02,-8.390000e+01,3.367043e-02,-6.495263e-02,-6.723684e-03,-1.381579e-02,6.466598e+00,8.800000e+00,-4.530000e+01,-1.200000e+01
1.927398e-01,5.478579e-01,3.674421e-01,4.231579e-03,-1.724918e+00,2.600000e+00,1.755000e+02,-5.570000e+01,5.389759e-02,-5.895263e-02,-2.112368e-02,2.384211e-03,1.012409e+01,1.040000e+01,-4.970000e+01,-1.000000e+01
1.536469e-01,5.911579e-01,3.662421e-01,-1.756842e-02,2.793144e+01,1.550000e+01,1.725000e+02,-2.540000e+01,5.837931e-02,-5.845263e-02,-1.392368e-02,1.048421e-02,5.490443e+00,4.800000e+00,-6.020000e+01,-1.620000e+01
1.019940e-01,6.516579e-01,3.571421e-01,-5.136842e-02,5.286598e+01,2.620000e+01,1.630000e+02,2.500000e+00,6.485415e-02,-5.735263e-02,-5.923684e-03,2.118421e-02,1.523847e+01,1.110000e+01,-7.150000e+01,-1.170000e+01
3.087417e-02,7.272579e-01,3.436421e-01,-1.035684e-01,6.193700e+01,3.110000e+01,1.544000e+02,1.420000e+01,7.243439e-02,-5.595263e-02,-1.323684e-03,3.228421e-02,1.886519e+01,9.600000e+00,-8.420000e+01,-1.090000e+01
-5.902041e-02,8.093579e-01,3.234421e-01,-1.750684e-01,7.325630e+01,3.940000e+01,1.345000e+02,3.190000e+01,7.888746e-02,-5.475263e-02,5.776316e-03,4.358421e-02,2.182653e+01,7.500000e+00,-9.840000e+01,-1.100000e+01
-1.677611e-01,9.120579e-01,2.854421e-01,-2.672684e-01,7.389028e+01,5.590000e+01,9.830000e+01,4.380000e+01,8.311492e-02,-5.115263e-02,2.187632e-02,5.468421e-02,2.625892e+01,6.400000e+00,-1.135000e+02,-1.010000e+01
-2.893759e-01,1.025858e+00,2.581421e-01,-3.844684e-01,6.517344e+01,5.720000e+01,5.830000e+01,4.800000e+01,8.903476e-02,-4.585263e-02,3.687632e-02,6.738421e-02,2.944515e+01,2.400000e+00,-1.293000e+02,-9.200000e+00
-4.207586e-01,1.156358e+00,2.083421e-01,-5.131684e-01,3.937631e+01,5.120000e+01,1.560000e+01,3.560000e+01,9.245709e-02,-4.175263e-02,4.777632e-02,7.778421e-02,2.656420e+01,-1.640000e+01,-1.476000e+02,-7.600000e+00
-5.468671e-01,1.343158e+00,1.611421e-01,-6.602684e-01,-1.417177e+01,3.550000e+01,-6.930000e+01,9.500000e+00,9.319280e-02,-3.735263e-02,6.107632e-02,8.668421e-02,3.559724e+01,-4.400000e+00,-1.570000e+02,-7.100000e+00
-6.934726e-01,1.561558e+00,1.283421e-01,-9.022684e-01,-9.915512e+01,-2.310000e+01,-2.648000e+02,-7.200000e+00,1.055544e-01,-3.005263e-02,5.747632e-02,1.045842e-01,3.422085e+01,-1.700000e+01,-1.779000e+02,-7.600000e+00
-8.723417e-01,1.534358e+00,-1.586579e-01,-1.135168e+00,-1.297781e+02,6.470000e+01,-4.189000e+02,9.900000e+00,9.894229e-02,-3.655263e-02,6.907632e-02,1.172842e-01,3.127588e+01,-3.100000e+01,-2.048000e+02,-1.090000e+01
-5.596176e-01,1.565358e+00,-2.682579e-01,-8.842684e-01,-9.536708e+01,1.588000e+02,-3.557000e+02,8.300000e+00,1.188820e-01,-4.045263e-02,4.267632e-02,1.557842e-01,2.801236e+01,-4.360000e+01,-2.442000e+02,-2.000000e+01
-2.512601e-01,1.583358e+00,-3.729579e-01,-6.179684e-01,-9.498382e+01,1.588000e+02,-3.557000e+02,8.300000e+00,1.403024e-01,-4.805263e-02,-1.323684e-03,2.043842e-01,2.587194e+01,-4.750000e+01,-2.940000e+02,-3.880000e+01
-2.426349e-01,1.533058e+00,-6.006579e-01,-5.832684e-01,2.457300e+01,1.044000e+02,-2.539000e+02,1.134000e+02,1.644430e-01,-4.365263e-02,-4.602368e-02,2.632842e-01,8.955544e-01,-7.290000e+01,-3.431000e+02,-7.070000e+01
8.073971e-02,1.614958e+00,-4.328579e-01,-3.996684e-01,-2.487029e+01,-4.290000e+01,-1.982000e+02,8.160000e+01,2.141813e-01,-2.252632e-03,-8.932368e-02,3.392842e-01,-2.165712e+01,-9.740000e+01,-3.580000e+02,-8.550000e+01
2.645486e-01,1.640058e+00,-2.861579e-01,-2.903684e-01,-1.557173e+01,-4.180000e+01,-5.670000e+01,2.540000e+01,2.946311e-01,7.074737e-02,-1.488237e-01,4.392842e-01,-8.495224e+01,-1.624000e+02,-3.605000e+02,-1.118000e+02
3.103220e-01,1.497258e+00,-3.373579e-01,-1.652684e-01,-7.583082e+00,-4.440000e+01,-1.220000e+01,1.540000e+01,3.714486e-01,1.329474e-01,-2.495237e-01,5.522842e-01,-1.621389e+02,-2.230000e+02,-3.469000e+02,-1.586000e+02
3.662240e-01,1.309558e+00,-3.434579e-01,-2.616842e-02,-1.115697e+01,-3.820000e+01,-7.900000e+00,6.700000e+00,4.491363e-01,1.976474e-01,-3.831237e-01,6.706842e-01,-2.191208e+02,-2.366000e+02,-3.007000e+02,-2.238000e+02
4.225568e-01,1.071558e+00,-3.269579e-01,1.276316e-01,-8.668439e+00,-2.890000e+01,-5.400000e+00,4.600000e+00,5.084263e-01,2.486474e-01,-5.389237e-01,7.796842e-01,-2.030034e+02,-1.586000e+02,-2.247000e+02,-2.898000e+02
5.316458e-01,7.919579e-01,-3.385579e-01,3.767316e-01,-7.942511e+00,-1.660000e+01,-2.200000e+00,-1.200000e+00,4.806882e-01,2.356474e-01,-6.349237e-01,8.586842e-01,-9.588912e+01,-3.150000e+01,-1.728000e+02,-2.704000e+02
8.204593e-01,7.375579e-01,-4.265789e-02,6.079316e-01,-6.308960e+00,-1.740000e+01,-1.300000e+00,7.000000e-01,3.114523e-01,8.554737e-02,-6.600237e-01,8.904842e-01,-1.087790e+02,-2.780000e+01,-6.740000e+01,-2.563000e+02
6.087991e-01,6.143579e-01,5.294211e-02,3.703316e-01,-5.571801e+00,-2.100000e+01,-4.200000e+00,4.400000e+00,3.043943e-01,9.944737e-02,-7.880237e-01,9.173842e-01,-9.320735e+01,-2.310000e+01,-6.330000e+01,-2.233000e+02
3.927100e-01,4.926579e-01,1.253421e-01,1.388316e-01,-3.871589e+00,-1.190000e+01,-2.900000e+00,1.900000e+00,1.823265e-01,-7.652632e-03,-8.475237e-01,8.797842e-01,-3.155018e+01,3.780000e+01,4.670000e+01,-1.678000e+02
4.598077e-01,4.243579e-01,3.362421e-01,1.578316e-01,-3.345181e+00,-8.400000e+00,-4.800000e+00,1.800000e+00,-1.339653e-02,-1.825526e-01,-8.836237e-01,8.120842e-01,-8.831467e+00,4.850000e+01,4.810000e+01,-1.320000e+02
2.185759e-01,2.161579e-01,1.565421e-01,4.223158e-02,-2.689931e+00,-5.900000e+00,-5.800000e+00,1.900000e+00,-2.233716e-01,-3.544526e-01,-8.999237e-01,6.851842e-01,-4.446713e+00,2.620000e+01,3.160000e+01,-6.900000e+01
7.807497e-02,3.985789e-02,6.742105e-03,1.853158e-02,-1.956182e+00,-4.300000e+00,-7.100000e+00,2.600000e+00,-4.204605e-01,-5.290526e-01,-8.828237e-01,5.410842e-01,-2.442116e+01,-2.300000e+01,6.500000e+01,2.800000e+00
6.849345e-02,1.565789e-02,3.864211e-02,4.731579e-03,-2.173141e+00,-1.400000e+00,-7.200000e+00,1.100000e+00,-5.995106e-01,-6.986526e-01,-8.368237e-01,3.962842e-01,-2.097533e+01,-4.220000e+01,8.840000e+01,6.010000e+01
5.805757e-02,1.435789e-02,5.264211e-02,-1.276842e-02,-1.718269e+00,-9.000000e-01,-7.400000e+00,1.500000e+00,-7.835794e-01,-8.631526e-01,-7.528237e-01,2.322842e-01,-1.862185e+01,-4.730000e+01,9.570000e+01,7.860000e+01
4.379068e-02,5.357895e-03,4.374211e-02,-2.166842e-02,-8.595484e-01,5.000000e-01,-7.200000e+00,1.800000e+00,-9.312135e-01,-9.946526e-01,-6.308237e-01,8.428421e-02,-1.611769e+01,-5.540000e+01,1.181000e+02,1.068000e+02
3.537798e-02,-3.742105e-03,5.394211e-02,-3.166842e-02,-5.268819e-01,1.900000e+00,-6.100000e+00,1.100000e+00,-9.845449e-01,-1.044853e+00,-5.540237e-01,-2.771579e-02,-1.244057e+01,-5.490000e+01,1.473000e+02,1.220000e+02
2.423220e-02,-5.242105e-03,1.554211e-02,-2.776842e-02,2.037508e-02,2.500000e+00,-6.400000e+00,1.600000e+00,-8.836931e-01,-9.436526e-01,-5.239237e-01,-1.036158e-01,-2.075093e+01,-5.950000e+01,1.811000e+02,1.233000e+02
1.952937e-02,-6.742105e-03,2.421053e-04,-2.606842e-02,-9.051977e-01,2.400000e+00,-5.800000e+00,3.000000e-01,-9.451846e-01,-9.943526e-01,-3.637237e-01,-1.895158e-01,-3.550202e+01,-6.500000e+01,2.140000e+02,1.142000e+02
1.804498e-02,-9.642105e-03,8.442105e-03,-2.986842e-02,2.229468e-01,3.800000e+00,-7.000000e+00,1.500000e+00,-8.652516e-01,-9.112526e-01,-2.510237e-01,-2.197158e-01,-5.317085e+01,-6.760000e+01,2.456000e+02,9.620000e+01
1.364636e-02,-8.942105e-03,2.842105e-03,-3.286842e-02,7.481808e-01,5.400000e+00,-6.800000e+00,1.300000e+00,-7.248652e-01,-7.624526e-01,-1.564237e-01,-2.253158e-01,-7.384791e+01,-7.110000e+01,2.768000e+02,7.610000e+01
1.151319e-02,-7.242105e-03,-5.257895e-03,-3.256842e-02,-3.001101e-01,6.300000e+00,-8.100000e+00,2.000000e-01,-5.867402e-01,-6.435526e-01,-8.012368e-02,-1.855158e-01,-8.427904e+01,-7.310000e+01,2.898000e+02,6.620000e+01
1.041722e-02,-6.642105e-03,-7.357895e-03,-3.306842e-02,-6.850301e-01,7.500000e+00,-9.300000e+00,-3.000000e-01,-4.690303e-01,-5.470526e-01,-2.362368e-02,-1.497158e-01,-1.110811e+02,-8.320000e+01,3.174000e+02,4.630000e+01
9.700110e-03,-6.542105e-03,-5.057895e-03,-3.476842e-02,-9.330710e-01,7.600000e+00,-1.010000e+01,-3.000000e-01,-3.626794e-01,-4.426526e-01,4.257632e-02,-1.233158e-01,-1.333954e+02,-9.310000e+01,3.374000e+02,3.100000e+01
9.745916e-03,-4.542105e-03,-5.757895e-03,-3.516842e-02,-6.762948e-01,7.600000e+00,-1.010000e+01,0.000000e+00,-2.526682e-01,-3.409526e-01,9.917632e-02,-7.901579e-02,-1.495968e+02,-1.036000e+02,3.520000e+02,2.330000e+01
7.779802e-03,-4.242105e-03,-3.957895e-03,-3.826842e-02,-1.246724e+00,6.300000e+00,-9.800000e+00,-2.000000e-01,-1.571527e-01,-2.556526e-01,1.401763e-01,-3.361579e-02,-1.593127e+02,-1.126000e+02,3.616000e+02,2.100000e+01
7.541973e-03,-2.842105e-03,-2.357895e-03,-3.976842e-02,-1.113800e+00,5.800000e+00,-8.900000e+00,-2.000000e-01,-7.438164e-02,-1.835526e-01,1.659763e-01,1.168421e-02,-1.658804e+02,-1.240000e+02,3.641000e+02,2.120000e+01
6.030281e-03,-2.342105e-03,-1.457895e-03,-4.206842e-02,-1.222119e+00,5.100000e+00,-8.900000e+00,0.000000e+00,1.076365e-02,-1.154526e-01,1.747763e-01,6.738421e-02,-1.672922e+02,-1.299000e+02,3.661000e+02,2.330000e+01
2.898516e-03,-2.142105e-03,1.942105e-03,-4.726842e-02,-1.239687e+00,4.200000e+00,-8.200000e+00,1.000000e-01,9.037844e-02,-6.035263e-02,1.679763e-01,1.274842e-01,-1.668880e+02,-1.341000e+02,3.682000e+02,2.620000e+01
6.635770e-04,-1.342105e-03,6.342105e-03,-5.216842e-02,-1.462449e+00,2.100000e+00,-7.200000e+00,4.000000e-01,1.787216e-01,7.647368e-03,1.461763e-01,1.958842e-01,-1.622457e+02,-1.372000e+02,3.609000e+02,2.920000e+01
1.549746e-04,1.357895e-03,1.264211e-02,-5.706842e-02,-7.357937e+00,-1.700000e+01,-5.300000e+00,1.700000e+00,2.565374e-01,6.834737e-02,1.257763e-01,2.661842e-01,-1.580550e+02,-1.402000e+02,3.465000e+02,2.810000e+01
-2.593142e-03,5.789474e-05,1.904211e-02,-6.246842e-02,-7.633960e-01,-1.200000e+00,-5.600000e+00,2.100000e+00,3.275531e-01,1.247474e-01,1.063763e-01,3.407842e-01,-1.626536e+02,-1.474000e+02,3.398000e+02,2.150000e+01
-4.743305e-03,6.578947e-04,2.354211e-02,-6.726842e-02,-5.703524e-01,-3.000000e+00,-5.600000e+00,3.200000e+00,3.929685e-01,1.903474e-01,9.347632e-02,4.221842e-01,-1.798345e+02,-1.666000e+02,3.461000e+02,9.700000e+00
-6.657557e-03,2.057895e-03,2.794211e-02,-7.216842e-02,1.262788e-01,-5.500000e+00,-3.200000e+00,4.200000e+00,4.421693e-01,2.647474e-01,9.277632e-02,5.042842e-01,-1.994359e+02,-1.840000e+02,3.492000e+02,-7.800000e+00
-6.920388e-03,2.957895e-03,3.184211e-02,-7.466842e-02,2.858527e-01,-8.500000e+00,-2.400000e+00,5.500000e+00,4.665499e-01,3.436474e-01,1.033763e-01,5.792842e-01,-2.086090e+02,-1.902000e+02,3.466000e+02,-1.910000e+01
-7.852908e-03,2.857895e-03,3.684211e-02,-7.796842e-02,1.066720e+00,-1.100000e+01,-9.000000e-01,7.000000e+00,4.652324e-01,4.308474e-01,1.199763e-01,6.417842e-01,-2.233521e+02,-1.959000e+02,3.346000e+02,-4.300000e+01
-8.493159e-03,2.257895e-03,3.904211e-02,-7.946842e-02,8.310171e-01,-1.330000e+01,-2.200000e+00,8.400000e+00,4.405623e-01,5.320474e-01,1.424763e-01,6.905842e-01,-2.334096e+02,-1.886000e+02,3.145000e+02,-6.810000e+01
-7.826187e-03,3.657895e-03,3.654211e-02,-7.836842e-02,-2.044187e-01,-1.330000e+01,-2.500000e+00,7.300000e+00,4.318933e-01,6.390474e-01,1.411763e-01,7.361842e-01,-2.262988e+02,-1.300000e+02,2.663000e+02,-9.240000e+01
-4.420804e-03,4.157895e-03,3.334211e-02,-7.326842e-02,-2.301184e-01,-1.210000e+01,-3.700000e+00,7.200000e+00,3.173059e-01,7.779474e-01,2.121763e-01,7.116842e-01,-2.061247e+02,-1.541000e+02,2.290000e+02,-9.490000e+01
-1.299471e-03,3.757895e-03,2.924211e-02,-6.766842e-02,-4.501860e-01,-1.020000e+01,-6.500000e+00,7.200000e+00,1.560592e-01,8.964474e-01,3.267763e-01,6.675842e-01,-1.727714e+02,-1.631000e+02,1.945000e+02,-7.950000e+01
-2.099586e-04,1.257895e-03,2.384211e-02,-6.286842e-02,-7.577842e-01,-8.000000e+00,-1.110000e+01,7.700000e+00,-1.980041e-02,1.007347e+00,4.240763e-01,5.928842e-01,-1.523328e+02,-1.567000e+02,1.715000e+02,-7.100000e+01
5.610146e-03,3.457895e-03,1.814211e-02,-5.456842e-02,-6.594120e-01,-5.000000e+00,-1.480000e+01,7.900000e+00,-1.748685e-01,1.114647e+00,4.868763e-01,4.937842e-01,-1.051184e+02,-1.110000e+02,1.085000e+02,-5.750000e+01
1.158455e-02,2.957895e-03,1.164211e-02,-4.426842e-02,1.727641e+00,2.900000e+00,-1.830000e+01,8.300000e+00,-3.398735e-01,1.215047e+00,5.579763e-01,3.688842e-01,-4.679713e+01,-7.270000e+01,5.060000e+01,-2.610000e+01
1.699820e-02,7.578947e-04,6.642105e-03,-3.426842e-02,6.338248e-01,4.600000e+00,-2.580000e+01,9.300000e+00,-4.724686e-01,1.310847e+00,6.193763e-01,2.597842e-01,9.574952e+00,-2.140000e+01,8.000000e-01,1.120000e+01
2.072382e-02,2.557895e-03,-7.457895e-03,-2.436842e-02,1.391937e+00,7.800000e+00,-2.750000e+01,9.300000e+00,-5.724680e-01,1.397147e+00,6.441763e-01,1.125842e-01,6.804226e+01,1.104000e+02,-7.570000e+01,3.630000e+01
2.589689e-02,3.957895e-03,-2.515789e-02,-1.066842e-02,1.551857e+00,1.750000e+01,-3.270000e+01,6.700000e+00,-6.428717e-01,1.446647e+00,6.586763e-01,-3.731579e-02,1.343210e+02,2.157000e+02,-1.433000e+02,7.640000e+01
3.538170e-02,5.357895e-03,-2.765789e-02,2.031579e-03,-1.926377e+00,1.960000e+01,-3.810000e+01,3.700000e+00,-6.674276e-01,1.232947e+00,6.831763e-01,-1.420158e-01,1.596053e+02,2.775000e+02,-1.540000e+02,1.052000e+02
4.024936e-02,-9.421053e-04,-3.635789e-02,1.653158e-02,-7.059109e+00,2.460000e+01,-5.340000e+01,1.400000e+00,-5.523247e-01,7.866474e-01,6.851763e-01,-8.611579e-02,1.603068e+02,2.010000e+02,-1.572000e+02,9.820000e+01
5.425336e-02,5.857895e-03,-4.785789e-02,3.723158e-02,-1.099034e+01,3.320000e+01,-6.550000e+01,-2.800000e+00,-4.132271e-01,6.474474e-01,6.155763e-01,-6.371579e-02,1.106663e+02,1.499000e+02,-3.054000e+02,-6.260000e+01
7.377080e-02,6.357895e-03,-4.475789e-02,6.293158e-02,-1.959146e+01,3.590000e+01,-8.690000e+01,-5.400000e+00,-4.039211e-01,5.417474e-01,7.523763e-01,-5.861579e-02,6.971119e+01,1.325000e+02,-3.321000e+02,-1.271000e+02
9.178715e-02,-2.842105e-03,-2.855789e-02,8.813158e-02,-1.843975e+01,3.940000e+01,-1.090000e+02,4.000000e+00,-3.858199e-01,4.457474e-01,8.450763e-01,-4.151579e-02,8.676310e+01,8.020000e+01,-3.049000e+02,-8.620000e+01
1.091215e-01,-1.354211e-02,-1.435789e-02,1.163316e-01,-1.662882e+01,4.300000e+01,-1.200000e+02,9.200000e+00,-2.455959e-01,3.660474e-01,8.450763e-01,8.688421e-02,3.033080e+01,2.980000e+01,-2.515000e+02,-1.132000e+02
1.239653e-01,-2.704211e-02,-4.357895e-03,1.485316e-01,-3.225549e+01,3.210000e+01,-1.531000e+02,1.190000e+01,-4.524791e-02,2.682474e-01,7.753763e-01,2.615842e-01,-1.969911e+01,5.160000e+01,-1.973000e+02,-1.449000e+02
1.382468e-01,-4.064211e-02,3.042105e-03,1.874316e-01,-3.575271e+01,4.070000e+01,-1.882000e+02,1.880000e+01,1.925291e-01,2.782474e-01,4.284763e-01,3.051842e-01,-1.035383e+01,1.167000e+02,-2.002000e+02,-1.517000e+02
1.440983e-01,-6.384211e-02,2.544211e-02,2.231316e-01,-4.352061e+01,4.150000e+01,-2.301000e+02,2.910000e+01,2.569753e-01,1.518474e-01,3.314763e-01,3.410842e-01,4.606377e+00,1.489000e+02,-1.287000e+02,-1.065000e+02
1.448052e-01,-8.694211e-02,5.294211e-02,2.618316e-01,-4.944208e+01,4.540000e+01,-2.766000e+02,4.240000e+01,3.246437e-01,9.434737e-02,3.807763e-01,4.411842e-01,3.094766e+00,1.303000e+02,-8.480000e+01,-8.060000e+01
1.321056e-01,-1.064421e-01,7.084211e-02,3.003316e-01,-5.749863e+01,4.770000e+01,-3.233000e+02,5.460000e+01,4.341648e-01,2.041474e-01,3.176763e-01,4.915842e-01,-1.987571e+01,5.940000e+01,1.900000e+01,-3.530000e+01
1.148299e-01,-1.136421e-01,9.344211e-02,3.327316e-01,-5.883068e+01,5.060000e+01,-3.445000e+02,6.210000e+01,4.278532e-01,5.385474e-01,2.793763e-01,3.419842e-01,-3.776669e+00,5.520000e+01,-8.600000e+00,-2.740000e+01
9.284990e-02,-1.042421e-01,1.155421e-01,3.566316e-01,-6.332670e+01,5.890000e+01,-3.723000e+02,6.290000e+01,3.945705e-01,5.220474e-01,2.954763e-01,3.110842e-01,-7.784408e+00,3.940000e+01,5.600000e+00,-2.050000e+01
1.033086e-01,-3.214211e-02,1.080421e-01,3.831316e-01,-5.736088e+01,7.200000e+01,-3.657000e+02,5.230000e+01,4.525297e-01,4.813474e-01,3.557632e-02,2.826842e-01,-4.856457e+00,2.410000e+01,-4.000000e+00,-1.570000e+01
1.135547e-01,5.025789e-02,7.904211e-02,4.034316e-01,-3.724287e+01,9.290000e+01,-3.285000e+02,3.300000e+01,4.919488e-01,4.320474e-01,-1.425237e-01,2.726842e-01,-3.183998e+00,2.830000e+01,4.000000e-01,-1.360000e+01
1.031808e-01,1.040579e-01,7.404211e-02,4.034316e-01,-2.643050e+01,9.770000e+01,-3.051000e+02,2.880000e+01,3.988666e-01,3.596474e-01,-1.851237e-01,1.761842e-01,-8.780488e-01,2.480000e+01,1.900000e+00,-9.200000e+00
9.824764e-02,1.531579e-01,9.374211e-02,3.908316e-01,-4.147643e+01,6.420000e+01,-2.850000e+02,3.970000e+01,2.651779e-01,2.936474e-01,-1.836237e-01,4.878421e-02,-1.752623e-01,1.230000e+01,-1.400000e+00,-5.200000e+00
7.332962e-02,1.817579e-01,1.084421e-01,3.576316e-01,-6.363583e+01,2.230000e+01,-2.625000e+02,5.120000e+01,9.414250e-02,1.159474e-01,8.147632e-02,2.078421e-02,-5.523859e-01,3.000000e+00,-5.200000e+00,-3.700000e+00
3.968639e-02,2.009579e-01,1.222421e-01,3.086316e-01,-8.079793e+01,-3.000000e+00,-2.514000e+02,5.220000e+01,8.400619e-02,7.484737e-02,1.263763e-01,4.078421e-02,-1.630670e+00,1.900000e+00,-3.600000e+00,-3.900000e+00
-1.390966e-02,2.038579e-01,1.047421e-01,2.433316e-01,-1.125630e+02,-4.910000e+01,-2.177000e+02,3.910000e+01,5.743956e-02,-1.105263e-02,2.837632e-02,5.084211e-03,-2.020545e+00,-5.000000e-01,-2.400000e+00,-3.000000e+00
-4.713620e-03,2.425579e-01,1.042421e-01,2.022316e-01,-1.444027e+02,-9.600000e+01,-1.415000e+02,-2.660000e+01,2.990510e-02,-1.765263e-02,2.567632e-02,-2.471579e-02,-1.581107e+00,-1.000000e+00,-2.900000e+00,-2.500000e+00
4.352792e-02,2.644579e-01,1.533421e-01,2.239316e-01,-1.876444e+02,-1.726000e+02,-4.810000e+01,-6.080000e+01,2.193392e-02,-2.915263e-02,4.867632e-02,-2.101579e-02,-1.845091e+00,2.000000e-01,-1.200000e+00,-2.600000e+00
-5.579883e-02,1.618579e-01,1.213421e-01,2.064316e-01,-1.692574e+02,-1.704000e+02,-2.050000e+01,-3.700000e+01,1.671135e-02,-2.555263e-02,2.427632e-02,-3.731579e-02,-2.456697e+00,1.000000e+00,1.000000e-01,-3.100000e+00
-2.253599e-01,-9.342105e-03,9.154211e-02,1.525316e-01,-1.360155e+02,-1.442000e+02,-6.600000e+00,-1.940000e+01,1.461997e-02,-3.475263e-02,3.437632e-02,-3.261579e-02,-1.921162e+00,-3.000000e-01,-4.000000e-01,-2.200000e+00
-3.501318e-01,-1.437421e-01,8.164211e-02,1.063316e-01,-1.109900e+02,-1.300000e+02,2.190000e+01,-1.220000e+01,1.461031e-02,-3.895263e-02,2.087632e-02,-3.601579e-02,-2.200264e+00,1.700000e+00,0.000000e+00,-3.100000e+00
-4.211244e-01,-2.267421e-01,6.734211e-02,8.393158e-02,-1.008013e+02,-1.270000e+02,4.430000e+01,-1.410000e+01,1.157766e-02,-3.875263e-02,-4.223684e-03,-4.851579e-02,-2.200805e+00,2.100000e+00,4.000000e-01,-3.100000e+00
-4.844714e-01,-3.089421e-01,5.314211e-02,6.053158e-02,-9.432034e+01,-1.323000e+02,8.850000e+01,-2.880000e+01,5.836176e-03,-3.685263e-02,-1.972368e-02,-6.111579e-02,-2.735290e+00,1.500000e+00,9.000000e-01,-3.300000e+00
-5.176650e-01,-3.736421e-01,6.084211e-02,4.203158e-02,-1.142541e+02,-1.611000e+02,1.156000e+02,-4.190000e+01,4.729707e-03,-3.855263e-02,-2.032368e-02,-6.181579e-02,-2.334563e+00,1.700000e+00,4.000000e-01,-3.100000e+00
-5.238901e-01,-4.137421e-01,6.034211e-02,3.513158e-02,-1.339483e+02,-1.874000e+02,1.364000e+02,-5.390000e+01,4.334131e-03,-3.995263e-02,-2.062368e-02,-6.171579e-02,-2.715262e+00,1.100000e+00,7.000000e-01,-3.200000e+00
-4.947263e-01,-4.279421e-01,7.844211e-02,3.673158e-02,-1.419348e+02,-1.964000e+02,1.549000e+02,-7.130000e+01,2.678739e-03,-4.035263e-02,-1.952368e-02,-6.291579e-02,-2.124498e+00,6.000000e-01,0.000000e+00,-2.600000e+00
-5.135741e-01,-4.789421e-01,7.544211e-02,1.023158e-02,-1.411035e+02,-1.915000e+02,1.685000e+02,-9.010000e+01,2.995226e-03,-4.115263e-02,-1.342368e-02,-6.001579e-02,-1.791936e+00,6.000000e-01,-5.000000e-01,-2.400000e+00
-5.684531e-01,-5.185421e-01,3.374211e-02,-8.096842e-02,-1.450832e+02,-1.871000e+02,1.725000e+02,-1.096000e+02,3.018872e-03,-4.165263e-02,-1.062368e-02,-5.871579e-02,-1.398593e+00,-0.000000e+00,-1.000000e-01,-1.600000e+00
-4.948528e-01,-4.528421e-01,8.454211e-02,-1.335684e-01,-1.434046e+02,-1.788000e+02,1.749000e+02,-1.214000e+02,1.858534e-03,-4.155263e-02,-1.172368e-02,-6.031579e-02,-1.463021e+00,-1.000000e-01,0.000000e+00,-1.600000e+00
-3.918803e-01,-3.689421e-01,1.570421e-01,-1.598684e-01,-1.558613e+02,-1.758000e+02,1.732000e+02,-1.482000e+02,3.071869e-04,-4.125263e-02,-9.023684e-03,-6.111579e-02,-1.571703e+00,3.000000e-01,-1.000000e-01,-1.900000e+00
-3.202245e-01,-3.193421e-01,2.274421e-01,-1.858684e-01,-1.743591e+02,-1.776000e+02,1.676000e+02,-1.753000e+02,1.379701e-04,-4.065263e-02,-6.723684e-03,-6.061579e-02,-1.977406e+00,-1.000000e-01,8.000000e-01,-1.900000e+00
-2.787527e-01,-2.892421e-01,2.834421e-01,-2.226684e-01,-1.935273e+02,-1.797000e+02,1.582000e+02,-1.996000e+02,-6.649850e-04,-4.175263e-02,-7.423684e-03,-6.121579e-02,-1.877082e+00,4.000000e-01,1.300000e+00,-1.800000e+00
-2.365047e-01,-2.486421e-01,3.211421e-01,-2.513684e-01,-2.080084e+02,-1.788000e+02,1.473000e+02,-2.178000e+02,-1.770604e-03,-4.155263e-02,-6.923684e-03,-6.221579e-02,-2.350152e+00,6.000000e-01,1.600000e+00,-2.300000e+00
-1.952859e-01,-2.040421e-01,3.440421e-01,-2.695684e-01,-2.173390e+02,-1.745000e+02,1.368000e+02,-2.309000e+02,-3.068763e-03,-4.145263e-02,-7.923684e-03,-6.391579e-02,-1.511045e+00,6.000000e-01,9.000000e-01,-1.600000e+00
-1.530024e-01,-1.643421e-01,3.767421e-01,-2.799684e-01,-2.198919e+02,-1.716000e+02,1.327000e+02,-2.356000e+02,-3.712718e-03,-4.115263e-02,-9.423684e-03,-6.511579e-02,-1.223893e+00,1.300000e+00,1.300000e+00,-1.400000e+00
-1.143013e-01,-1.332421e-01,4.199421e-01,-2.875684e-01,-2.194569e+02,-1.716000e+02,1.327000e+02,-2.356000e+02,-5.055239e-03,-4.095263e-02,-9.623684e-03,-6.661579e-02,-1.396322e+00,1.500000e+00,2.100000e+00,-1.400000e+00
-7.770774e-02,-1.044421e-01,4.650421e-01,-2.915684e-01,-2.190144e+02,-1.716000e+02,1.327000e+02,-2.356000e+02,-5.834725e-03,-4.095263e-02,-1.042368e-02,-6.761579e-02,-1.747759e+00,1.700000e+00,2.600000e+00,-1.700000e+00
-1.906817e-02,-6.634211e-02,5.338421e-01,-2.817684e-01,-2.293254e+02,-1.527000e+02,1.162000e+02,-2.543000e+02,-6.073402e-03,-4.105263e-02,-1.102368e-02,-6.791579e-02,-1.415929e+00,1.700000e+00,2.700000e+00,-1.300000e+00
3.994242e-02,-3.294211e-02,6.103421e-01,-2.685684e-01,-2.310460e+02,-1.450000e+02,1.113000e+02,-2.594000e+02,-7.009217e-03,-4.095263e-02,-1.122368e-02,-6.891579e-02,-1.614991e+00,1.700000e+00,4.300000e+00,-1.000000e+00
1.033834e-01,4.557895e-03,6.975421e-01,-2.529684e-01,-2.318934e+02,-1.421000e+02,1.080000e+02,-2.610000e+02,-7.421255e-03,-4.065263e-02,-1.112368e-02,-6.931579e-02,-1.573147e+00,2.100000e+00,4.300000e+00,-1.100000e+00
1.682595e-01,5.025789e-02,7.950421e-01,-2.388684e-01,-2.289551e+02,-1.422000e+02,1.073000e+02,-2.575000e+02,-7.948696e-03,-4.125263e-02,-1.012368e-02,-6.921579e-02,-2.341480e+00,2.200000e+00,5.200000e+00,-1.700000e+00
2.293987e-01,1.039579e-01,9.026421e-01,-2.303684e-01,-2.233459e+02,-1.420000e+02,1.066000e+02,-2.510000e+02,-7.881780e-03,-4.105263e-02,-8.423684e-03,-6.851579e-02,-2.010961e+00,1.800000e+00,5.800000e+00,-1.000000e+00
2.825575e-01,1.554579e-01,1.008642e+00,-2.217684e-01,-2.229896e+02,-1.420000e+02,1.066000e+02,-2.510000e+02,-7.011712e-03,-4.125263e-02,-7.423684e-03,-6.701579e-02,-1.888027e+00,1.800000e+00,5.700000e+00,-9.000000e-01
3.175642e-01,2.237579e-01,1.104142e+00,-2.335684e-01,-1.636261e+02,-9.780000e+01,9.990000e+01,-1.964000e+02,-5.817856e-03,-4.185263e-02,-6.423684e-03,-6.501579e-02,-2.157386e+00,1.400000e+00,6.200000e+00,-9.000000e-01
3.429861e-01,3.007579e-01,1.201342e+00,-2.602684e-01,-1.132969e+02,-5.080000e+01,1.032000e+02,-1.566000e+02,-6.259836e-03,-4.325263e-02,-5.923684e-03,-6.471579e-02,-1.710687e+00,8.000000e-01,6.500000e+00,-1.000000e-01
3.669484e-01,3.830579e-01,1.328042e+00,-3.039684e-01,-7.873341e+01,-1.920000e+01,9.210000e+01,-1.227000e+02,-3.972157e-03,-4.205263e-02,-5.923684e-03,-6.251579e-02,-1.103976e+00,5.000000e-01,4.700000e+00,1.000000e-01
3.709515e-01,4.747579e-01,1.373442e+00,-3.483684e-01,-5.158599e+01,4.670000e+01,9.260000e+01,-1.110000e+02,-2.259206e-03,-4.325263e-02,-4.323684e-03,-5.961579e-02,-6.157042e-01,4.000000e-01,2.900000e+00,1.000000e-01
3.439791e-01,5.583579e-01,1.357842e+00,-4.133684e-01,-1.035478e+01,1.295000e+02,9.330000e+01,-8.630000e+01,3.180991e-04,-4.375263e-02,-2.423684e-03,-5.591579e-02,2.606557e-01,-1.200000e+00,2.800000e+00,1.600000e+00
3.014984e-01,6.369579e-01,1.349842e+00,-4.975684e-01,6.008070e+00,1.418000e+02,8.960000e+01,-6.920000e+01,-1.830550e-04,-4.445263e-02,1.763158e-04,-5.531579e-02,3.305890e-01,-1.300000e+00,3.400000e+00,1.900000e+00
2.413663e-01,7.133579e-01,1.334142e+00,-5.941684e-01,2.208375e+01,1.262000e+02,7.440000e+01,-4.000000e+01,1.455911e-03,-4.535263e-02,-2.368421e-05,-5.321579e-02,1.245919e+00,-1.500000e+00,3.000000e-01,2.000000e+00
1.606924e-01,7.797579e-01,1.291742e+00,-6.907684e-01,1.968856e+01,9.100000e+01,5.790000e+01,-2.700000e+01,1.947513e-03,-4.665263e-02,7.763158e-04,-5.191579e-02,1.273525e+00,-2.000000e+00,6.000000e-01,2.300000e+00
6.865592e-02,8.386579e-01,1.226942e+00,-7.778684e-01,-4.425217e-01,5.400000e+01,4.220000e+01,-3.470000e+01,7.657281e-04,-4.675263e-02,1.776316e-03,-5.281579e-02,1.257529e+00,-1.800000e+00,1.200000e+00,2.400000e+00
-2.400327e-02,8.793579e-01,1.182542e+00,-8.662684e-01,-3.012037e+01,-9.600000e+00,0.000000e+00,-3.350000e+01,-6.021991e-04,-4.705263e-02,2.576316e-03,-5.391579e-02,1.562067e+00,-1.700000e+00,1.200000e+00,2.700000e+00
-1.147254e-01,9.595579e-01,1.142842e+00,-9.515684e-01,-8.490481e+01,-8.720000e+01,-4.690000e+01,-5.640000e+01,-2.201552e-03,-4.775263e-02,3.076316e-03,-5.521579e-02,1.604566e+00,-1.800000e+00,1.900000e+00,3.000000e+00
-2.116800e-01,1.034758e+00,1.065442e+00,-1.018568e+00,-1.093772e+02,-1.282000e+02,-7.050000e+01,-6.390000e+01,-1.664528e-03,-4.745263e-02,3.876316e-03,-5.441579e-02,1.268507e+00,-2.100000e+00,1.800000e+00,2.700000e+00
-3.149926e-01,1.145358e+00,8.731421e-01,-1.049268e+00,-1.610328e+02,-1.668000e+02,-1.284000e+02,-8.460000e+01,-4.060747e-03,-4.935263e-02,4.576316e-03,-5.611579e-02,1.097015e+00,-1.700000e+00,1.900000e+00,2.400000e+00
-2.789284e-01,1.093958e+00,7.458421e-01,-9.671684e-01,-1.663534e+02,-1.147000e+02,-2.177000e+02,-5.530000e+01,-4.617806e-03,-4.895263e-02,4.576316e-03,-5.681579e-02,1.066644e+00,-2.500000e+00,2.400000e+00,2.800000e+00
-1.674939e-01,1.162858e+00,5.028421e-01,-7.528684e-01,-7.829243e+01,-9.210000e+01,-9.840000e+01,-1.880000e+01,-4.474116e-03,-4.925263e-02,3.376316e-03,-5.691579e-02,1.240406e+00,-3.800000e+00,1.300000e+00,3.100000e+00
-1.100205e-01,1.059258e+00,2.280421e-01,-5.327684e-01,-2.268065e+01,-4.910000e+01,-1.340000e+01,-6.900000e+00,-2.115988e-03,-4.935263e-02,-1.823684e-03,-5.591579e-02,1.446080e+00,-4.100000e+00,1.200000e+00,3.400000e+00
-1.060830e-01,9.122579e-01,-1.295789e-02,-3.908684e-01,6.309677e+00,-2.500000e+01,-3.840000e+01,3.160000e+01,-2.039830e-03,-4.645263e-02,-8.236842e-04,-5.651579e-02,5.821207e-01,-5.200000e+00,4.300000e+00,3.800000e+00
-3.100851e-02,8.514579e-01,-8.815789e-02,-2.624684e-01,-5.181531e+00,3.900000e+00,-2.830000e+01,6.200000e+00,-1.662810e-03,-4.675263e-02,-1.523684e-03,-5.621579e-02,7.822297e-01,-6.900000e+00,4.900000e+00,4.800000e+00
7.146295e-03,7.603579e-01,-1.801579e-01,-1.561684e-01,-3.054292e+00,8.900000e+00,-1.920000e+01,3.000000e+00,7.135952e-05,-4.675263e-02,7.631579e-05,-5.381579e-02,9.614964e-01,-8.300000e+00,4.000000e+00,5.200000e+00
3.778492e-02,6.809579e-01,-3.185579e-01,-3.686842e-02,2.094967e-01,1.230000e+01,-1.100000e+01,1.900000e+00,2.697186e-03,-4.765263e-02,-2.236842e-04,-5.071579e-02,5.861998e-01,-9.500000e+00,4.000000e+00,5.200000e+00
6.908979e-02,5.431579e-01,-4.402579e-01,9.683158e-02,3.266989e+00,2.330000e+01,2.400000e+00,-4.100000e+00,5.823288e-03,-4.795263e-02,1.376316e-03,-4.671579e-02,9.433863e-01,-1.140000e+01,1.000000e+00,5.300000e+00
1.017764e-01,3.943579e-01,-5.175579e-01,2.164316e-01,2.698246e+00,2.660000e+01,5.700000e+00,-7.300000e+00,7.326042e-03,-4.795263e-02,3.576316e-03,-4.441579e-02,9.781323e-01,-1.550000e+01,2.400000e+00,7.200000e+00
1.426627e-01,2.047579e-01,-5.091579e-01,3.166316e-01,2.707942e+00,2.660000e+01,5.700000e+00,-7.300000e+00,9.528850e-03,-4.795263e-02,6.076316e-03,-4.121579e-02,9.807414e-01,-1.550000e+01,2.400000e+00,7.200000e+00
1.337816e-01,1.649579e-01,-4.620579e-01,2.982316e-01,4.789703e+00,2.710000e+01,1.430000e+01,-9.200000e+00,8.661396e-03,-4.855263e-02,3.076316e-03,-4.301579e-02,2.576196e-01,-1.800000e+01,1.900000e+00,7.100000e+00
5.244985e-02,-1.142105e-03,-2.610579e-01,1.558316e-01,8.034890e+00,2.200000e+01,1.410000e+01,-3.900000e+00,5.819501e-03,-4.925263e-02,-2.523684e-03,-4.781579e-02,1.949559e-01,-1.560000e+01,2.500000e+00,6.400000e+00
2.074903e-02,3.457895e-03,-6.545789e-02,2.363158e-02,1.262159e+01,1.800000e+01,1.630000e+01,1.400000e+00,3.972708e-03,-4.985263e-02,-4.623684e-03,-5.041579e-02,-3.868296e-02,-1.490000e+01,2.800000e+00,6.000000e+00
5.944388e-02,4.515789e-02,8.704211e-02,-1.816842e-02,1.144451e+01,1.520000e+01,1.570000e+01,1.100000e+00,2.386891e-03,-5.345263e-02,-1.132368e-02,-5.321579e-02,2.773669e-01,-1.330000e+01,2.800000e+00,5.800000e+00
2.250202e-02,-1.442105e-03,9.044211e-02,-4.876842e-02,6.905647e+00,1.320000e+01,1.330000e+01,-2.400000e+00,5.735913e-04,-5.345263e-02,-1.882368e-02,-5.781579e-02,3.518931e-01,-1.140000e+01,2.700000e+00,5.200000e+00
2.147508e-02,-2.314211e-02,1.250421e-01,-6.096842e-02,-6.801863e-01,1.050000e+01,6.900000e+00,-7.200000e+00,-2.059459e-04,-5.425263e-02,-2.862368e-02,-6.181579e-02,5.075764e-01,-1.030000e+01,3.300000e+00,5.200000e+00
1.787494e-02,-3.904211e-02,1.682421e-01,-8.256842e-02,4.460285e-03,6.000000e+00,4.000000e+00,-3.700000e+00,-2.245738e-03,-5.455263e-02,-3.452368e-02,-6.611579e-02,6.700053e-01,-8.300000e+00,3.000000e+00,4.600000e+00
1.335717e-02,-4.984211e-02,1.920421e-01,-9.696842e-02,5.916621e-01,5.500000e+00,4.600000e+00,-3.200000e+00,-4.263146e-03,-5.475263e-02,-4.142368e-02,-7.081579e-02,1.419382e+00,-7.800000e+00,2.800000e+00,5.200000e+00
1.134103e-02,-5.724211e-02,2.036421e-01,-1.032684e-01,2.232924e-01,5.200000e+00,4.300000e+00,-3.400000e+00,-6.945175e-03,-5.605263e-02,-4.832368e-02,-7.591579e-02,1.116567e+00,-7.100000e+00,3.000000e+00,4.700000e+00
7.206232e-03,-6.694211e-02,2.130421e-01,-1.103684e-01,1.805569e-01,5.300000e+00,2.400000e+00,-2.500000e+00,-9.333775e-03,-5.775263e-02,-5.472368e-02,-8.041579e-02,1.305399e+00,-5.900000e+00,2.400000e+00,4.300000e+00
-1.604293e-06,-7.424211e-02,1.983421e-01,-1.091684e-01,-3.045283e-02,4.400000e+00,1.000000e-01,-1.300000e+00,-1.152593e-02,-5.915263e-02,-5.562368e-02,-8.291579e-02,1.548488e+00,-5.700000e+00,1.800000e+00,4.300000e+00
-8.105639e-03,-7.714211e-02,1.781421e-01,-1.072684e-01,-1.185577e+00,2.100000e+00,-2.200000e+00,-8.000000e-01,-1.295440e-02,-6.055263e-02,-5.332368e-02,-8.341579e-02,2.353083e+00,-3.900000e+00,7.000000e-01,4.200000e+00
-7.171655e-03,-7.704211e-02,1.752421e-01,-1.047684e-01,-1.834994e+00,5.000000e-01,-4.300000e+00,0.000000e+00,-1.340328e-02,-6.275263e-02,-5.082368e-02,-8.241579e-02,2.559371e+00,-1.500000e+00,1.000000e-01,3.400000e+00
-1.019065e-02,-7.874211e-02,1.668421e-01,-1.034684e-01,-1.899543e+00,-6.000000e-01,-6.300000e+00,1.300000e+00,-1.415834e-02,-6.425263e-02,-4.812368e-02,-8.191579e-02,2.606071e+00,-1.500000e+00,-9.000000e-01,3.100000e+00
-1.455014e-02,-7.904211e-02,1.484421e-01,-9.876842e-02,-2.201310e+00,-2.300000e+00,-6.800000e+00,1.700000e+00,-1.502728e-02,-6.585263e-02,-4.492368e-02,-8.131579e-02,2.613574e+00,-1.700000e+00,-1.400000e+00,3.000000e+00
-1.905558e-02,-7.694211e-02,1.266421e-01,-9.306842e-02,-1.920992e+00,-3.700000e+00,-7.300000e+00,2.700000e+00,-1.529059e-02,-6.775263e-02,-4.232368e-02,-8.011579e-02,1.994617e+00,-0.000000e+00,-2.600000e+00,1.300000e+00
-1.935441e-02,-7.604211e-02,1.219421e-01,-9.126842e-02,-1.935733e+00,-5.900000e+00,-8.200000e+00,3.800000e+00,-1.501010e-02,-6.865263e-02,-4.162368e-02,-7.931579e-02,1.816187e+00,-0.000000e+00,-2.600000e+00,1.100000e+00
-2.442816e-02,-8.154211e-02,1.227421e-01,-9.626842e-02,-1.110307e+00,-1.150000e+01,-1.030000e+01,7.500000e+00,-1.572572e-02,-6.955263e-02,-4.092368e-02,-7.961579e-02,2.214150e+00,5.000000e-01,-2.800000e+00,1.300000e+00
-3.119121e-02,-8.874211e-02,1.243421e-01,-1.032684e-01,-4.028138e-01,-1.630000e+01,-1.510000e+01,1.230000e+01,-1.430750e-02,-6.975263e-02,-4.092368e-02,-7.801579e-02,2.264352e+00,1.200000e+00,-3.400000e+00,9.000000e-01
-3.693617e-02,-9.534211e-02,1.279421e-01,-1.103684e-01,-1.274503e+00,-2.340000e+01,-2.170000e+01,1.690000e+01,-1.326125e-02,-6.905263e-02,-4.222368e-02,-7.761579e-02,3.114300e+00,1.400000e+00,-3.900000e+00,1.600000e+00
-3.815723e-02,-9.384211e-02,1.282421e-01,-1.127684e-01,5.974075e-01,-2.660000e+01,-2.080000e+01,1.960000e+01,-1.160693e-02,-6.825263e-02,-4.252368e-02,-7.621579e-02,2.268933e+00,1.000000e+00,-3.600000e+00,9.000000e-01
-3.417005e-02,-8.374211e-02,1.221421e-01,-1.082684e-01,2.441709e+00,-2.660000e+01,-1.340000e+01,1.790000e+01,-9.768333e-03,-6.665263e-02,-4.202368e-02,-7.461579e-02,2.397347e+00,1.200000e+00,-5.200000e+00,4.000000e-01
-3.614800e-02,-7.974211e-02,1.141421e-01,-1.079684e-01,2.756334e+00,-2.790000e+01,-1.150000e+01,1.770000e+01,-8.201597e-03,-6.545263e-02,-4.162368e-02,-7.321579e-02,2.006918e+00,-1.000000e-01,-4.400000e+00,7.000000e-01
-3.687877e-02,-7.764211e-02,1.138421e-01,-1.096684e-01,3.454921e+00,-3.200000e+01,-1.150000e+01,1.980000e+01,-6.948663e-03,-6.355263e-02,-4.042368e-02,-7.211579e-02,3.423456e+00,1.100000e+00,-5.700000e+00,1.400000e+00
-3.941269e-02,-7.744211e-02,1.174421e-01,-1.148684e-01,4.444578e+00,-4.110000e+01,-1.150000e+01,2.380000e+01,-5.094451e-03,-6.165263e-02,-3.862368e-02,-7.011579e-02,3.707520e+00,1.500000e+00,-6.200000e+00,1.400000e+00
-4.022586e-02,-7.414211e-02,1.194421e-01,-1.181684e-01,3.405305e+00,-5.060000e+01,-1.270000e+01,2.620000e+01,-4.366769e-03,-5.955263e-02,-3.702368e-02,-6.951579e-02,4.258958e+00,9.000000e-01,-6.000000e+00,2.300000e+00
-3.429779e-02,-5.874211e-02,1.190421e-01,-1.162684e-01,-1.026163e+00,-5.630000e+01,-1.310000e+01,2.310000e+01,-4.109360e-03,-5.845263e-02,-3.552368e-02,-6.911579e-02,4.034050e+00,7.000000e-01,-5.500000e+00,2.300000e+00
-2.748473e-02,-4.184211e-02,1.204421e-01,-1.146684e-01,-5.699999e+00,-6.470000e+01,-1.140000e+01,1.960000e+01,-3.078472e-03,-5.655263e-02,-3.482368e-02,-6.841579e-02,4.906240e+00,2.000000e+00,-6.400000e+00,2.500000e+00
-1.775666e-02,-2.784211e-02,1.166421e-01,-1.063684e-01,-4.428262e+00,-6.340000e+01,-9.100000e+00,1.960000e+01,-2.937586e-03,-5.575263e-02,-3.492368e-02,-6.861579e-02,5.091913e+00,1.300000e+00,-6.000000e+00,3.100000e+00
-4.995457e-03,-1.114211e-02,1.000421e-01,-8.986842e-02,-4.251150e+00,-6.010000e+01,-7.200000e+00,1.790000e+01,-2.115913e-03,-5.415263e-02,-3.382368e-02,-6.791579e-02,4.141144e+00,5.000000e-01,-5.500000e+00,2.500000e+00
2.127101e-03,-2.542105e-03,8.274211e-02,-7.716842e-02,-3.120058e+00,-4.960000e+01,-4.500000e+00,1.460000e+01,-6.451769e-04,-5.275263e-02,-3.462368e-02,-6.711579e-02,4.222120e+00,-1.700000e+00,-4.300000e+00,3.800000e+00
3.134201e-03,-2.942105e-03,6.454211e-02,-6.826842e-02,-1.913709e+00,-3.790000e+01,-2.500000e+00,1.130000e+01,9.424771e-04,-5.185263e-02,-3.622368e-02,-6.631579e-02,3.650557e+00,-3.800000e+00,-3.200000e+00,4.300000e+00
8.249323e-03,2.357895e-03,4.384211e-02,-5.556842e-02,-1.666892e+00,-2.710000e+01,-1.200000e+00,7.500000e+00,9.034481e-04,-5.005263e-02,-3.762368e-02,-6.761579e-02,3.349702e+00,-4.700000e+00,-2.600000e+00,4.500000e+00
1.317261e-02,9.757895e-03,2.074211e-02,-4.276842e-02,-1.471131e+00,-1.850000e+01,0.000000e+00,4.400000e+00,2.079309e-03,-4.885263e-02,-3.922368e-02,-6.741579e-02,2.415988e+00,-5.300000e+00,-1.400000e+00,4.100000e+00
1.972643e-02,1.765789e-02,-1.857895e-03,-2.846842e-02,-1.692863e+00,-1.250000e+01,2.000000e-01,2.100000e+00,3.887397e-03,-4.745263e-02,-4.072368e-02,-6.651579e-02,1.362079e+00,-6.400000e+00,1.900000e+00,4.500000e+00
2.378832e-02,2.175789e-02,-2.035789e-02,-1.746842e-02,-1.296405e+00,-1.050000e+01,9.000000e-01,1.600000e+00,6.091458e-03,-4.585263e-02,-4.192368e-02,-6.511579e-02,5.840301e-01,-6.300000e+00,3.300000e+00,4.100000e+00
2.189359e-02,1.515789e-02,-3.425789e-02,-1.156842e-02,-1.373950e+00,-7.500000e+00,1.200000e+00,4.000000e-01,8.671269e-03,-4.405263e-02,-4.242368e-02,-6.311579e-02,-8.853971e-01,-1.020000e+01,6.200000e+00,4.900000e+00
2.232796e-02,9.857895e-03,-4.915789e-02,-2.968421e-03,-1.044738e+00,-4.900000e+00,3.000000e-01,3.000000e-01,1.038791e-02,-4.275263e-02,-4.262368e-02,-6.181579e-02,-1.744236e+00,-1.540000e+01,8.400000e+00,6.600000e+00
1.957569e-02,8.957895e-03,-6.255789e-02,3.157895e-05,-4.597885e-01,-2.100000e+00,4.000000e-01,0.000000e+00,1.322640e-02,-4.065263e-02,-4.142368e-02,-5.901579e-02,-7.430874e-01,-1.760000e+01,8.900000e+00,8.700000e+00
1.427249e-02,6.457895e-03,-6.255789e-02,-4.968421e-03,-3.714872e-01,-1.100000e+00,8.000000e-01,-4.000000e-01,1.804447e-02,-3.825263e-02,-3.932368e-02,-5.371579e-02,-3.227165e-01,-2.220000e+01,1.130000e+01,1.170000e+01
9.822837e-03,4.357895e-03,-5.725789e-02,-1.136842e-02,-8.788438e-01,-6.000000e-01,7.000000e-01,-1.100000e+00,1.976254e-02,-3.285263e-02,-3.242368e-02,-5.101579e-02,-2.007657e-01,-2.490000e+01,1.640000e+01,1.470000e+01
4.943289e-03,2.257895e-03,-4.675789e-02,-2.046842e-02,-1.349674e+00,5.000000e-01,0.000000e+00,-1.700000e+00,1.782312e-02,-2.915263e-02,-2.702368e-02,-5.211579e-02,2.049708e+00,-1.990000e+01,2.390000e+01,1.830000e+01
1.078447e-03,-1.421053e-04,-3.475789e-02,-2.896842e-02,-9.411153e-01,1.600000e+00,0.000000e+00,-1.600000e+00,1.634675e-02,-3.565263e-02,-1.812368e-02,-4.771579e-02,1.290262e+00,-1.490000e+01,2.500000e+01,1.610000e+01
-1.826678e-03,-2.542105e-03,-2.575789e-02,-3.506842e-02,-6.450084e-01,3.300000e+00,4.000000e-01,-2.000000e+00,1.497999e-02,-3.085263e-02,-2.842368e-02,-5.431579e-02,2.761331e+00,-1.300000e+01,2.950000e+01,1.880000e+01
-4.099421e-03,-4.242105e-03,-2.005789e-02,-3.926842e-02,-4.465123e-01,4.200000e+00,0.000000e+00,-1.900000e+00,1.360972e-02,-3.385263e-02,-2.892368e-02,-5.451579e-02,1.469000e+00,-7.200000e+00,2.880000e+01,1.510000e+01
-6.174765e-03,-4.942105e-03,-1.815789e-02,-4.186842e-02,-9.072961e-01,6.000000e+00,4.000000e-01,-3.200000e+00,1.191079e-02,-3.495263e-02,-2.752368e-02,-5.481579e-02,-6.273787e+00,-4.800000e+00,3.770000e+01,9.000000e+00
-7.610449e-03,-5.642105e-03,-1.595789e-02,-4.386842e-02,-1.117424e+00,6.800000e+00,-3.000000e-01,-3.400000e+00,4.056101e-03,-3.815263e-02,5.776316e-03,-4.911579e-02,-3.501982e+01,2.200000e+00,4.610000e+01,-2.230000e+01
-9.536950e-03,-6.142105e-03,-1.425789e-02,-4.626842e-02,-3.278032e-01,7.100000e+00,6.000000e-01,-3.000000e+00,9.385992e-03,-3.615263e-02,2.287632e-02,-3.631579e-02,-3.498000e+01,-2.400000e+00,5.900000e+01,-1.600000e+01
-1.029816e-02,-6.642105e-03,-1.375789e-02,-4.676842e-02,4.797654e-03,8.400000e+00,7.000000e-01,-3.100000e+00,7.584340e-04,-4.225263e-02,1.737632e-02,-4.501579e-02,-3.785375e+01,-4.900000e+00,6.090000e+01,-1.780000e+01
-1.028981e-02,-6.842105e-03,-1.195789e-02,-4.706842e-02,-2.264823e-02,8.700000e+00,4.000000e-01,-3.100000e+00,-5.538359e-03,-5.395263e-02,1.107632e-02,-5.001579e-02,-3.778938e+01,-7.100000e+00,5.160000e+01,-2.060000e+01
-1.126132e-02,-7.142105e-03,-9.557895e-03,-4.876842e-02,-2.052020e-01,8.500000e+00,-8.000000e-01,-2.700000e+00,-7.672399e-03,-6.095263e-02,1.447632e-02,-4.821579e-02,-3.784660e+01,-1.190000e+01,5.300000e+01,-1.880000e+01
-1.150261e-02,-7.342105e-03,-7.557895e-03,-4.946842e-02,-8.261395e-01,8.500000e+00,-4.000000e-01,-3.600000e+00,-1.074102e-02,-6.695263e-02,1.607632e-02,-4.841579e-02,-4.547694e+01,-1.220000e+01,5.680000e+01,-2.580000e+01
-1.204038e-02,-7.742105e-03,-4.057895e-03,-5.116842e-02,-3.491721e-01,7.900000e+00,-3.000000e-01,-2.900000e+00,-1.279200e-02,-6.355263e-02,1.557632e-02,-5.101579e-02,-6.533003e+01,-1.090000e+01,5.840000e+01,-4.750000e+01
-1.292857e-02,-7.742105e-03,-4.578947e-04,-5.346842e-02,-1.069279e+00,8.700000e+00,-1.800000e+00,-3.300000e+00,-1.023687e-02,-6.435263e-02,3.067632e-02,-4.191579e-02,-9.901424e+01,-1.420000e+01,6.190000e+01,-8.240000e+01
-1.389776e-02,-7.542105e-03,2.142105e-03,-5.546842e-02,-7.371055e-01,8.700000e+00,-1.200000e+00,-3.200000e+00,-7.415299e-03,-5.425263e-02,5.247632e-02,-3.341579e-02,-1.516938e+02,-1.610000e+01,7.080000e+01,-1.365000e+02
-1.444700e-02,-7.842105e-03,6.542105e-03,-5.766842e-02,3.839616e-01,9.200000e+00,-3.000000e-01,-2.500000e+00,-3.936476e-03,-3.725263e-02,8.867632e-02,-2.121579e-02,-1.801844e+02,-1.960000e+01,7.840000e+01,-1.641000e+02
-1.423224e-02,-7.742105e-03,9.542105e-03,-5.846842e-02,8.802202e-01,9.700000e+00,-5.000000e-01,-2.000000e+00,6.530882e-03,-1.025263e-02,9.747632e-02,-1.371579e-02,-2.369311e+02,-3.040000e+01,9.690000e+01,-2.168000e+02
-1.456528e-02,-7.542105e-03,1.194211e-02,-5.966842e-02,-1.327560e-02,9.400000e+00,-1.200000e+00,-2.600000e+00,8.248691e-03,1.644737e-02,1.252763e-01,-9.115789e-03,-2.844350e+02,-3.600000e+01,1.154000e+02,-2.608000e+02
-1.508714e-02,-8.342105e-03,1.544211e-02,-6.126842e-02,9.226408e-01,1.000000e+01,0.000000e+00,-2.300000e+00,2.126910e-02,5.064737e-02,1.605763e-01,8.084211e-03,-3.190661e+02,-3.230000e+01,1.289000e+02,-2.949000e+02
-1.550899e-02,-8.742105e-03,1.714211e-02,-6.206842e-02,3.973673e-01,8.600000e+00,-9.000000e-01,-2.000000e+00,3.114948e-02,8.534737e-02,1.886763e-01,1.898421e-02,-3.377963e+02,-3.120000e+01,1.308000e+02,-3.149000e+02
-1.582035e-02,-8.442105e-03,1.904211e-02,-6.306842e-02,1.007487e+00,8.500000e+00,2.000000e-01,-1.800000e+00,3.906975e-02,1.111474e-01,2.036763e-01,2.618421e-02,-3.384492e+02,-3.670000e+01,1.320000e+02,-3.140000e+02
-1.571793e-02,-8.242105e-03,2.154211e-02,-6.386842e-02,1.119244e+00,7.700000e+00,8.000000e-01,-1.700000e+00,5.345920e-02,1.311474e-01,1.896763e-01,3.358421e-02,-3.249251e+02,-3.560000e+01,1.303000e+02,-3.004000e+02
-1.423489e-02,-7.742105e-03,2.284211e-02,-6.256842e-02,8.488461e-01,7.200000e+00,9.000000e-01,-1.900000e+00,7.289123e-02,1.369474e-01,1.264763e-01,3.438421e-02,-2.952366e+02,-8.000000e-01,1.020000e+02,-2.852000e+02
-1.316485e-02,-6.742105e-03,2.474211e-02,-6.226842e-02,4.584408e-01,6.000000e+00,2.000000e-01,-1.600000e+00,8.890799e-02,1.211474e-01,6.157632e-02,3.618421e-02,-2.070912e+02,4.550000e+01,5.100000e+01,-2.165000e+02
-1.177578e-02,-6.742105e-03,2.894211e-02,-6.246842e-02,6.253983e-01,4.200000e+00,8.000000e-01,-1.100000e+00,9.988408e-02,8.164737e-02,-2.702368e-02,3.438421e-02,-6.813868e+01,1.094000e+02,-1.120000e+01,-1.006000e+02
-1.074600e-02,-7.542105e-03,3.194211e-02,-6.226842e-02,-1.552351e-01,2.400000e+00,2.000000e-01,-1.100000e+00,8.797476e-02,4.064737e-02,-9.752368e-02,1.568421e-02,1.336762e+01,9.180000e+01,-4.960000e+01,-1.970000e+01
-1.025560e-02,-8.042105e-03,3.264211e-02,-6.166842e-02,-4.918897e-02,1.300000e+00,0.000000e+00,-5.000000e-01,7.270733e-02,-2.052632e-03,-1.269237e-01,2.584211e-03,5.309916e+01,5.590000e+01,-8.720000e+01,2.260000e+01
-9.099646e-03,-8.342105e-03,3.314211e-02,-6.026842e-02,-7.441344e-01,1.000000e+00,-1.000000e+00,-7.000000e-01,5.587745e-02,-4.185263e-02,-1.375237e-01,-9.015789e-03,5.950800e+01,2.760000e+01,-1.014000e+02,3.360000e+01
-7.844366e-03,-7.642105e-03,3.274211e-02,-5.866842e-02,-1.175247e+00,-0.000000e+00,-1.900000e+00,-4.000000e-01,5.623422e-02,-8.085263e-02,-1.381237e-01,7.842105e-04,5.876030e+01,1.990000e+01,-9.920000e+01,3.530000e+01
-7.070551e-03,-6.942105e-03,3.224211e-02,-5.756842e-02,-1.513699e+00,-0.000000e+00,-1.700000e+00,-9.000000e-01,5.994288e-02,-1.205526e-01,-1.452237e-01,1.508421e-02,5.497537e+01,2.900000e+01,-9.450000e+01,2.950000e+01
-6.368804e-03,-6.242105e-03,3.134211e-02,-5.636842e-02,-1.110347e+00,-5.000000e-01,-1.800000e+00,-2.000000e-01,5.761799e-02,-1.631526e-01,-1.519237e-01,2.648421e-02,5.086580e+01,4.700000e+01,-9.020000e+01,2.040000e+01
-6.501149e-03,-5.442105e-03,3.084211e-02,-5.636842e-02,-1.173184e+00,-0.000000e+00,-1.500000e+00,-6.000000e-01,5.167635e-02,-2.022526e-01,-1.187237e-01,4.278421e-02,4.369352e+01,5.400000e+01,-7.950000e+01,1.270000e+01
-7.343346e-03,-4.742105e-03,2.854211e-02,-5.626842e-02,-1.518041e+00,-1.000000e+00,-2.000000e+00,-4.000000e-01,4.154500e-02,-2.289526e-01,-3.882368e-02,6.008421e-02,3.398495e+01,5.830000e+01,-6.960000e+01,2.900000e+00
-7.884164e-03,-4.642105e-03,2.664211e-02,-5.576842e-02,-8.683122e-01,-0.000000e+00,-1.000000e+00,-5.000000e-01,3.042889e-02,-2.454526e-01,5.237632e-02,7.378421e-02,3.267468e+01,6.200000e+01,-5.880000e+01,2.400000e+00
-9.170605e-03,-3.842105e-03,2.374211e-02,-5.586842e-02,-1.513433e+00,-3.000000e-01,-1.300000e+00,-1.000000e+00,2.095855e-02,-2.473526e-01,1.524763e-01,8.368421e-02,4.344777e+01,5.930000e+01,-5.270000e+01,1.620000e+01
-1.059945e-02,-2.442105e-03,2.124211e-02,-5.656842e-02,-1.677890e+00,-1.200000e+00,-7.000000e-01,-1.200000e+00,2.310511e-02,-2.625526e-01,2.067763e-01,1.015842e-01,4.861279e+01,5.550000e+01,-4.490000e+01,2.460000e+01
-1.192435e-02,-1.542105e-03,2.024211e-02,-5.776842e-02,-1.100577e+00,-1.300000e+00,-1.000000e-01,-8.000000e-01,1.937760e-02,-2.893526e-01,2.095763e-01,1.087842e-01,6.481829e+01,5.460000e+01,-4.370000e+01,4.270000e+01
-1.292476e-02,-7.421053e-04,2.004211e-02,-5.896842e-02,-5.121348e-01,-1.400000e+00,9.000000e-01,-6.000000e-01,9.739523e-03,-3.250526e-01,1.919763e-01,1.099842e-01,7.908375e+01,5.410000e+01,-4.020000e+01,5.890000e+01
-1.413670e-02,-9.421053e-04,2.124211e-02,-6.086842e-02,-8.705511e-01,-2.900000e+00,7.000000e-01,-4.000000e-01,-1.118235e-02,-3.586526e-01,1.766763e-01,9.858421e-02,8.827438e+01,5.360000e+01,-3.330000e+01,7.010000e+01
-1.483817e-02,-1.342105e-03,2.314211e-02,-6.246842e-02,-3.234283e-01,-2.800000e+00,1.100000e+00,0.000000e+00,-3.612575e-02,-3.884526e-01,1.724763e-01,8.278421e-02,9.517087e+01,5.640000e+01,-2.590000e+01,7.760000e+01
-1.551513e-02,-1.942105e-03,2.444211e-02,-6.366842e-02,-2.025561e-01,-3.100000e+00,1.000000e+00,3.000000e-01,-5.919340e-02,-4.148526e-01,1.650763e-01,6.708421e-02,9.965838e+01,5.900000e+01,-2.090000e+01,8.220000e+01
-1.543999e-02,-2.442105e-03,2.674211e-02,-6.456842e-02,6.443067e-01,-3.900000e+00,1.900000e+00,1.100000e+00,-8.528706e-02,-4.403526e-01,1.469763e-01,4.648421e-02,1.029493e+02,5.930000e+01,-2.080000e+01,8.570000e+01
-1.554543e-02,-3.142105e-03,2.894211e-02,-6.556842e-02,9.614080e-01,-4.300000e+00,2.300000e+00,1.400000e+00,-1.128491e-01,-4.654526e-01,1.258763e-01,2.408421e-02,1.143493e+02,5.400000e+01,-2.650000e+01,9.930000e+01
-1.644235e-02,-3.842105e-03,2.974211e-02,-6.676842e-02,8.060791e-01,-4.700000e+00,2.400000e+00,1.300000e+00,-1.393855e-01,-4.853526e-01,9.337632e-02,-5.157895e-04,1.353777e+02,4.440000e+01,-3.530000e+01,1.245000e+02
-1.689995e-02,-4.442105e-03,3.014211e-02,-6.726842e-02,8.069184e-01,-4.700000e+00,2.400000e+00,1.300000e+00,-1.629183e-01,-5.008526e-01,5.277632e-02,-2.511579e-02,1.608005e+02,3.410000e+01,-4.240000e+01,1.549000e+02
-1.624718e-02,-5.442105e-03,3.074211e-02,-6.646842e-02,1.170706e+00,-5.900000e+00,2.300000e+00,2.200000e+00,-1.889596e-01,-5.173526e-01,1.767632e-02,-5.191579e-02,1.867319e+02,2.760000e+01,-5.310000e+01,1.839000e+02
-1.578391e-02,-5.842105e-03,3.014211e-02,-6.546842e-02,1.342204e+00,-6.200000e+00,2.500000e+00,2.400000e+00,-2.181171e-01,-5.377526e-01,-1.282368e-02,-8.061579e-02,2.117351e+02,2.460000e+01,-6.380000e+01,2.105000e+02
-1.559725e-02,-6.442105e-03,2.964211e-02,-6.476842e-02,2.083571e+00,-5.900000e+00,3.200000e+00,2.800000e+00,-2.277146e-01,-5.249526e-01,-2.662368e-02,-1.008158e-01,2.276348e+02,4.300000e+00,-6.500000e+01,2.354000e+02
-1.535734e-02,-6.842105e-03,2.874211e-02,-6.386842e-02,2.239751e+00,-6.100000e+00,3.300000e+00,3.000000e+00,-2.237743e-01,-4.739526e-01,-4.662368e-02,-1.232158e-01,2.300224e+02,2.030000e+01,-5.710000e+01,2.328000e+02
-1.521852e-02,-6.642105e-03,2.644211e-02,-6.256842e-02,1.881815e+00,-6.400000e+00,2.700000e+00,3.000000e+00,-2.083090e-01,-3.709526e-01,-5.052368e-02,-1.502158e-01,2.434470e+02,4.630000e+01,-6.500000e+01,2.355000e+02
-1.554197e-02,-6.542105e-03,2.414211e-02,-6.176842e-02,1.843074e+00,-5.800000e+00,2.600000e+00,2.800000e+00,-1.898639e-01,-2.513526e-01,-3.942368e-02,-1.772158e-01,2.553073e+02,6.270000e+01,-8.980000e+01,2.370000e+02
-1.539583e-02,-7.042105e-03,2.064211e-02,-5.956842e-02,1.666960e+00,-5.300000e+00,1.700000e+00,2.900000e+00,-1.528778e-01,-7.455263e-02,-3.782368e-02,-2.098158e-01,2.742496e+02,1.035000e+02,-9.310000e+01,2.403000e+02
-1.521688e-02,-6.742105e-03,1.784211e-02,-5.796842e-02,1.916869e+00,-4.400000e+00,1.300000e+00,3.100000e+00,-1.237016e-01,1.125474e-01,2.257632e-02,-2.469158e-01,2.583772e+02,8.680000e+01,-8.860000e+01,2.307000e+02
-1.422972e-02,-6.642105e-03,1.624211e-02,-5.596842e-02,8.761436e-01,-4.300000e+00,8.000000e-01,2.100000e+00,-1.037293e-01,2.442474e-01,6.777632e-02,-2.764158e-01,2.211818e+02,3.290000e+01,-7.310000e+01,2.160000e+02
-1.272223e-02,-7.042105e-03,1.544211e-02,-5.366842e-02,9.220197e-01,-5.500000e+00,0.000000e+00,3.000000e+00,-9.422930e-02,2.985474e-01,7.067632e-02,-2.929158e-01,2.039891e+02,1.280000e+01,-6.130000e+01,2.084000e+02
-1.326723e-02,-6.642105e-03,1.404211e-02,-5.376842e-02,1.553752e+00,-5.700000e+00,6.000000e-01,3.500000e+00,-7.332264e-02,3.350474e-01,3.847632e-02,-2.957158e-01,1.802054e+02,-9.000000e+00,-3.500000e+01,1.978000e+02
-1.398827e-02,-6.942105e-03,1.454211e-02,-5.486842e-02,1.696009e+00,-6.400000e+00,1.000000e+00,3.700000e+00,-2.165261e-02,4.041474e-01,-2.132368e-02,-2.848158e-01,1.638092e+02,9.000000e-01,-1.980000e+01,1.789000e+02
-1.417234e-02,-6.242105e-03,1.404211e-02,-5.516842e-02,2.165357e+00,-7.000000e+00,1.500000e+00,4.200000e+00,6.107311e-03,4.597474e-01,-9.472368e-02,-2.969158e-01,1.430840e+02,2.660000e+01,-3.500000e+00,1.485000e+02
-1.457771e-02,-5.242105e-03,1.304211e-02,-5.556842e-02,2.716357e+00,-7.400000e+00,2.800000e+00,4.300000e+00,4.959180e-03,4.885474e-01,-1.579237e-01,-3.261158e-01,1.127348e+02,3.110000e+01,7.200000e+00,1.153000e+02
-1.509502e-02,-5.142105e-03,1.274211e-02,-5.616842e-02,2.648780e+00,-7.800000e+00,3.100000e+00,4.200000e+00,-1.401083e-02,4.658474e-01,-2.347237e-01,-3.559158e-01,5.682253e+01,8.500000e+00,3.140000e+01,6.900000e+01
-1.451743e-02,-5.142105e-03,1.284211e-02,-5.566842e-02,2.434530e+00,-8.700000e+00,3.400000e+00,4.100000e+00,-3.049044e-02,4.096474e-01,-3.392237e-01,-3.752158e-01,5.162733e+00,-4.700000e+00,6.090000e+01,2.500000e+01
-1.446292e-02,-5.242105e-03,1.364211e-02,-5.616842e-02,2.458950e+00,-9.900000e+00,3.300000e+00,4.600000e+00,-7.153319e-02,2.944474e-01,-3.956237e-01,-3.825158e-01,2.095849e-01,1.540000e+01,7.570000e+01,1.540000e+01
-1.421040e-02,-5.542105e-03,1.404211e-02,-5.616842e-02,1.570099e+00,-1.040000e+01,2.400000e+00,4.200000e+00,-6.807672e-02,1.505474e-01,-4.757237e-01,-3.338158e-01,-8.558957e+00,3.690000e+01,1.119000e+02,7.400000e+00
-1.316606e-02,-6.142105e-03,1.364211e-02,-5.476842e-02,8.474465e-01,-1.140000e+01,5.000000e-01,4.700000e+00,-2.502608e-02,5.364737e-02,-4.795237e-01,-2.391158e-01,1.255833e+01,8.310000e+01,8.840000e+01,6.900000e+00
-7.930775e-03,-7.042105e-03,1.434211e-02,-4.896842e-02,-1.140903e+00,-1.220000e+01,-3.800000e+00,4.900000e+00,4.048784e-02,6.747368e-03,-4.428237e-01,-1.378158e-01,7.319754e+00,3.020000e+01,5.350000e+01,1.120000e+01
-1.209132e-04,-7.842105e-03,1.724211e-02,-4.136842e-02,-5.009489e+00,-1.280000e+01,-9.800000e+00,3.700000e+00,7.599615e-02,8.473684e-04,-3.886237e-01,-8.541579e-02,2.006449e+00,-1.180000e+01,-1.200000e+00,6.000000e+00
5.058181e-03,-8.742105e-03,1.914211e-02,-3.636842e-02,-5.925172e+00,-1.330000e+01,-1.360000e+01,4.800000e+00,6.641911e-02,3.473684e-04,-3.303237e-01,-8.261579e-02,5.423592e-01,-1.140000e+01,-1.320000e+01,1.100000e+00
6.117060e-03,-7.842105e-03,1.564211e-02,-3.406842e-02,-2.743027e+00,-1.240000e+01,-1.310000e+01,8.000000e+00,5.883754e-02,-1.715263e-02,-2.707237e-01,-7.001579e-02,-1.116785e+00,-4.900000e+00,-1.900000e+00,0.000000e+00
7.935331e-03,-8.942105e-03,1.114211e-02,-2.956842e-02,5.002875e-01,-8.900000e+00,-1.290000e+01,1.050000e+01,6.639344e-02,-5.425263e-02,-2.003237e-01,-2.981579e-02,-1.066220e+00,6.200000e+00,7.600000e+00,-1.300000e+00
9.461949e-03,-9.742105e-03,6.742105e-03,-2.556842e-02,4.875898e-01,-8.900000e+00,-1.290000e+01,1.050000e+01,7.999088e-02,-9.375263e-02,-1.276237e-01,1.858421e-02,-3.614927e-01,8.900000e+00,8.200000e+00,-1.300000e+00
1.026484e-02,-7.142105e-03,1.242105e-03,-2.306842e-02,3.339680e-01,-7.500000e+00,-1.420000e+01,1.050000e+01,8.816672e-02,-1.164526e-01,-4.092368e-02,5.888421e-02,-2.644757e-01,9.300000e+00,8.600000e+00,-1.200000e+00
1.199169e-02,-8.642105e-03,-1.757895e-03,-1.916842e-02,1.003717e+00,-4.900000e+00,-1.390000e+01,1.020000e+01,1.056125e-01,-1.343526e-01,9.376316e-03,9.768421e-02,-1.169026e+00,9.800000e+00,9.100000e+00,-2.200000e+00
1.300716e-02,-6.542105e-03,-4.057895e-03,-1.776842e-02,1.827628e+00,-3.400000e+00,-1.460000e+01,1.100000e+01,9.572536e-02,-1.302526e-01,2.807632e-02,9.048421e-02,-1.946445e-02,1.370000e+01,9.300000e+00,-2.200000e+00
1.406749e-02,-3.142105e-03,-4.757895e-03,-1.776842e-02,4.523065e-01,-7.200000e+00,-1.460000e+01,1.080000e+01,5.560329e-02,-1.203526e-01,-5.823684e-03,3.448421e-02,-3.667826e-01,1.510000e+01,1.050000e+01,-2.700000e+00
1.013468e-02,4.578947e-04,-4.957895e-03,-2.426842e-02,1.135932e+00,-1.260000e+01,-1.410000e+01,1.340000e+01,5.574712e-03,-8.195263e-02,-3.022368e-02,-3.911579e-02,-5.375081e-01,1.490000e+01,1.090000e+01,-2.700000e+00
6.126722e-03,5.357895e-03,-6.357895e-03,-3.096842e-02,2.048637e+00,-1.790000e+01,-1.330000e+01,1.610000e+01,-1.733753e-02,-5.965263e-02,-3.142368e-02,-7.161579e-02,-8.352931e-01,1.260000e+01,1.070000e+01,-2.300000e+00
4.712985e-03,1.015789e-02,-4.757895e-03,-3.616842e-02,3.307368e+00,-1.930000e+01,-1.340000e+01,1.820000e+01,-1.697168e-02,-6.645263e-02,-1.002368e-02,-6.311579e-02,-6.100911e-01,1.310000e+01,1.190000e+01,-1.900000e+00
5.294868e-03,1.375789e-02,3.142105e-03,-4.186842e-02,4.970184e+00,-2.480000e+01,-1.080000e+01,2.100000e+01,-1.111343e-02,-7.595263e-02,7.076316e-03,-4.891579e-02,-9.407633e-01,1.400000e+01,1.210000e+01,-2.500000e+00
-3.285331e-03,2.735789e-02,1.624211e-02,-6.496842e-02,-7.329412e+00,-4.350000e+01,-8.000000e-01,8.700000e+00,-8.282310e-03,-8.085263e-02,1.287632e-02,-4.251579e-02,-8.924789e-01,1.440000e+01,1.200000e+01,-2.600000e+00
1.389689e-02,2.445789e-02,4.494211e-02,-5.876842e-02,1.709374e+01,-3.500000e+01,-5.900000e+00,3.680000e+01,-8.153558e-03,-8.375263e-02,1.657632e-02,-4.031579e-02,-6.871749e-01,1.300000e+01,1.050000e+01,-2.300000e+00
7.268457e-03,2.745789e-02,4.394211e-02,-6.796842e-02,3.814096e+01,-7.700000e+00,-4.200000e+00,5.010000e+01,-6.086893e-03,-8.585263e-02,2.067632e-02,-3.621579e-02,-8.135977e-01,1.210000e+01,9.100000e+00,-2.500000e+00
9.990413e-03,3.635789e-02,6.024211e-02,-7.696842e-02,5.129038e+01,-1.000000e+01,-1.000000e-01,6.460000e+01,-5.385223e-03,-8.765263e-02,2.727632e-02,-3.311579e-02,-3.207185e-01,9.800000e+00,7.200000e+00,-1.700000e+00
4.465254e-03,4.615789e-02,3.884211e-02,-7.826842e-02,9.168560e+01,1.160000e+01,2.000000e+00,1.026000e+02,-4.925342e-03,-9.025263e-02,3.397632e-02,-3.001579e-02,-7.570946e-01,8.500000e+00,6.600000e+00,-1.900000e+00
-4.587040e-03,5.195789e-02,3.234211e-02,-8.826842e-02,1.321971e+02,7.700000e+01,1.760000e+01,1.161000e+02,-4.806914e-03,-9.235263e-02,3.737632e-02,-2.831579e-02,-3.941394e-01,8.000000e+00,5.600000e+00,-1.600000e+00
-2.669045e-03,6.195789e-02,5.364211e-02,-1.006684e-01,1.602264e+02,8.830000e+01,3.100000e+01,1.382000e+02,-5.542650e-03,-9.435263e-02,3.797632e-02,-2.831579e-02,-1.002679e+00,7.100000e+00,4.300000e+00,-2.300000e+00
-3.120350e-03,6.915789e-02,6.514211e-02,-1.103684e-01,1.817496e+02,9.220000e+01,3.810000e+01,1.588000e+02,-5.319494e-03,-9.595263e-02,4.167632e-02,-2.661579e-02,-3.881463e-01,6.600000e+00,3.800000e+00,-1.600000e+00
-7.443786e-03,7.855789e-02,6.704211e-02,-1.210684e-01,2.153563e+02,1.119000e+02,5.020000e+01,1.845000e+02,-5.335523e-03,-9.745263e-02,4.807632e-02,-2.451579e-02,-2.270671e-01,5.300000e+00,3.800000e+00,-1.000000e+00
-6.157392e-03,9.455789e-02,7.384211e-02,-1.307684e-01,2.478898e+02,1.298000e+02,6.220000e+01,2.097000e+02,-3.496552e-03,-9.965263e-02,5.557632e-02,-1.991579e-02,-2.093916e-01,2.400000e+00,1.600000e+00,-6.000000e-01
7.846664e-03,1.173579e-01,8.044211e-02,-1.285684e-01,2.694271e+02,1.400000e+02,6.600000e+01,2.293000e+02,-3.522003e-03,-9.905263e-02,6.067632e-02,-1.891579e-02,-1.847848e-01,-2.400000e+00,-1.500000e+00,2.000000e-01
-9.827339e-04,1.784579e-01,7.334211e-02,-1.667684e-01,2.735177e+02,1.421000e+02,6.590000e+01,2.334000e+02,-1.750328e-03,-9.865263e-02,6.267632e-02,-1.671579e-02,-5.082331e-01,-6.300000e+00,-2.800000e+00,8.000000e-01
1.473902e-02,2.462579e-01,9.604211e-02,-1.961684e-01,2.704415e+02,1.364000e+02,6.630000e+01,2.322000e+02,-2.738727e-03,-9.765263e-02,6.537632e-02,-1.751579e-02,-7.414036e-01,-8.200000e+00,-3.500000e+00,1.000000e+00
2.468940e-02,3.247579e-01,1.069421e-01,-2.336684e-01,2.552221e+02,1.230000e+02,6.740000e+01,2.194000e+02,-2.627029e-03,-9.765263e-02,6.607632e-02,-1.731579e-02,-3.401983e-01,-9.500000e+00,-5.700000e+00,1.300000e+00
5.161585e-02,4.017579e-01,1.678421e-01,-2.788684e-01,2.313550e+02,1.008000e+02,6.190000e+01,2.041000e+02,-2.644147e-03,-9.755263e-02,6.517632e-02,-1.771579e-02,-1.613563e-01,-1.160000e+01,-6.100000e+00,2.100000e+00
8.318577e-02,4.792579e-01,2.146421e-01,-3.117684e-01,2.038714e+02,7.540000e+01,5.430000e+01,1.873000e+02,-2.378227e-03,-9.725263e-02,6.597632e-02,-1.741579e-02,2.307961e-01,-1.220000e+01,-7.000000e+00,2.500000e+00
1.014089e-01,5.474579e-01,2.282421e-01,-3.387684e-01,1.737428e+02,5.300000e+01,4.380000e+01,1.673000e+02,-1.130384e-03,-9.615263e-02,6.567632e-02,-1.661579e-02,-6.632895e-01,-1.420000e+01,-7.800000e+00,2.000000e+00
1.157637e-01,6.090579e-01,2.389421e-01,-3.658684e-01,1.482713e+02,4.430000e+01,3.680000e+01,1.437000e+02,-1.156323e-03,-9.415263e-02,6.057632e-02,-1.881579e-02,-1.422000e-01,-1.340000e+01,-8.200000e+00,2.200000e+00
1.340406e-01,6.592579e-01,2.489421e-01,-3.813684e-01,1.392504e+02,4.350000e+01,3.610000e+01,1.331000e+02,5.449933e-04,-9.255263e-02,5.287632e-02,-1.971579e-02,5.016791e-01,-1.040000e+01,-7.400000e+00,2.100000e+00
1.432891e-01,6.870579e-01,2.541421e-01,-3.929684e-01,1.232108e+02,4.300000e+01,3.140000e+01,1.155000e+02,7.547484e-04,-8.785263e-02,4.347632e-02,-2.381579e-02,1.123813e+00,-6.800000e+00,-6.100000e+00,1.900000e+00
1.439676e-01,6.887579e-01,2.546421e-01,-3.977684e-01,1.114468e+02,4.170000e+01,2.650000e+01,1.039000e+02,1.548649e-03,-8.665263e-02,3.487632e-02,-2.591579e-02,4.420556e-01,-7.300000e+00,-5.100000e+00,1.600000e+00
1.392123e-01,6.591579e-01,2.515421e-01,-3.887684e-01,1.037740e+02,3.980000e+01,2.230000e+01,9.750000e+01,2.219653e-03,-8.405263e-02,3.007632e-02,-2.761579e-02,-6.209628e-02,-7.100000e+00,-4.300000e+00,1.200000e+00
1.317316e-01,6.067579e-01,2.471421e-01,-3.683684e-01,1.001415e+02,4.000000e+01,1.850000e+01,9.480000e+01,2.933259e-03,-8.195263e-02,2.567632e-02,-2.901579e-02,-3.479504e-01,-7.300000e+00,-4.500000e+00,9.000000e-01
1.182355e-01,5.372579e-01,2.300421e-01,-3.375684e-01,1.034346e+02,4.540000e+01,1.790000e+01,9.610000e+01,3.949302e-03,-7.965263e-02,2.287632e-02,-2.971579e-02,-3.805166e-01,-7.700000e+00,-3.100000e+00,1.400000e+00
9.721823e-02,4.612579e-01,1.951421e-01,-3.016684e-01,1.131031e+02,5.580000e+01,2.100000e+01,1.005000e+02,4.917464e-03,-7.925263e-02,2.077632e-02,-2.961579e-02,-1.214676e-01,-7.700000e+00,-4.100000e+00,1.400000e+00
7.304682e-02,3.852579e-01,1.553421e-01,-2.657684e-01,1.187990e+02,6.010000e+01,2.380000e+01,1.037000e+02,4.990998e-03,-7.765263e-02,1.657632e-02,-3.151579e-02,-1.488131e-01,-6.400000e+00,-3.100000e+00,1.200000e+00
4.681541e-02,3.085579e-01,1.172421e-01,-2.316684e-01,1.311399e+02,6.790000e+01,2.810000e+01,1.125000e+02,4.054499e-03,-7.645263e-02,1.437632e-02,-3.381579e-02,-3.463001e-01,-6.200000e+00,-2.800000e+00,1.000000e+00
2.630624e-02,2.396579e-01,9.064211e-02,-2.000684e-01,1.311248e+02,6.790000e+01,2.810000e+01,1.125000e+02,3.860926e-03,-7.695263e-02,1.447632e-02,-3.401579e-02,-3.469660e-01,-6.200000e+00,-2.800000e+00,1.000000e+00
6.646066e-04,1.718579e-01,6.724211e-02,-1.767684e-01,1.539433e+02,7.380000e+01,2.920000e+01,1.381000e+02,3.306473e-03,-7.655263e-02,1.617632e-02,-3.441579e-02,-4.104994e-03,-4.900000e+00,-1.500000e+00,1.300000e+00
-1.981113e-02,1.174579e-01,3.974211e-02,-1.523684e-01,1.649988e+02,7.750000e+01,3.110000e+01,1.492000e+02,2.880211e-03,-7.795263e-02,1.717632e-02,-3.421579e-02,-5.431816e-03,-4.900000e+00,-1.500000e+00,1.300000e+00
-3.605481e-02,7.225789e-02,1.244211e-02,-1.281684e-01,1.743103e+02,8.030000e+01,3.420000e+01,1.579000e+02,2.766763e-03,-7.725263e-02,1.777632e-02,-3.451579e-02,2.764605e-01,-3.300000e+00,-2.300000e+00,8.000000e-01
-4.826418e-02,3.385789e-02,-1.145789e-02,-1.048684e-01,1.775049e+02,7.980000e+01,3.550000e+01,1.617000e+02,1.651946e-03,-7.765263e-02,1.737632e-02,-3.581579e-02,-1.806920e-01,-3.200000e+00,-1.500000e+00,5.000000e-01
-5.966366e-02,-4.210526e-05,-3.335789e-02,-8.466842e-02,1.818656e+02,7.680000e+01,3.720000e+01,1.686000e+02,1.236454e-03,-7.795263e-02,1.587632e-02,-3.671579e-02,-3.966494e-01,-3.500000e+00,-1.400000e+00,4.000000e-01
-7.127478e-02,-3.384211e-02,-5.005789e-02,-6.746842e-02,1.830165e+02,7.290000e+01,3.620000e+01,1.733000e+02,1.249904e-04,-7.805263e-02,1.447632e-02,-3.841579e-02,-2.738666e-02,-2.200000e+00,-1.200000e+00,4.000000e-01
-8.080400e-02,-6.654211e-02,-6.065789e-02,-5.116842e-02,1.818031e+02,7.090000e+01,3.480000e+01,1.737000e+02,-5.213143e-04,-7.685263e-02,1.457632e-02,-3.961579e-02,-2.306607e-01,-2.400000e+00,-7.000000e-01,4.000000e-01
-8.998833e-02,-9.944211e-02,-6.405789e-02,-3.766842e-02,1.777089e+02,6.780000e+01,3.470000e+01,1.704000e+02,-5.595500e-06,-7.665263e-02,1.447632e-02,-3.921579e-02,-1.830629e-01,-2.000000e+00,-4.000000e-01,4.000000e-01
-9.427570e-02,-1.307421e-01,-6.005789e-02,-2.216842e-02,1.689721e+02,6.330000e+01,3.350000e+01,1.625000e+02,3.799005e-05,-7.665263e-02,1.517632e-02,-3.901579e-02,-6.484861e-01,-2.400000e+00,-5.000000e-01,0.000000e+00
-9.932350e-02,-1.669421e-01,-5.045789e-02,-6.668421e-03,1.552803e+02,5.690000e+01,3.380000e+01,1.487000e+02,5.936807e-04,-7.635263e-02,1.567632e-02,-3.841579e-02,-1.492154e-01,-3.100000e+00,-2.000000e-01,9.000000e-01
-1.017877e-01,-2.029421e-01,-3.405789e-02,9.331579e-03,1.474145e+02,5.410000e+01,3.230000e+01,1.409000e+02,2.188568e-04,-7.635263e-02,1.557632e-02,-3.891579e-02,-5.674816e-01,-2.700000e+00,-5.000000e-01,2.000000e-01
-1.075876e-01,-2.433421e-01,-1.405789e-02,2.293158e-02,1.334080e+02,5.190000e+01,2.930000e+01,1.252000e+02,-3.612299e-04,-7.595263e-02,1.537632e-02,-3.981579e-02,-3.119284e-01,-2.700000e+00,2.000000e-01,7.000000e-01
-1.132909e-01,-2.835421e-01,7.842105e-03,3.573158e-02,1.208271e+02,5.200000e+01,2.850000e+01,1.087000e+02,-7.101005e-04,-7.545263e-02,1.637632e-02,-4.011579e-02,-3.637221e-01,-2.600000e+00,5.000000e-01,7.000000e-01
-1.194345e-01,-3.244421e-01,3.114211e-02,4.743158e-02,1.099603e+02,5.100000e+01,3.000000e+01,9.430000e+01,-5.868318e-04,-7.485263e-02,1.677632e-02,-4.011579e-02,-4.070688e-01,-2.500000e+00,-2.000000e-01,4.000000e-01
-1.250772e-01,-3.663421e-01,5.424211e-02,6.013158e-02,9.939387e+01,4.830000e+01,3.040000e+01,8.210000e+01,-7.886549e-04,-7.415263e-02,1.747632e-02,-4.041579e-02,4.394192e-02,-2.600000e+00,0.000000e+00,1.000000e+00
-1.286593e-01,-4.053421e-01,7.254211e-02,7.473158e-02,9.473185e+01,4.860000e+01,3.330000e+01,7.440000e+01,1.184125e-04,-7.445263e-02,1.687632e-02,-3.951579e-02,-1.038866e+00,-2.600000e+00,0.000000e+00,-2.000000e-01
-1.327521e-01,-4.422421e-01,8.634211e-02,8.793158e-02,9.617551e+01,5.070000e+01,3.950000e+01,7.200000e+01,7.468456e-04,-7.465263e-02,1.547632e-02,-3.921579e-02,-1.112936e+00,-2.700000e+00,-5.000000e-01,-4.000000e-01
-1.347665e-01,-4.754421e-01,9.554211e-02,1.025316e-01,9.849047e+01,5.180000e+01,4.230000e+01,7.300000e+01,4.420409e-04,-7.455263e-02,1.457632e-02,-3.991579e-02,-1.191153e+00,-3.600000e+00,0.000000e+00,0.000000e+00
-1.354342e-01,-5.017421e-01,9.754211e-02,1.160316e-01,1.062604e+02,5.360000e+01,4.910000e+01,7.890000e+01,8.077327e-04,-7.425263e-02,1.377632e-02,-3.991579e-02,-1.435077e+00,-3.500000e+00,-3.000000e-01,-4.000000e-01
-1.354446e-01,-5.225421e-01,9.234211e-02,1.287316e-01,1.174648e+02,5.630000e+01,5.620000e+01,8.850000e+01,1.077116e-04,-7.435263e-02,1.307632e-02,-4.091579e-02,-1.747318e+00,-3.200000e+00,2.000000e-01,-7.000000e-01
-1.332662e-01,-5.340421e-01,8.394211e-02,1.385316e-01,1.319838e+02,6.220000e+01,6.240000e+01,1.005000e+02,4.718130e-04,-7.425263e-02,1.267632e-02,-4.071579e-02,-1.553194e+00,-3.800000e+00,4.000000e-01,-2.000000e-01
-1.278483e-01,-5.378421e-01,7.684211e-02,1.460316e-01,1.457651e+02,6.830000e+01,6.880000e+01,1.113000e+02,3.081471e-04,-7.455263e-02,1.267632e-02,-4.081579e-02,-1.673231e+00,-2.500000e+00,-2.000000e-01,-1.000000e+00
-1.225501e-01,-5.364421e-01,7.074211e-02,1.489316e-01,1.594122e+02,7.320000e+01,7.510000e+01,1.228000e+02,2.065151e-04,-7.445263e-02,1.167632e-02,-4.131579e-02,-1.811140e+00,-3.100000e+00,-1.000000e-01,-9.000000e-01
-1.190247e-01,-5.310421e-01,6.334211e-02,1.475316e-01,1.687906e+02,7.480000e+01,7.730000e+01,1.328000e+02,2.391166e-04,-7.465263e-02,1.047632e-02,-4.161579e-02,-1.825177e+00,-2.700000e+00,1.000000e-01,-1.000000e+00
-1.155235e-01,-5.211421e-01,5.694211e-02,1.428316e-01,1.745579e+02,7.770000e+01,7.820000e+01,1.378000e+02,3.775519e-04,-7.445263e-02,9.676316e-03,-4.181579e-02,-1.682718e+00,-2.000000e+00,1.000000e-01,-1.100000e+00
-1.100360e-01,-5.039421e-01,5.304211e-02,1.351316e-01,1.831024e+02,8.040000e+01,7.950000e+01,1.463000e+02,-2.510076e-04,-7.395263e-02,9.076316e-03,-4.291579e-02,-1.691523e+00,-1.300000e+00,0.000000e+00,-1.400000e+00
-1.048714e-01,-4.836421e-01,5.384211e-02,1.233316e-01,1.889871e+02,8.150000e+01,8.120000e+01,1.523000e+02,-7.725206e-04,-7.325263e-02,9.276316e-03,-4.371579e-02,-1.407249e+00,-1.000000e+00,3.000000e-01,-1.100000e+00
-1.021848e-01,-4.637421e-01,5.624211e-02,1.086316e-01,1.924039e+02,7.990000e+01,8.050000e+01,1.579000e+02,-1.076868e-03,-7.295263e-02,9.476316e-03,-4.411579e-02,-1.041364e+00,-1.000000e-01,7.000000e-01,-9.000000e-01
-1.011041e-01,-4.437421e-01,5.844211e-02,9.253158e-02,1.942827e+02,7.970000e+01,7.910000e+01,1.609000e+02,-9.135805e-04,-7.285263e-02,9.376316e-03,-4.401579e-02,-1.660743e+00,1.000000e-01,9.000000e-01,-1.600000e+00
-1.002632e-01,-4.221421e-01,6.084211e-02,7.533158e-02,1.946593e+02,8.300000e+01,7.890000e+01,1.593000e+02,-4.890726e-04,-7.225263e-02,9.576316e-03,-4.371579e-02,-9.317439e-01,3.000000e-01,1.100000e+00,-8.000000e-01
-1.053046e-01,-4.057421e-01,6.304211e-02,5.463158e-02,1.929276e+02,8.520000e+01,7.690000e+01,1.565000e+02,-7.971677e-04,-7.185263e-02,1.017632e-02,-4.401579e-02,-1.505129e+00,1.700000e+00,1.600000e+00,-1.800000e+00
-1.207316e-01,-3.981421e-01,6.164211e-02,2.883158e-02,1.854215e+02,9.090000e+01,6.810000e+01,1.470000e+02,-4.337713e-04,-7.125263e-02,1.147632e-02,-4.341579e-02,-3.380495e-01,2.600000e+00,1.400000e+00,-9.000000e-01
-1.425601e-01,-3.957421e-01,5.814211e-02,1.315789e-04,1.720933e+02,9.870000e+01,5.480000e+01,1.308000e+02,-1.213919e-04,-7.145263e-02,1.327632e-02,-4.241579e-02,8.493049e-02,2.900000e+00,9.000000e-01,-7.000000e-01
-1.726387e-01,-4.027421e-01,5.624211e-02,-3.226842e-02,1.501946e+02,9.990000e+01,3.520000e+01,1.106000e+02,-3.956136e-04,-7.185263e-02,1.497632e-02,-4.201579e-02,-3.928837e-02,3.600000e+00,9.000000e-01,-1.100000e+00
-1.519480e-01,-3.726421e-01,9.984211e-02,-3.686842e-02,9.907195e+01,4.020000e+01,-2.510000e+01,1.077000e+02,1.678725e-03,-7.245263e-02,1.667632e-02,-3.891579e-02,-9.207467e-01,2.400000e+00,2.600000e+00,-1.100000e+00
-5.720376e-02,-2.343421e-01,1.846421e-01,-3.216842e-02,1.864210e-01,-1.082000e+02,-2.890000e+01,7.930000e+01,2.342719e-03,-7.185263e-02,1.847632e-02,-3.781579e-02,2.946367e+00,5.000000e+00,-2.600000e+00,6.000000e-01
-5.389634e-02,-1.372421e-01,3.694211e-02,-3.516842e-02,-1.315423e+01,-3.570000e+01,-2.980000e+01,1.700000e+01,4.397819e-03,-7.255263e-02,1.787632e-02,-3.541579e-02,4.874657e+00,7.600000e+00,-3.800000e+00,1.400000e+00
-3.714033e-03,4.065789e-02,-8.275789e-02,-4.496842e-02,-1.287449e+01,-3.740000e+01,-3.290000e+01,1.940000e+01,7.787046e-03,-7.275263e-02,1.957632e-02,-3.101579e-02,1.854686e+00,3.800000e+00,-4.000000e+00,-6.000000e-01
4.990849e-02,2.162579e-01,-2.013579e-01,-5.396842e-02,-1.280676e+01,-3.740000e+01,-3.290000e+01,1.940000e+01,1.076653e-02,-7.445263e-02,1.997632e-02,-2.691579e-02,1.745877e+00,3.000000e+00,-6.200000e+00,-1.100000e+00
7.157567e-02,2.151579e-01,-1.799579e-01,-3.236842e-02,5.974410e-01,3.250000e+01,-4.100000e+00,-1.910000e+01,1.450905e-02,-7.565263e-02,1.797632e-02,-2.291579e-02,2.458929e+00,3.100000e+00,-1.190000e+01,-2.100000e+00
9.796750e-02,2.510579e-01,-1.795579e-01,-2.226842e-02,4.356595e+00,3.070000e+01,-4.600000e+00,-1.310000e+01,1.995623e-02,-7.585263e-02,1.327632e-02,-1.821579e-02,2.652199e+00,4.200000e+00,-1.290000e+01,-2.600000e+00
1.326089e-01,2.985579e-01,-1.748579e-01,-1.116842e-02,2.121463e+00,2.530000e+01,-3.300000e+00,-1.280000e+01,2.623915e-02,-7.555263e-02,1.387632e-02,-1.111579e-02,3.145521e+00,6.500000e+00,-1.810000e+01,-4.500000e+00
1.739474e-01,3.444579e-01,-1.452579e-01,3.157895e-05,2.687783e+00,1.460000e+01,-3.000000e+00,-5.200000e+00,3.997238e-02,-7.625263e-02,1.317632e-02,4.284211e-03,5.151898e+00,9.000000e+00,-2.600000e+01,-5.600000e+00
2.175485e-01,3.970579e-01,-1.452579e-01,1.963158e-02,2.303956e+00,1.080000e+01,-2.700000e+00,-3.300000e+00,6.240005e-02,-9.095263e-02,2.567632e-02,3.888421e-02,1.603394e+01,2.240000e+01,-3.640000e+01,-1.700000e+00
2.058211e-01,4.148579e-01,-1.888579e-01,8.031579e-03,-1.057186e+00,4.600000e+00,-1.300000e+00,-3.900000e+00,9.103238e-02,-1.095526e-01,3.137632e-02,8.028421e-02,3.339108e+01,2.570000e+01,-6.530000e+01,7.800000e+00
1.151832e-01,3.192579e-01,-2.842579e-01,-9.368421e-03,-4.588974e-01,3.600000e+00,2.200000e+00,-3.700000e+00,1.315973e-01,-1.249526e-01,2.357632e-02,1.312842e-01,2.225852e+01,-1.400000e+00,-1.081000e+02,-6.400000e+00
1.172193e-01,2.620579e-01,-1.463579e-01,-1.686842e-02,-2.754206e+00,1.900000e+00,2.400000e+00,-5.500000e+00,1.616071e-01,-1.445526e-01,7.676316e-03,1.719842e-01,2.070832e+01,-5.900000e+00,-1.256000e+02,-1.140000e+01
7.385198e-02,1.224579e-01,-2.215789e-02,-2.196842e-02,-6.956177e+00,-7.100000e+00,5.300000e+00,-5.800000e+00,1.930944e-01,-1.539526e-01,-1.322368e-02,2.114842e-01,1.318204e+01,-2.270000e+01,-1.541000e+02,-2.100000e+01
3.243410e-02,-2.074211e-02,8.414211e-02,-1.666842e-02,1.914411e-01,-2.000000e-01,5.800000e+00,-1.600000e+00,2.188504e-01,-1.602526e-01,-4.992368e-02,2.418842e-01,4.876305e+01,3.630000e+01,-1.803000e+02,-1.600000e+01
2.094203e-02,1.305789e-02,5.754211e-02,-4.436842e-02,-5.612724e-02,-1.500000e+00,6.500000e+00,-1.300000e+00,2.336143e-01,-1.661526e-01,-7.862368e-02,2.659842e-01,6.194660e+01,6.580000e+01,-1.959000e+02,-2.030000e+01
1.153267e-02,1.345789e-02,4.924211e-02,-5.396842e-02,-7.881945e-01,-1.400000e+00,6.300000e+00,-2.200000e+00,2.432123e-01,-1.732526e-01,-1.184237e-01,2.867842e-01,6.621464e+01,8.330000e+01,-2.110000e+02,-2.920000e+01
3.472106e-03,8.157895e-03,3.564211e-02,-5.646842e-02,-5.827408e-02,-3.000000e-01,6.900000e+00,-2.200000e+00,2.456005e-01,-1.832526e-01,-1.734237e-01,3.038842e-01,8.817212e+01,1.405000e+02,-2.140000e+02,-3.770000e+01
-4.149598e-03,6.157895e-03,-3.657895e-03,-5.186842e-02,6.304098e-02,1.900000e+00,5.900000e+00,-3.100000e+00,2.321155e-01,-1.865526e-01,-2.247237e-01,3.083842e-01,1.182172e+02,2.147000e+02,-2.083000e+02,-4.720000e+01
-4.304833e-03,5.957895e-03,-1.555789e-02,-4.836842e-02,7.556861e-01,4.600000e+00,4.300000e+00,-3.400000e+00,2.043684e-01,-1.559526e-01,-2.422237e-01,2.867842e-01,1.426442e+02,2.604000e+02,-2.036000e+02,-4.730000e+01
-2.907444e-03,2.357895e-03,-2.625789e-02,-4.116842e-02,9.289859e-01,7.100000e+00,2.400000e+00,-4.100000e+00,1.767521e-01,-9.075263e-02,-2.248237e-01,2.450842e-01,1.838814e+02,3.052000e+02,-1.820000e+02,-2.470000e+01
-6.081749e-04,-1.342105e-03,-2.035789e-02,-3.836842e-02,1.295562e+00,7.800000e+00,1.900000e+00,-3.900000e+00,1.179711e-01,-5.285263e-02,-1.712237e-01,1.776842e-01,2.135390e+02,3.008000e+02,-1.445000e+02,2.100000e+01
6.558081e-04,-5.742105e-03,-1.395789e-02,-3.656842e-02,1.624745e+00,8.000000e+00,1.000000e+00,-3.300000e+00,4.069366e-02,-6.195263e-02,-8.862368e-02,1.092842e-01,2.248025e+02,2.456000e+02,-1.043000e+02,8.330000e+01
3.072586e-03,-8.642105e-03,-2.215789e-02,-2.936842e-02,1.998863e+00,7.800000e+00,4.000000e-01,-2.500000e+00,-4.668542e-02,-1.191526e-01,-3.172368e-02,4.878421e-02,2.681253e+02,1.674000e+02,-6.660000e+01,2.069000e+02
3.034460e-03,-7.642105e-03,-1.255789e-02,-3.356842e-02,1.442555e+00,5.800000e+00,0.000000e+00,-1.800000e+00,-1.476217e-01,-2.202526e-01,-9.862368e-02,-7.715789e-03,3.581554e+02,1.449000e+02,-6.600000e+01,3.443000e+02
3.163581e-03,-8.842105e-03,-9.057895e-03,-3.416842e-02,8.805710e-01,3.500000e+00,1.000000e-01,-1.100000e+00,-2.512763e-01,-3.285526e-01,-2.312237e-01,-7.271579e-02,4.081380e+02,1.710000e+02,-7.340000e+01,3.871000e+02
3.508183e-03,-9.142105e-03,-3.157895e-03,-3.586842e-02,7.183052e-01,1.600000e+00,3.000000e-01,-2.000000e-01,-3.347816e-01,-4.253526e-01,-2.790237e-01,-1.156158e-01,4.702153e+02,2.275000e+02,-7.820000e+01,4.196000e+02
3.269998e-03,-8.942105e-03,4.242105e-03,-3.906842e-02,-2.978642e-02,6.000000e-01,0.000000e+00,-4.000000e-01,-4.198186e-01,-5.280526e-01,-2.515237e-01,-1.493158e-01,4.659947e+02,2.365000e+02,-4.610000e+01,4.100000e+02
1.735957e-03,-8.242105e-03,1.114211e-02,-4.396842e-02,2.499449e-01,1.000000e+00,3.000000e-01,-4.000000e-01,-4.681549e-01,-6.070526e-01,-2.123237e-01,-1.614158e-01,3.942873e+02,1.831000e+02,1.270000e+01,3.699000e+02
6.565881e-04,-7.742105e-03,1.534211e-02,-4.726842e-02,-1.855348e-01,1.400000e+00,-2.000000e-01,-1.000000e+00,-4.925526e-01,-6.999526e-01,-2.419237e-01,-1.513158e-01,3.256975e+02,1.482000e+02,7.110000e+01,3.191000e+02
-5.007580e-04,-7.142105e-03,1.524211e-02,-4.926842e-02,-2.980832e-01,1.400000e+00,-6.000000e-01,-1.000000e+00,-5.120091e-01,-8.075526e-01,-3.087237e-01,-1.434158e-01,2.711017e+02,1.214000e+02,1.207000e+02,2.796000e+02
-1.635617e-03,-6.542105e-03,1.164211e-02,-5.006842e-02,3.928203e-01,3.200000e+00,-7.000000e-01,-1.200000e+00,-4.951742e-01,-8.976526e-01,-4.065237e-01,-1.248158e-01,2.550591e+02,1.032000e+02,1.479000e+02,2.791000e+02
-2.136370e-03,-5.442105e-03,6.842105e-03,-4.996842e-02,3.194553e-01,3.900000e+00,-1.600000e+00,-1.400000e+00,-4.228769e-01,-9.257526e-01,-5.564237e-01,-1.035158e-01,2.606694e+02,1.040000e+02,1.532000e+02,2.870000e+02
-3.461864e-03,-4.742105e-03,2.442105e-03,-5.076842e-02,7.313599e-01,3.800000e+00,-8.000000e-01,-1.100000e+00,-3.331232e-01,-9.063526e-01,-6.921237e-01,-9.451579e-02,2.895078e+02,1.138000e+02,1.503000e+02,3.154000e+02
-4.057857e-03,-4.242105e-03,-1.057895e-03,-5.086842e-02,8.833350e-01,3.900000e+00,-4.000000e-01,-1.100000e+00,-2.427277e-01,-8.285526e-01,-6.938237e-01,-8.481579e-02,3.321450e+02,1.176000e+02,1.343000e+02,3.604000e+02
-4.381952e-03,-4.042105e-03,-4.557895e-03,-5.046842e-02,7.138645e-01,3.000000e+00,0.000000e+00,-9.000000e-01,-1.484457e-01,-7.298526e-01,-6.426237e-01,-5.961579e-02,3.776842e+02,1.169000e+02,1.092000e+02,4.079000e+02
-4.903774e-03,-4.442105e-03,-6.557895e-03,-5.046842e-02,1.009327e+00,2.600000e+00,9.000000e-01,-6.000000e-01,-5.846785e-02,-6.261526e-01,-6.795237e-01,-5.461579e-02,4.185162e+02,1.245000e+02,7.690000e+01,4.425000e+02
-5.013911e-03,-4.442105e-03,-6.257895e-03,-5.096842e-02,1.803470e-01,1.700000e+00,1.000000e+00,-1.100000e+00,4.362989e-02,-4.972526e-01,-7.948237e-01,-5.941579e-02,4.493391e+02,1.341000e+02,4.480000e+01,4.641000e+02
-5.092250e-03,-4.942105e-03,-4.957895e-03,-5.146842e-02,5.952111e-02,1.000000e+00,1.200000e+00,-9.000000e-01,1.197796e-01,-3.819526e-01,-9.378237e-01,-8.691579e-02,4.597370e+02,1.384000e+02,2.860000e+01,4.694000e+02
-5.603912e-03,-5.042105e-03,-2.257895e-03,-5.316842e-02,1.595552e-01,-0.000000e+00,1.200000e+00,-2.000000e-01,1.624924e-01,-2.617526e-01,-1.069324e+00,-1.385158e-01,4.752266e+02,1.519000e+02,-1.400000e+00,4.723000e+02
-6.333830e-03,-5.542105e-03,1.242105e-03,-5.516842e-02,6.241314e-02,1.000000e-01,1.900000e+00,-6.000000e-01,1.937359e-01,-1.448526e-01,-1.191524e+00,-1.872158e-01,4.797977e+02,1.632000e+02,-2.590000e+01,4.657000e+02
-7.048177e-03,-5.642105e-03,4.142105e-03,-5.716842e-02,2.042726e-01,-3.000000e-01,1.900000e+00,-2.000000e-01,2.204519e-01,-7.526316e-04,-1.298724e+00,-2.407158e-01,4.497076e+02,1.411000e+02,-4.030000e+01,4.356000e+02
-7.365025e-03,-5.742105e-03,5.442105e-03,-5.816842e-02,3.577480e-02,-1.000000e+00,2.200000e+00,-1.000000e-01,2.101586e-01,1.109474e-01,-1.312724e+00,-2.908158e-01,3.998470e+02,1.196000e+02,-4.500000e+01,3.864000e+02
-7.009721e-03,-6.142105e-03,5.442105e-03,-5.776842e-02,-3.168116e-01,-1.100000e+00,2.000000e+00,-4.000000e-01,2.141067e-01,2.695474e-01,-1.409224e+00,-3.838158e-01,3.163960e+02,2.870000e+01,-6.070000e+01,3.180000e+02
-6.145174e-03,-6.342105e-03,4.842105e-03,-5.666842e-02,-1.887896e-01,-9.000000e-01,1.500000e+00,-2.000000e-01,2.215219e-01,4.234474e-01,-1.356424e+00,-4.338158e-01,2.187270e+02,-4.780000e+01,-4.100000e+01,2.406000e+02
-4.962631e-03,-6.842105e-03,3.442105e-03,-5.476842e-02,2.584218e-01,-6.000000e-01,1.700000e+00,1.000000e-01,2.193510e-01,5.771474e-01,-1.301424e+00,-4.923158e-01,1.761706e+02,-6.780000e+01,-4.020000e+01,2.000000e+02
-3.681050e-03,-7.242105e-03,1.642105e-03,-5.266842e-02,-3.100012e-01,-4.000000e-01,8.000000e-01,-4.000000e-01,2.204384e-01,7.492474e-01,-1.246524e+00,-5.504158e-01,1.076875e+02,-7.430000e+01,-4.510000e+01,1.240000e+02
-2.295927e-03,-7.742105e-03,-1.578947e-04,-5.036842e-02,-1.623920e-01,3.000000e-01,-5.000000e-01,-2.000000e-01,2.043313e-01,9.331474e-01,-1.162324e+00,-6.090158e-01,8.979641e+01,-1.770000e+01,-6.690000e+01,7.830000e+01
-9.852786e-04,-7.742105e-03,-2.157895e-03,-4.836842e-02,5.289187e-02,1.300000e+00,-8.000000e-01,-4.000000e-01,1.472184e-01,1.071147e+00,-1.010124e+00,-6.698158e-01,1.039348e+02,7.500000e+00,-8.050000e+01,8.080000e+01
7.604435e-05,-7.842105e-03,-3.657895e-03,-4.676842e-02,5.094908e-02,1.300000e+00,-8.000000e-01,-4.000000e-01,1.003259e-01,1.190847e+00,-8.399237e-01,-7.063158e-01,1.359159e+02,2.380000e+01,-9.460000e+01,1.058000e+02
1.107398e-03,-7.442105e-03,-5.457895e-03,-4.536842e-02,1.401215e-01,1.900000e+00,-1.500000e+00,-4.000000e-01,5.491096e-02,1.262847e+00,-6.713237e-01,-7.301158e-01,1.899761e+02,6.380000e+01,-1.339000e+02,1.371000e+02
2.108170e-03,-7.042105e-03,-7.357895e-03,-4.396842e-02,1.768281e-01,2.100000e+00,-1.700000e+00,-4.000000e-01,3.724865e-03,1.259447e+00,-4.783237e-01,-7.295158e-01,2.112663e+02,7.150000e+01,-1.527000e+02,1.505000e+02
2.764443e-03,-7.242105e-03,-7.957895e-03,-4.306842e-02,-3.467216e-01,1.600000e+00,-1.200000e+00,-9.000000e-01,1.066475e-02,1.240547e+00,-3.133237e-01,-6.702158e-01,2.139776e+02,6.480000e+01,-1.562000e+02,1.544000e+02
2.389361e-03,-6.942105e-03,-8.157895e-03,-4.376842e-02,-1.109511e+00,1.000000e-01,-1.800000e+00,-8.000000e-01,6.696569e-02,1.168547e+00,-1.023237e-01,-5.097158e-01,1.729370e+02,1.110000e+02,-1.389000e+02,9.680000e+01
1.956087e-03,-7.542105e-03,-8.957895e-03,-4.386842e-02,-7.742952e-01,-2.000000e-01,-1.300000e+00,-4.000000e-01,1.195541e-01,1.086647e+00,1.876316e-03,-3.984158e-01,4.161756e+01,7.850000e+01,-1.022000e+02,-2.690000e+01
2.771763e-03,-6.842105e-03,-8.157895e-03,-4.366842e-02,-1.039387e+00,4.000000e-01,-2.700000e+00,-6.000000e-01,1.033664e-01,1.024147e+00,3.301763e-01,-2.559158e-01,-1.417876e+01,2.200000e+01,2.280000e+01,-1.640000e+01
3.098354e-03,-6.842105e-03,-6.357895e-03,-4.396842e-02,-6.260517e-01,3.000000e-01,-2.900000e+00,0.000000e+00,9.450830e-02,8.536474e-01,4.472763e-01,-1.474158e-01,9.500465e+00,2.060000e+01,1.350000e+01,7.800000e+00
2.757560e-03,-6.242105e-03,-3.157895e-03,-4.576842e-02,-1.655875e+00,-5.000000e-01,-4.800000e+00,-2.000000e-01,9.434622e-02,6.323474e-01,3.906763e-01,-8.261579e-02,-6.348596e-01,1.100000e+00,-2.060000e+01,-9.500000e+00
2.536961e-03,-6.042105e-03,5.421053e-04,-4.736842e-02,-1.269121e+00,-1.000000e+00,-4.100000e+00,3.000000e-01,1.072681e-01,4.753474e-01,4.155763e-01,6.884211e-03,-4.372859e+00,-8.500000e+00,-1.580000e+01,-7.800000e+00
1.574142e-03,-5.242105e-03,4.042105e-03,-5.006842e-02,-1.192441e+00,-1.700000e+00,-4.900000e+00,1.000000e+00,9.861210e-02,3.167474e-01,4.697763e-01,8.868421e-02,-6.300184e+00,-1.490000e+01,9.800000e+00,3.100000e+00
1.808420e-03,-5.842105e-03,8.042105e-03,-5.076842e-02,-2.184026e+00,-3.900000e+00,-4.600000e+00,9.000000e-01,1.070461e-01,1.845474e-01,4.621763e-01,1.537842e-01,-3.130211e+00,-1.430000e+01,4.300000e+00,4.300000e+00
2.125131e-03,-5.242105e-03,1.034211e-02,-5.146842e-02,-2.402553e+00,-5.300000e+00,-4.700000e+00,1.400000e+00,1.398035e-01,1.139474e-01,4.044763e-01,2.002842e-01,-4.018847e+00,-1.600000e+01,5.500000e+00,4.500000e+00
2.499586e-03,-5.042105e-03,1.194211e-02,-5.166842e-02,-1.787418e+00,-4.600000e+00,-4.900000e+00,1.800000e+00,1.498052e-01,7.624737e-02,3.052763e-01,1.878842e-01,-2.757059e+00,-7.600000e+00,2.000000e+00,9.000000e-01
4.270858e-03,-4.842105e-03,1.204211e-02,-4.976842e-02,-1.640038e+00,-4.100000e+00,-5.900000e+00,2.000000e+00,9.318264e-02,3.324737e-02,2.641763e-01,1.233842e-01,-4.878120e+00,5.000000e-01,2.900000e+00,-4.700000e+00
6.291665e-03,-3.342105e-03,1.424211e-02,-4.886842e-02,-2.460851e+00,-5.000000e+00,-6.900000e+00,1.800000e+00,5.327268e-02,-1.495263e-02,2.011763e-01,7.148421e-02,-5.144272e+00,3.600000e+00,2.300000e+00,-6.600000e+00
6.049881e-03,-2.642105e-03,1.444211e-02,-4.956842e-02,-2.417654e+00,-5.200000e+00,-8.100000e+00,2.300000e+00,5.765330e-02,-9.875263e-02,-8.492368e-02,-5.615789e-03,-3.393232e+00,1.020000e+01,-3.200000e+00,-9.700000e+00
6.081764e-03,-9.421053e-04,1.334211e-02,-5.006842e-02,-3.090532e+00,-6.200000e+00,-8.700000e+00,2.200000e+00,3.810183e-02,-1.057526e-01,-1.439237e-01,-4.951579e-02,-3.941848e+00,1.480000e+01,-5.500000e+00,-1.330000e+01
7.201038e-03,3.578947e-04,1.184211e-02,-4.896842e-02,-3.001173e+00,-6.800000e+00,-8.700000e+00,2.600000e+00,1.207880e-02,-8.825263e-02,-4.072368e-02,-4.481579e-02,-3.433263e+00,1.910000e+01,-6.000000e+00,-1.480000e+01
7.418675e-03,1.657895e-03,1.024211e-02,-4.886842e-02,-3.410089e+00,-7.900000e+00,-9.800000e+00,3.000000e+00,7.745546e-03,-1.018526e-01,-7.082368e-02,-5.601579e-02,-3.136334e+00,2.080000e+01,-5.000000e+00,-1.480000e+01
8.426304e-03,2.357895e-03,8.742105e-03,-4.756842e-02,-3.393324e+00,-7.900000e+00,-9.800000e+00,3.000000e+00,1.460146e-02,-1.076526e-01,-1.336237e-01,-7.061579e-02,-2.164755e+00,2.020000e+01,-5.200000e+00,-1.350000e+01
8.987153e-03,4.857895e-03,7.742105e-03,-4.786842e-02,-2.264647e+00,-8.000000e+00,-9.300000e+00,4.200000e+00,1.520838e-02,-9.985263e-02,-1.291237e-01,-7.131579e-02,-6.999762e-01,1.520000e+01,-3.700000e+00,-9.000000e+00
8.487238e-03,5.957895e-03,9.542105e-03,-4.946842e-02,-9.393907e-01,-7.600000e+00,-9.600000e+00,5.600000e+00,1.036014e-02,-1.034526e-01,-1.026237e-01,-6.461579e-02,-1.204127e+00,1.330000e+01,4.000000e-01,-7.100000e+00
8.281261e-03,7.657895e-03,1.114211e-02,-5.096842e-02,6.139283e-01,-8.900000e+00,-8.000000e+00,7.600000e+00,6.585267e-03,-1.024526e-01,-6.762368e-02,-5.541579e-02,-1.030043e+00,8.500000e+00,1.100000e+00,-4.500000e+00
9.898371e-03,5.857895e-03,2.044211e-02,-5.066842e-02,7.276192e+00,-5.700000e+00,-9.200000e+00,1.400000e+01,4.520193e-03,-1.004526e-01,-3.992368e-02,-4.761579e-02,-4.431347e-01,6.200000e+00,1.600000e+00,-2.600000e+00
5.477976e-03,9.457895e-03,2.384211e-02,-5.856842e-02,1.682954e+01,2.000000e-01,-3.100000e+00,2.030000e+01,6.271180e-03,-9.465263e-02,-2.562368e-02,-4.241579e-02,-8.305607e-01,3.000000e+00,1.700000e+00,-1.600000e+00
4.476359e-03,5.857895e-03,2.784211e-02,-5.886842e-02,2.844600e+01,1.700000e+00,-3.000000e-01,3.220000e+01,1.021184e-02,-8.715263e-02,-8.723684e-03,-3.431579e-02,-5.414406e-01,-5.000000e-01,2.000000e+00,4.000000e-01
2.266288e-03,2.557895e-03,3.974211e-02,-6.296842e-02,5.512390e+01,1.570000e+01,7.900000e+00,5.360000e+01,1.193146e-02,-8.365263e-02,7.076316e-03,-2.741579e-02,-6.624385e-01,-1.200000e+00,3.300000e+00,1.100000e+00
-3.411296e-04,-3.142105e-03,6.234211e-02,-6.916842e-02,6.933427e+01,1.930000e+01,1.150000e+01,6.720000e+01,1.146399e-02,-8.335263e-02,1.667632e-02,-2.411579e-02,2.464643e-03,-2.300000e+00,2.900000e+00,2.200000e+00
-1.076313e-03,-1.184211e-02,7.434211e-02,-6.886842e-02,1.194544e+02,4.950000e+01,2.050000e+01,1.072000e+02,1.083298e-02,-8.625263e-02,2.297632e-02,-2.091579e-02,3.799875e-01,-1.900000e+00,2.000000e+00,2.100000e+00
-2.186976e-03,-1.904211e-02,9.554211e-02,-7.246842e-02,1.602459e+02,7.210000e+01,2.960000e+01,1.403000e+02,7.726504e-03,-8.605263e-02,2.467632e-02,-2.381579e-02,-5.098589e-02,-3.800000e+00,1.200000e+00,2.100000e+00
-5.265768e-03,-2.084211e-02,1.246421e-01,-8.326842e-02,1.807447e+02,7.590000e+01,3.790000e+01,1.598000e+02,5.478168e-03,-9.215263e-02,2.267632e-02,-2.451579e-02,2.872182e-01,-3.800000e+00,3.600000e+00,3.500000e+00
-5.374877e-03,-2.124211e-02,1.411421e-01,-8.756842e-02,1.982551e+02,7.560000e+01,4.380000e+01,1.786000e+02,4.406802e-03,-9.435263e-02,1.717632e-02,-2.701579e-02,4.516502e-01,-4.500000e+00,2.400000e+00,3.500000e+00
-7.093069e-03,-2.264211e-02,1.515421e-01,-9.156842e-02,2.206752e+02,8.610000e+01,5.120000e+01,1.971000e+02,5.342794e-03,-9.585263e-02,1.467632e-02,-2.621579e-02,-2.805766e-01,-5.600000e+00,2.100000e+00,3.000000e+00
-9.930044e-03,-2.174211e-02,1.559421e-01,-9.636842e-02,2.307202e+02,8.940000e+01,5.560000e+01,2.058000e+02,4.587423e-03,-9.675263e-02,1.247632e-02,-2.751579e-02,1.800145e-01,-7.800000e+00,2.100000e+00,4.500000e+00
-7.270898e-03,-2.614211e-02,1.621421e-01,-9.256842e-02,2.480425e+02,9.620000e+01,6.080000e+01,2.209000e+02,4.747816e-03,-9.705263e-02,8.176316e-03,-2.891579e-02,1.507318e-01,-8.100000e+00,2.100000e+00,4.600000e+00
-7.770660e-03,-2.344211e-02,1.641421e-01,-9.496842e-02,2.662835e+02,1.049000e+02,6.670000e+01,2.359000e+02,3.159187e-03,-9.835263e-02,5.576316e-03,-3.121579e-02,-8.257235e-01,-1.010000e+01,4.800000e+00,5.500000e+00
-5.908346e-03,-2.064211e-02,1.594421e-01,-9.296842e-02,2.823152e+02,1.124000e+02,7.430000e+01,2.485000e+02,2.844317e-03,-9.905263e-02,4.276316e-03,-3.171579e-02,-9.393225e-01,-1.000000e+01,4.500000e+00,5.200000e+00
-6.981973e-03,-2.154211e-02,1.438421e-01,-8.966842e-02,2.963611e+02,1.193000e+02,8.160000e+01,2.592000e+02,3.562301e-03,-9.905263e-02,3.576316e-03,-3.101579e-02,-1.151581e+00,-1.190000e+01,5.000000e+00,6.000000e+00
-7.605010e-03,-1.694211e-02,1.387421e-01,-9.146842e-02,3.111570e+02,1.248000e+02,9.100000e+01,2.709000e+02,2.620112e-03,-9.835263e-02,2.976316e-03,-3.251579e-02,-1.273216e+00,-1.210000e+01,6.000000e+00,6.400000e+00
-9.440051e-03,-1.454211e-02,1.186421e-01,-8.966842e-02,3.254398e+02,1.325000e+02,1.009000e+02,2.808000e+02,6.436088e-06,-9.965263e-02,1.187632e-02,-3.081579e-02,-3.993439e+00,-1.110000e+01,7.600000e+00,3.500000e+00
-9.676839e-03,-1.864211e-02,9.274211e-02,-8.136842e-02,3.317041e+02,1.354000e+02,1.044000e+02,2.856000e+02,3.133481e-03,-1.018526e-01,-1.723684e-03,-3.221579e-02,-2.572325e+00,-1.310000e+01,1.100000e+01,7.600000e+00
-1.141960e-02,-2.414211e-02,7.864211e-02,-7.726842e-02,3.446661e+02,1.384000e+02,1.090000e+02,2.977000e+02,-5.208712e-04,-1.011526e-01,5.176316e-03,-3.341579e-02,-1.169080e+00,-1.100000e+01,5.200000e+00,5.700000e+00
-1.240242e-02,-2.714211e-02,6.764211e-02,-7.436842e-02,3.544643e+02,1.417000e+02,1.142000e+02,3.059000e+02,-1.387603e-04,-1.053526e-01,3.276316e-03,-3.181579e-02,-4.417426e+00,-1.370000e+01,7.100000e+00,3.900000e+00
-1.391328e-02,-2.894211e-02,5.584211e-02,-7.246842e-02,3.645765e+02,1.468000e+02,1.188000e+02,3.138000e+02,5.735191e-04,-1.049526e-01,-1.392368e-02,-3.901579e-02,9.228071e-01,-1.300000e+01,3.000000e+00,8.000000e+00
-1.523685e-02,-3.154211e-02,5.014211e-02,-7.156842e-02,3.695571e+02,1.466000e+02,1.204000e+02,3.191000e+02,-3.227177e-04,-1.075526e-01,-9.023684e-03,-3.641579e-02,-2.310362e-01,-1.220000e+01,5.300000e+00,7.400000e+00
-1.521525e-02,-3.054211e-02,4.494211e-02,-7.076842e-02,3.696158e+02,1.418000e+02,1.234000e+02,3.205000e+02,-1.186650e-03,-1.074526e-01,-1.152368e-02,-3.841579e-02,-6.440930e-01,-1.350000e+01,3.300000e+00,6.500000e+00
-1.424947e-02,-2.604211e-02,3.754211e-02,-6.986842e-02,3.674767e+02,1.466000e+02,1.268000e+02,3.152000e+02,-5.702627e-04,-1.116526e-01,-3.723684e-03,-3.181579e-02,-4.014204e+00,-1.520000e+01,8.400000e+00,5.700000e+00
-8.598293e-03,2.578947e-04,2.394211e-02,-7.086842e-02,3.583776e+02,1.468000e+02,1.258000e+02,3.053000e+02,2.416105e-04,-1.104526e-01,-2.422368e-02,-4.111579e-02,2.230003e+00,-1.700000e+01,5.000000e-01,1.000000e+01
-8.298473e-03,2.475789e-02,2.294211e-02,-7.986842e-02,3.376823e+02,1.423000e+02,1.213000e+02,2.854000e+02,-8.005384e-06,-1.134526e-01,-1.892368e-02,-3.721579e-02,7.741697e-03,-1.460000e+01,5.400000e+00,8.800000e+00
-6.804101e-03,5.665789e-02,2.904211e-02,-9.186842e-02,3.170291e+02,1.389000e+02,1.155000e+02,2.655000e+02,2.956556e-03,-1.151526e-01,-3.272368e-02,-3.961579e-02,1.644992e+00,-1.630000e+01,1.500000e+00,9.500000e+00
-6.641344e-03,8.895789e-02,3.634211e-02,-1.053684e-01,2.946114e+02,1.313000e+02,1.068000e+02,2.461000e+02,-2.105477e-03,-1.129526e-01,-2.442368e-02,-4.201579e-02,8.837529e-02,-1.480000e+01,4.200000e+00,8.400000e+00
-2.633730e-03,1.210579e-01,4.944211e-02,-1.157684e-01,2.728268e+02,1.146000e+02,9.750000e+01,2.310000e+02,3.149087e-03,-1.166526e-01,-3.562368e-02,-3.961579e-02,1.743117e+00,-1.640000e+01,1.200000e+00,9.500000e+00
6.347313e-04,1.491579e-01,6.124211e-02,-1.248684e-01,2.498951e+02,9.660000e+01,8.800000e+01,2.151000e+02,1.076027e-03,-1.138526e-01,-4.222368e-02,-4.641579e-02,1.138206e+00,-1.470000e+01,4.300000e+00,9.700000e+00
-4.317855e-04,1.712579e-01,6.734211e-02,-1.348684e-01,2.344024e+02,8.930000e+01,8.140000e+01,2.026000e+02,-5.553392e-04,-1.173526e-01,-3.192368e-02,-4.111579e-02,6.208383e-01,-1.450000e+01,2.600000e+00,8.100000e+00
-3.121412e-03,1.910579e-01,6.264211e-02,-1.431684e-01,2.221805e+02,7.950000e+01,6.660000e+01,1.969000e+02,8.518219e-04,-1.165526e-01,-4.112368e-02,-4.431579e-02,-3.986607e-01,-1.470000e+01,3.800000e+00,7.600000e+00
-4.129141e-03,2.088579e-01,5.724211e-02,-1.491684e-01,2.068496e+02,7.680000e+01,5.500000e+01,1.843000e+02,3.173477e-03,-1.179526e-01,-5.062368e-02,-4.571579e-02,7.148840e-01,-1.630000e+01,3.600000e+00,9.500000e+00
-5.660115e-03,2.224579e-01,5.424211e-02,-1.552684e-01,1.919666e+02,7.380000e+01,4.620000e+01,1.715000e+02,3.291560e-03,-1.154526e-01,-6.412368e-02,-5.371579e-02,1.202435e+00,-1.320000e+01,5.000000e+00,9.600000e+00
-8.400825e-03,2.174579e-01,5.854211e-02,-1.582684e-01,1.757762e+02,6.430000e+01,3.670000e+01,1.598000e+02,1.524000e-03,-1.187526e-01,-4.992368e-02,-4.631579e-02,2.481221e-01,-1.310000e+01,4.800000e+00,8.300000e+00
-8.691905e-03,2.102579e-01,4.884211e-02,-1.539684e-01,1.613899e+02,5.480000e+01,2.610000e+01,1.504000e+02,2.636600e-03,-1.175526e-01,-6.012368e-02,-5.081579e-02,-2.095153e-02,-1.380000e+01,7.000000e+00,9.500000e+00
-9.493318e-03,1.953579e-01,3.444211e-02,-1.461684e-01,1.485434e+02,4.890000e+01,1.790000e+01,1.407000e+02,3.249513e-03,-1.177526e-01,-6.202368e-02,-5.071579e-02,-1.307253e-01,-1.360000e+01,7.000000e+00,9.300000e+00
-1.012194e-02,1.780579e-01,1.374211e-02,-1.354684e-01,1.431455e+02,4.670000e+01,1.410000e+01,1.366000e+02,3.399247e-03,-1.208526e-01,-6.182368e-02,-4.881579e-02,-1.515142e-01,-1.320000e+01,8.000000e+00,9.700000e+00
-1.856555e-02,1.574579e-01,-1.125789e-02,-1.310684e-01,1.316215e+02,4.160000e+01,5.700000e+00,1.281000e+02,1.520038e-03,-1.211526e-01,-6.612368e-02,-5.311579e-02,1.329531e+00,-1.210000e+01,5.600000e+00,9.700000e+00
-2.817163e-02,1.347579e-01,-3.025789e-02,-1.288684e-01,1.190756e+02,3.590000e+01,-2.400000e+00,1.186000e+02,1.372052e-03,-1.242526e-01,-6.612368e-02,-5.171579e-02,9.691697e-01,-1.100000e+01,5.200000e+00,8.600000e+00
-3.805882e-02,1.110579e-01,-4.465789e-02,-1.277684e-01,1.065993e+02,3.210000e+01,-8.900000e+00,1.080000e+02,2.990492e-04,-1.258526e-01,-6.862368e-02,-5.351579e-02,1.730039e+00,-1.040000e+01,4.000000e+00,8.600000e+00
-2.269696e-02,9.885789e-02,-3.615789e-02,-1.085684e-01,9.130044e+01,1.820000e+01,6.900000e+00,9.210000e+01,-1.591005e-03,-1.297526e-01,-7.292368e-02,-5.651579e-02,2.132421e+00,-9.300000e+00,2.200000e+00,7.600000e+00
-2.837478e-02,5.545789e-02,-3.075789e-02,-9.916842e-02,7.242410e+01,5.300000e+00,1.360000e+01,7.440000e+01,-5.057287e-03,-1.341526e-01,-6.942368e-02,-5.661579e-02,3.211257e+00,-8.500000e+00,0.000000e+00,7.300000e+00
-4.569570e-02,-2.742105e-03,-3.475789e-02,-9.436842e-02,5.805323e+01,6.600000e+00,1.580000e+01,5.740000e+01,-7.173795e-03,-1.375526e-01,-7.102368e-02,-5.851579e-02,3.404351e+00,-7.800000e+00,-1.100000e+00,6.600000e+00
-5.016165e-02,-5.874211e-02,-3.455789e-02,-7.756842e-02,5.021259e+01,5.700000e+00,2.570000e+01,4.650000e+01,-9.692196e-03,-1.414526e-01,-7.292368e-02,-6.091579e-02,3.849170e+00,-7.200000e+00,-2.600000e+00,6.000000e+00
-6.430386e-02,-1.407421e-01,-2.835789e-02,-6.386842e-02,3.227989e+01,-1.300000e+00,3.860000e+01,2.610000e+01,-1.254276e-02,-1.455526e-01,-7.442368e-02,-6.341579e-02,5.394656e+00,-6.400000e+00,-5.200000e+00,6.000000e+00
-7.182588e-02,-2.411421e-01,-1.805789e-02,-3.906842e-02,1.923638e+01,-7.500000e+00,5.470000e+01,1.000000e+01,-1.607496e-02,-1.500526e-01,-7.512368e-02,-6.611579e-02,6.624096e+00,-5.400000e+00,-8.800000e+00,4.900000e+00
-7.064269e-02,-3.603421e-01,-1.475789e-02,1.315789e-04,1.496639e+01,-1.240000e+01,7.460000e+01,2.100000e+00,-1.840356e-02,-1.520526e-01,-7.792368e-02,-6.961579e-02,6.757477e+00,-5.100000e+00,-1.030000e+01,4.000000e+00
-7.275375e-02,-5.212421e-01,-2.565789e-02,4.673158e-02,6.622387e+00,-3.690000e+01,1.047000e+02,-6.000000e+00,-2.064887e-02,-1.555526e-01,-7.992368e-02,-7.191579e-02,8.735570e+00,-3.800000e+00,-1.530000e+01,2.800000e+00
-3.692863e-02,-6.055421e-01,-3.025789e-02,1.070316e-01,6.080719e+00,-3.840000e+01,5.920000e+01,4.700000e+00,-2.123018e-02,-1.567526e-01,-8.552368e-02,-7.531579e-02,1.105086e+01,-2.200000e+00,-2.010000e+01,2.000000e+00
1.016154e-02,-6.069421e-01,-9.235789e-02,1.701316e-01,-8.173764e+00,-1.740000e+01,7.700000e+00,-5.200000e+00,-1.827312e-02,-1.533526e-01,-9.232368e-02,-7.691579e-02,1.238840e+01,-2.600000e+00,-2.120000e+01,3.100000e+00
7.903666e-02,-5.916421e-01,-6.405789e-02,2.305316e-01,-5.759449e+00,-5.700000e+00,1.000000e+01,-6.700000e+00,-1.305297e-02,-1.501526e-01,-9.172368e-02,-7.091579e-02,1.239075e+01,-1.700000e+00,-2.230000e+01,2.000000e+00
8.503108e-02,-6.062421e-01,-4.945789e-02,2.378316e-01,1.881856e+00,5.900000e+00,-8.200000e+00,2.100000e+00,-6.781667e-03,-1.442526e-01,-1.036237e-01,-7.271579e-02,1.406468e+01,-1.300000e+00,-2.230000e+01,3.900000e+00
1.010690e-01,-5.741421e-01,-5.885789e-02,2.488316e-01,-6.613483e-01,8.800000e+00,-2.400000e+01,2.100000e+00,-6.675337e-03,-1.448526e-01,-1.125237e-01,-7.771579e-02,1.577672e+01,2.300000e+00,-2.870000e+01,4.000000e-01
1.001036e-01,-5.306421e-01,-8.475789e-02,2.411316e-01,-1.599991e+00,1.460000e+01,-1.580000e+01,-2.500000e+00,-7.146165e-03,-1.430526e-01,-1.144237e-01,-7.991579e-02,1.618578e+01,2.600000e+00,-3.200000e+01,-1.400000e+00
1.057531e-01,-4.622421e-01,-1.111579e-01,2.325316e-01,-2.077690e+00,1.640000e+01,-8.100000e+00,-5.300000e+00,-8.403248e-03,-1.423526e-01,-1.142237e-01,-8.131579e-02,1.598691e+01,6.000000e+00,-3.330000e+01,-4.000000e+00
1.096196e-01,-3.788421e-01,-1.213579e-01,2.138316e-01,-2.503821e+00,1.620000e+01,-7.100000e+00,-5.900000e+00,-8.097530e-03,-1.408526e-01,-1.189237e-01,-8.431579e-02,1.594333e+01,1.040000e+01,-3.420000e+01,-6.600000e+00
1.075554e-01,-2.746421e-01,-1.174579e-01,1.793316e-01,-2.361506e+00,1.570000e+01,-7.400000e+00,-5.500000e+00,-7.026438e-03,-1.377526e-01,-1.232237e-01,-8.681579e-02,1.552029e+01,1.260000e+01,-3.380000e+01,-7.900000e+00
1.147265e-01,-1.239421e-01,-1.037579e-01,1.384316e-01,-1.571293e+00,1.390000e+01,-6.100000e+00,-4.400000e+00,-4.766828e-03,-1.320526e-01,-1.230237e-01,-8.611579e-02,1.359873e+01,1.610000e+01,-3.080000e+01,-1.000000e+01
8.949047e-02,-4.714211e-02,-9.515789e-02,8.633158e-02,-1.674594e+00,1.160000e+01,-5.700000e+00,-3.900000e+00,-2.509129e-03,-1.258526e-01,-1.185237e-01,-8.291579e-02,1.170626e+01,1.700000e+01,-2.870000e+01,-1.150000e+01
5.539977e-02,-4.674211e-02,-2.615789e-02,3.303158e-02,-1.476605e+00,1.000000e+01,-6.500000e+00,-3.000000e+00,-2.872121e-03,-1.204526e-01,-1.102237e-01,-8.031579e-02,1.126065e+01,1.680000e+01,-2.560000e+01,-1.000000e+01
-2.411411e-02,-7.234211e-02,-6.625789e-02,-3.476842e-02,-1.185034e+00,8.200000e+00,-7.900000e+00,-1.800000e+00,-4.965128e-03,-1.138526e-01,-1.059237e-01,-8.311579e-02,1.156990e+01,1.420000e+01,-2.400000e+01,-7.400000e+00
-2.518014e-02,-3.754211e-02,-8.615789e-02,-4.146842e-02,-2.519338e+00,8.000000e+00,-9.400000e+00,-2.800000e+00,-7.950029e-03,-1.098526e-01,-8.582368e-02,-7.551579e-02,1.361178e+01,9.100000e+00,-2.640000e+01,-4.000000e+00
-2.557416e-02,-3.114211e-02,-6.625789e-02,-4.866842e-02,-2.537735e+00,7.700000e+00,-9.500000e+00,-2.700000e+00,-4.692511e-03,-1.003526e-01,-6.842368e-02,-6.421579e-02,1.538462e+01,7.100000e+00,-2.760000e+01,-1.600000e+00
-2.209253e-02,-3.804211e-02,-4.055789e-02,-4.916842e-02,-2.358309e+00,6.700000e+00,-9.100000e+00,-2.300000e+00,-1.379364e-03,-9.315263e-02,-5.252368e-02,-5.251579e-02,1.670101e+01,1.000000e+00,-3.000000e+01,1.400000e+00
-1.478946e-02,-3.874211e-02,-1.885789e-02,-4.646842e-02,-2.318943e+00,7.300000e+00,-8.400000e+00,-2.600000e+00,2.557946e-03,-8.565263e-02,-3.962368e-02,-4.171579e-02,2.089136e+01,-6.400000e+00,-3.600000e+01,6.400000e+00
-9.782255e-03,-3.574211e-02,-1.325789e-02,-4.336842e-02,-2.723331e+00,6.900000e+00,-7.200000e+00,-3.200000e+00,6.929129e-03,-7.775263e-02,-2.892368e-02,-3.171579e-02,2.796444e+01,-7.800000e+00,-4.280000e+01,1.170000e+01
-6.451329e-03,-3.124211e-02,-1.455789e-02,-4.076842e-02,-2.124566e+00,7.100000e+00,-4.800000e+00,-3.200000e+00,8.957874e-03,-7.335263e-02,-1.422368e-02,-2.001579e-02,3.931470e+01,-7.500000e+00,-4.950000e+01,2.180000e+01
-1.406811e-03,-2.844211e-02,-1.225789e-02,-3.666842e-02,-1.820096e+00,6.400000e+00,-2.600000e+00,-3.200000e+00,1.087078e-02,-6.935263e-02,-5.323684e-03,-1.211579e-02,5.773804e+01,1.700000e+00,-5.840000e+01,3.520000e+01
2.616462e-03,-2.464211e-02,-1.225789e-02,-3.336842e-02,-1.550504e+00,7.000000e+00,-1.700000e+00,-3.300000e+00,1.171460e-02,-6.975263e-02,1.876316e-03,-4.915789e-03,9.128566e+01,2.360000e+01,-7.180000e+01,5.890000e+01
5.720932e-03,-2.084211e-02,-1.305789e-02,-3.086842e-02,-1.374292e+00,6.400000e+00,-3.400000e+00,-2.500000e+00,1.679661e-02,-7.955263e-02,1.176316e-03,6.784211e-03,1.250036e+02,4.770000e+01,-8.310000e+01,8.310000e+01
7.288953e-03,-1.604211e-02,-9.557895e-03,-3.136842e-02,-1.628649e+00,5.500000e+00,-3.400000e+00,-2.500000e+00,1.617520e-02,-9.225263e-02,1.777632e-02,2.328421e-02,2.046296e+02,9.500000e+01,-1.126000e+02,1.433000e+02
7.758734e-03,-1.204211e-02,-6.457895e-03,-3.266842e-02,-1.410885e+00,5.300000e+00,-1.800000e+00,-2.600000e+00,9.032913e-03,-1.086526e-01,5.497632e-02,4.608421e-02,2.885388e+02,1.365000e+02,-1.416000e+02,2.125000e+02
6.586894e-03,-1.234211e-02,-9.757895e-03,-3.286842e-02,-7.795806e-01,6.200000e+00,-1.700000e+00,-2.200000e+00,1.417348e-03,-1.258526e-01,1.014763e-01,7.408421e-02,3.673575e+02,1.668000e+02,-1.710000e+02,2.805000e+02
6.694505e-03,-9.942105e-03,-7.457895e-03,-3.386842e-02,-6.348508e-01,4.600000e+00,-1.600000e+00,-1.600000e+00,-1.352133e-02,-1.336526e-01,1.606763e-01,9.788421e-02,3.819193e+02,1.468000e+02,-1.845000e+02,3.008000e+02
5.873855e-03,-1.104211e-02,-5.057895e-03,-3.486842e-02,-2.110719e-01,4.200000e+00,-1.300000e+00,-1.100000e+00,-2.089323e-02,-1.473526e-01,1.904763e-01,1.163842e-01,3.926664e+02,1.372000e+02,-1.999000e+02,3.094000e+02
3.652196e-03,-1.164211e-02,-1.957895e-03,-3.766842e-02,-9.360282e-01,2.200000e+00,-1.300000e+00,-1.300000e+00,-1.308352e-02,-1.609526e-01,1.689763e-01,1.198842e-01,4.017097e+02,1.436000e+02,-2.086000e+02,3.121000e+02
2.721839e-03,-1.344211e-02,1.742105e-03,-3.886842e-02,-7.526970e-01,1.400000e+00,-4.000000e-01,-1.100000e+00,-8.097992e-03,-1.756526e-01,1.426763e-01,1.165842e-01,4.103696e+02,1.508000e+02,-2.164000e+02,3.145000e+02
4.856187e-04,-1.474211e-02,4.542105e-03,-4.136842e-02,-3.308655e-01,7.000000e-01,-2.000000e-01,-5.000000e-01,-8.819487e-03,-1.880526e-01,1.245763e-01,1.101842e-01,4.081743e+02,1.526000e+02,-2.223000e+02,3.067000e+02
-1.423568e-03,-1.554211e-02,6.142105e-03,-4.336842e-02,-1.820031e-01,2.000000e-01,-1.000000e+00,0.000000e+00,-8.693013e-03,-1.930526e-01,1.001763e-01,9.728421e-02,3.957647e+02,1.457000e+02,-2.210000e+02,2.948000e+02
-3.245851e-03,-1.464211e-02,6.342105e-03,-4.536842e-02,-3.457544e-01,-7.000000e-01,-3.000000e-01,-1.000000e-01,-1.424665e-02,-1.879526e-01,7.777632e-02,7.338421e-02,3.810817e+02,1.386000e+02,-2.178000e+02,2.813000e+02
-5.470193e-03,-1.524211e-02,4.542105e-03,-4.686842e-02,-2.325034e-01,-9.000000e-01,0.000000e+00,0.000000e+00,-1.474209e-02,-1.780526e-01,3.217632e-02,3.768421e-02,3.615700e+02,1.312000e+02,-2.099000e+02,2.648000e+02
-6.850231e-03,-1.544211e-02,3.942105e-03,-4.786842e-02,-6.216995e-01,-1.600000e+00,-1.000000e-01,-2.000000e-01,-1.095160e-02,-1.635526e-01,-3.642368e-02,-1.111579e-02,3.358083e+02,1.238000e+02,-1.958000e+02,2.443000e+02
-8.382522e-03,-1.554211e-02,3.042105e-03,-4.896842e-02,-4.895154e-01,-2.100000e+00,2.000000e-01,0.000000e+00,-8.192620e-03,-1.437526e-01,-1.143237e-01,-7.111579e-02,3.210295e+02,1.188000e+02,-1.870000e+02,2.334000e+02
-9.955125e-03,-1.604211e-02,8.421053e-04,-4.966842e-02,-5.384699e-01,-2.300000e+00,6.000000e-01,-1.000000e-01,-5.983131e-04,-1.291526e-01,-2.114237e-01,-1.362158e-01,2.849941e+02,1.049000e+02,-1.648000e+02,2.083000e+02
-1.021078e-02,-1.604211e-02,-1.957895e-03,-4.896842e-02,-2.538309e-01,-2.500000e+00,0.000000e+00,4.000000e-01,-1.678884e-03,-1.033526e-01,-2.833237e-01,-2.021158e-01,2.449992e+02,9.190000e+01,-1.380000e+02,1.807000e+02
-1.058565e-02,-1.554211e-02,-7.857895e-03,-4.776842e-02,-3.570416e-01,-1.600000e+00,6.000000e-01,-1.000000e-01,-2.025589e-02,-7.245263e-02,-3.002237e-01,-2.557158e-01,2.054272e+02,8.110000e+01,-1.087000e+02,1.543000e+02
-1.121632e-02,-1.524211e-02,-1.175789e-02,-4.726842e-02,-1.842215e-01,-8.000000e-01,1.300000e+00,-3.000000e-01,-3.491775e-02,-3.825263e-02,-3.187237e-01,-3.066158e-01,1.668404e+02,7.440000e+01,-7.770000e+01,1.283000e+02
-1.040524e-02,-1.474211e-02,-1.545789e-02,-4.536842e-02,-2.188126e-01,-4.000000e-01,3.000000e-01,-2.000000e-01,-4.737556e-02,-5.152632e-03,-3.376237e-01,-3.534158e-01,1.267507e+02,6.560000e+01,-4.610000e+01,1.019000e+02
-9.816499e-03,-1.344211e-02,-1.885789e-02,-4.396842e-02,-4.731948e-01,1.000000e+00,1.400000e+00,-1.100000e+00,-6.074502e-02,2.514737e-02,-3.520237e-01,-3.959158e-01,1.049651e+02,5.970000e+01,-3.090000e+01,8.680000e+01
-8.997689e-03,-1.464211e-02,-2.035789e-02,-4.216842e-02,-4.120034e-01,1.900000e+00,3.000000e-01,-1.000000e+00,-7.372815e-02,5.024737e-02,-3.613237e-01,-4.304158e-01,6.026735e+01,4.600000e+01,1.700000e+00,5.760000e+01
-7.771262e-03,-1.454211e-02,-2.235789e-02,-4.016842e-02,-5.955237e-01,2.700000e+00,-1.000000e-01,-1.300000e+00,-8.479649e-02,7.044737e-02,-3.665237e-01,-4.559158e-01,1.560739e+01,3.130000e+01,3.120000e+01,2.680000e+01
-7.341334e-03,-1.464211e-02,-2.245789e-02,-3.946842e-02,-4.388246e-01,3.400000e+00,-1.800000e+00,-9.000000e-01,-8.286103e-02,8.504737e-02,-3.860237e-01,-4.705158e-01,-2.280261e+01,1.770000e+01,5.770000e+01,1.600000e+00
-6.553694e-03,-1.434211e-02,-2.255789e-02,-3.846842e-02,-2.383148e-01,4.100000e+00,-8.000000e-01,-1.100000e+00,-7.784191e-02,9.864737e-02,-3.938237e-01,-4.704158e-01,-3.115774e+01,3.250000e+01,6.720000e+01,-9.700000e+00
-5.981832e-03,-1.414211e-02,-2.225789e-02,-3.776842e-02,-3.850797e-01,4.700000e+00,-8.000000e-01,-1.400000e+00,-7.729896e-02,1.046474e-01,-3.729237e-01,-4.518158e-01,-3.339552e+01,4.210000e+01,7.440000e+01,-1.200000e+01
-6.880358e-03,-1.424211e-02,-2.105789e-02,-3.876842e-02,-5.294561e-01,3.400000e+00,-1.300000e+00,-1.100000e+00,-7.615812e-02,1.020474e-01,-3.362237e-01,-4.187158e-01,-3.618313e+01,3.710000e+01,7.840000e+01,-1.050000e+01
-6.960956e-03,-1.444211e-02,-1.815789e-02,-3.926842e-02,-9.279035e-02,3.800000e+00,-6.000000e-01,-9.000000e-01,-7.419452e-02,9.084737e-02,-2.894237e-01,-3.753158e-01,-3.690661e+01,3.470000e+01,8.010000e+01,-9.100000e+00
-7.793456e-03,-1.494211e-02,-1.525789e-02,-4.046842e-02,-2.914833e-01,3.300000e+00,-1.000000e-01,-1.100000e+00,-7.016947e-02,7.794737e-02,-2.365237e-01,-3.262158e-01,-3.332922e+01,3.190000e+01,7.680000e+01,-5.400000e+00
-8.746348e-03,-1.504211e-02,-1.255789e-02,-4.186842e-02,1.104127e-01,3.700000e+00,-8.000000e-01,-6.000000e-01,-5.921795e-02,5.074737e-02,-1.899237e-01,-2.682158e-01,-2.742322e+01,3.590000e+01,7.420000e+01,-1.100000e+00
-9.229083e-03,-1.614211e-02,-9.657895e-03,-4.256842e-02,-7.643499e-01,3.000000e+00,-1.000000e+00,-1.300000e+00,-4.041692e-02,2.854737e-02,-1.449237e-01,-2.057158e-01,-2.364089e+01,2.990000e+01,6.050000e+01,-2.600000e+00
-9.862591e-03,-1.544211e-02,-7.957895e-03,-4.356842e-02,-3.454740e-01,2.900000e+00,-7.000000e-01,-9.000000e-01,-2.051407e-02,9.147368e-03,-1.045237e-01,-1.473158e-01,-1.997851e+01,2.500000e+01,5.160000e+01,-1.700000e+00
-1.031943e-02,-1.564211e-02,-4.057895e-03,-4.466842e-02,-5.137236e-01,2.200000e+00,-3.000000e-01,-1.000000e+00,-2.654203e-03,-1.785263e-02,-7.012368e-02,-9.361579e-02,-1.875148e+01,2.250000e+01,4.610000e+01,-2.600000e+00
-1.076100e-02,-1.554211e-02,-1.657895e-03,-4.546842e-02,-2.743104e-01,1.900000e+00,-6.000000e-01,-6.000000e-01,7.246216e-03,-3.605263e-02,-2.462368e-02,-4.701579e-02,-2.026287e+01,1.840000e+01,4.030000e+01,-6.500000e+00
-1.165467e-02,-1.594211e-02,-3.578947e-04,-4.636842e-02,-5.027481e-01,1.400000e+00,-1.100000e+00,-6.000000e-01,1.398830e-02,-5.515263e-02,3.276316e-03,-1.541579e-02,-1.658858e+01,1.550000e+01,2.990000e+01,-7.300000e+00
-1.224610e-02,-1.654211e-02,1.242105e-03,-4.696842e-02,-9.907250e-01,7.000000e-01,-1.300000e+00,-9.000000e-01,2.376947e-02,-6.615263e-02,3.176316e-03,-2.157895e-04,-1.390117e+01,1.750000e+01,2.220000e+01,-9.300000e+00
-1.243817e-02,-1.594211e-02,1.242105e-03,-4.706842e-02,-9.712679e-01,1.300000e+00,-1.800000e+00,-9.000000e-01,3.168710e-02,-7.275263e-02,-7.223684e-03,4.984211e-03,-1.238964e+01,1.840000e+01,1.840000e+01,-1.000000e+01
-1.308583e-02,-1.584211e-02,1.542105e-03,-4.756842e-02,-3.795268e-03,8.000000e-01,-8.000000e-01,0.000000e+00,3.727460e-02,-7.585263e-02,-2.162368e-02,3.884211e-03,-1.193159e+01,1.920000e+01,1.700000e+01,-1.050000e+01
-1.320732e-02,-1.484211e-02,4.421053e-04,-4.736842e-02,-5.719507e-01,4.000000e-01,-4.000000e-01,-6.000000e-01,3.983352e-02,-7.745263e-02,-3.632368e-02,-1.415789e-03,-1.107478e+01,2.030000e+01,1.680000e+01,-9.900000e+00
-1.347079e-02,-1.444211e-02,-6.578947e-04,-4.716842e-02,1.894660e-01,1.100000e+00,2.000000e-01,-1.000000e-01,3.631721e-02,-6.645263e-02,-4.692368e-02,-1.541579e-02,-9.749993e+00,2.310000e+01,1.860000e+01,-8.100000e+00
-1.436662e-02,-1.394211e-02,-1.757895e-03,-4.766842e-02,-3.780674e-01,1.200000e+00,-3.000000e-01,-6.000000e-01,2.696617e-02,-6.285263e-02,-5.352368e-02,-3.151579e-02,-1.013457e+01,2.290000e+01,1.990000e+01,-7.700000e+00
-1.580765e-02,-1.344211e-02,-2.657895e-03,-4.876842e-02,-4.142281e-01,1.300000e+00,3.000000e-01,-8.000000e-01,1.721784e-02,-6.265263e-02,-5.552368e-02,-4.421579e-02,-9.704425e+00,2.240000e+01,2.040000e+01,-6.700000e+00
-1.690857e-02,-1.334211e-02,-3.757895e-03,-4.936842e-02,-2.691298e-01,1.100000e+00,3.000000e-01,-6.000000e-01,8.633923e-03,-5.235263e-02,-5.222368e-02,-5.541579e-02,-8.580833e+00,2.040000e+01,1.920000e+01,-5.400000e+00
-1.697754e-02,-1.354211e-02,-4.957895e-03,-4.876842e-02,-1.171856e-01,4.000000e-01,8.000000e-01,-4.000000e-01,-1.272251e-04,-4.615263e-02,-4.752368e-02,-6.471579e-02,-7.338304e+00,1.980000e+01,1.780000e+01,-4.500000e+00
-1.792838e-02,-1.264211e-02,-4.357895e-03,-4.976842e-02,3.734608e-02,1.000000e-01,5.000000e-01,-1.000000e-01,-6.387631e-03,-4.245263e-02,-4.092368e-02,-6.921579e-02,-6.454671e+00,1.910000e+01,1.640000e+01,-4.000000e+00
-1.840797e-02,-1.174211e-02,-5.057895e-03,-4.996842e-02,1.098764e-01,1.000000e-01,4.000000e-01,0.000000e+00,-1.190431e-02,-4.295263e-02,-2.912368e-02,-6.871579e-02,-6.773543e+00,1.880000e+01,1.650000e+01,-4.200000e+00
-1.855041e-02,-1.164211e-02,-4.757895e-03,-4.986842e-02,4.176025e-01,1.000000e-01,5.000000e-01,3.000000e-01,-1.479795e-02,-4.455263e-02,-1.562368e-02,-6.391579e-02,-5.496088e+00,1.800000e+01,1.530000e+01,-3.100000e+00
-1.895141e-02,-1.164211e-02,-5.657895e-03,-4.976842e-02,-2.713292e-02,3.000000e-01,-4.000000e-01,0.000000e+00,-1.610930e-02,-4.675263e-02,-3.523684e-03,-5.791579e-02,-4.997507e+00,1.500000e+01,1.320000e+01,-2.800000e+00
-1.868366e-02,-1.184211e-02,-5.857895e-03,-4.906842e-02,-4.464992e-02,5.000000e-01,2.000000e-01,-2.000000e-01,-1.522084e-02,-5.045263e-02,3.276316e-03,-5.181579e-02,-4.195192e+00,1.180000e+01,1.200000e+01,-1.600000e+00
-1.814498e-02,-1.194211e-02,-6.257895e-03,-4.806842e-02,-5.559733e-01,3.000000e-01,-2.000000e-01,-6.000000e-01,-1.282284e-02,-5.445263e-02,6.476316e-03,-4.591579e-02,-3.261732e+00,1.150000e+01,1.000000e+01,-1.500000e+00
-1.845635e-02,-1.174211e-02,-6.057895e-03,-4.816842e-02,-6.402035e-01,1.200000e+00,-1.000000e-01,-9.000000e-01,-1.190375e-02,-5.775263e-02,8.176316e-03,-4.281579e-02,-2.164588e+00,1.100000e+01,8.100000e+00,-1.100000e+00
-1.761658e-02,-1.134211e-02,-6.057895e-03,-4.706842e-02,-4.964886e-01,2.300000e+00,0.000000e+00,-1.000000e+00,-1.127367e-02,-6.015263e-02,7.976316e-03,-4.131579e-02,-2.154585e+00,9.800000e+00,8.000000e+00,-8.000000e-01
-1.753401e-02,-1.114211e-02,-6.757895e-03,-4.656842e-02,-1.323978e+00,1.700000e+00,-6.000000e-01,-1.600000e+00,-1.079065e-02,-6.205263e-02,7.976316e-03,-4.001579e-02,-2.493023e+00,9.300000e+00,7.900000e+00,-1.100000e+00
-1.776276e-02,-1.034211e-02,-6.757895e-03,-4.666842e-02,-8.761920e-01,1.600000e+00,-2.000000e-01,-1.200000e+00,-1.233466e-02,-6.365263e-02,9.676316e-03,-4.021579e-02,-2.465635e+00,8.800000e+00,8.300000e+00,-7.000000e-01
-1.770465e-02,-1.054211e-02,-8.157895e-03,-4.596842e-02,-8.172430e-01,2.100000e+00,-8.000000e-01,-1.100000e+00,-1.421247e-02,-6.505263e-02,1.537632e-02,-3.871579e-02,-2.107336e+00,9.000000e+00,7.600000e+00,-7.000000e-01
-1.774571e-02,-1.024211e-02,-8.357895e-03,-4.576842e-02,-1.220328e+00,1.700000e+00,-1.400000e+00,-1.300000e+00,-1.478389e-02,-6.655263e-02,1.667632e-02,-3.801579e-02,-1.911718e+00,8.300000e+00,8.100000e+00,0.000000e+00
-1.742948e-02,-1.034211e-02,-8.257895e-03,-4.516842e-02,-1.166483e+00,2.300000e+00,-8.000000e-01,-1.500000e+00,-1.533264e-02,-6.735263e-02,1.477632e-02,-3.921579e-02,-1.434204e+00,7.400000e+00,6.800000e+00,1.000000e-01
-1.747745e-02,-1.014211e-02,-7.957895e-03,-4.506842e-02,-1.079312e+00,2.500000e+00,-1.000000e+00,-1.400000e+00,-1.560161e-02,-6.835263e-02,1.267632e-02,-4.011579e-02,-1.581389e+00,6.400000e+00,6.800000e+00,2.000000e-01
-1.821417e-02,-9.842105e-03,-7.357895e-03,-4.576842e-02,-1.033559e+00,2.800000e+00,-6.000000e-01,-1.500000e+00,-1.670130e-02,-6.925263e-02,1.297632e-02,-4.071579e-02,-1.062045e+00,5.700000e+00,5.700000e+00,4.000000e-01
-1.879376e-02,-9.642105e-03,-5.957895e-03,-4.646842e-02,-1.324467e+00,2.800000e+00,-6.000000e-01,-1.800000e+00,-1.820118e-02,-7.085263e-02,1.567632e-02,-4.031579e-02,-7.360808e-01,5.100000e+00,4.700000e+00,4.000000e-01
-1.968192e-02,-1.014211e-02,-5.257895e-03,-4.716842e-02,-1.229106e+00,3.300000e+00,3.000000e-01,-2.000000e+00,-1.842654e-02,-7.245263e-02,1.807632e-02,-3.861579e-02,-5.107368e-01,4.600000e+00,3.600000e+00,2.000000e-01
-1.994714e-02,-1.004211e-02,-3.257895e-03,-4.766842e-02,-1.875248e+00,1.900000e+00,-1.000000e+00,-2.100000e+00,-1.899575e-02,-7.425263e-02,2.087632e-02,-3.701579e-02,-9.117382e-01,2.700000e+00,3.200000e+00,0.000000e+00
-2.046251e-02,-9.642105e-03,-1.757895e-03,-4.836842e-02,-2.058888e+00,2.400000e+00,-5.000000e-01,-2.500000e+00,-1.950720e-02,-7.565263e-02,2.337632e-02,-3.561579e-02,-2.952239e-01,2.000000e+00,2.100000e+00,3.000000e-01
-2.139421e-02,-9.842105e-03,-3.578947e-04,-4.936842e-02,-8.281416e-01,2.100000e+00,-3.000000e-01,-1.200000e+00,-2.016347e-02,-7.705263e-02,2.527632e-02,-3.471579e-02,-1.285845e-01,1.700000e+00,1.600000e+00,3.000000e-01
-2.171654e-02,-1.014211e-02,8.421053e-04,-4.966842e-02,-9.604208e-01,2.200000e+00,-1.000000e-01,-1.400000e+00,-2.063411e-02,-7.855263e-02,2.567632e-02,-3.441579e-02,5.890646e-02,9.000000e-01,1.000000e-01,-1.000000e-01
-2.275962e-02,-1.054211e-02,2.242105e-03,-5.076842e-02,-1.202605e+00,1.200000e+00,-8.000000e-01,-1.300000e+00,-2.076198e-02,-7.945263e-02,2.587632e-02,-3.391579e-02,-1.011325e-01,-1.000000e-01,9.000000e-01,4.000000e-01
-2.394857e-02,-1.044211e-02,3.442105e-03,-5.206842e-02,-1.138438e+00,1.200000e+00,-5.000000e-01,-1.300000e+00,-2.179926e-02,-7.995263e-02,2.607632e-02,-3.461579e-02,6.820280e-02,1.000000e-01,-1.000000e-01,0.000000e+00
-2.495255e-02,-1.044211e-02,4.342105e-03,-5.306842e-02,-9.649404e-01,1.200000e+00,3.000000e-01,-1.300000e+00,-2.233957e-02,-8.045263e-02,2.557632e-02,-3.511579e-02,-1.401861e-01,-3.000000e-01,-2.000000e-01,-2.000000e-01
-2.557975e-02,-1.024211e-02,6.242105e-03,-5.396842e-02,-8.004527e-01,1.300000e+00,1.000000e-01,-1.100000e+00,-2.222787e-02,-8.045263e-02,2.427632e-02,-3.541579e-02,2.452682e-02,-6.000000e-01,-5.000000e-01,-1.000000e-01
-2.619201e-02,-1.054211e-02,7.642105e-03,-5.466842e-02,-1.126552e+00,8.000000e-01,-1.000000e-01,-1.300000e+00,-2.249007e-02,-8.055263e-02,2.247632e-02,-3.641579e-02,-5.552081e-01,-2.000000e-01,0.000000e+00,-6.000000e-01
-2.541505e-02,-9.942105e-03,8.142105e-03,-5.386842e-02,-7.132858e-01,4.000000e-01,8.000000e-01,-1.000000e+00,-2.281081e-02,-8.015263e-02,2.137632e-02,-3.721579e-02,-4.964758e-01,-1.100000e+00,-7.000000e-01,-7.000000e-01
-2.658072e-02,-1.014211e-02,7.242105e-03,-5.466842e-02,-5.518287e-01,1.100000e+00,1.000000e-01,-8.000000e-01,-2.329707e-02,-7.925263e-02,2.027632e-02,-3.831579e-02,-5.296874e-01,-9.000000e-01,0.000000e+00,-4.000000e-01
-2.642304e-02,-1.024211e-02,7.042105e-03,-5.426842e-02,-7.973755e-01,8.000000e-01,1.000000e-01,-1.000000e+00,-2.380297e-02,-7.835263e-02,1.957632e-02,-3.921579e-02,-8.477000e-01,-1.200000e+00,0.000000e+00,-7.000000e-01
-2.633458e-02,-1.064211e-02,6.742105e-03,-5.386842e-02,-7.631397e-01,1.000000e+00,1.000000e-01,-1.000000e+00,-2.386734e-02,-7.795263e-02,1.917632e-02,-3.931579e-02,-5.910587e-01,-1.300000e+00,-4.000000e-01,-6.000000e-01
-2.631202e-02,-9.942105e-03,7.042105e-03,-5.386842e-02,-6.106303e-01,4.000000e-01,4.000000e-01,-8.000000e-01,-2.401674e-02,-7.705263e-02,1.897632e-02,-3.951579e-02,-4.605491e-01,-1.500000e+00,-4.000000e-01,-4.000000e-01
-2.631413e-02,-9.842105e-03,7.042105e-03,-5.376842e-02,-7.298556e-01,9.000000e-01,-1.000000e-01,-9.000000e-01,-2.427999e-02,-7.665263e-02,1.927632e-02,-3.941579e-02,-4.439215e-02,-2.200000e+00,-5.000000e-01,2.000000e-01
-2.553864e-02,-9.442105e-03,6.842105e-03,-5.286842e-02,-3.280102e-01,8.000000e-01,5.000000e-01,-6.000000e-01,-2.441284e-02,-7.625263e-02,1.917632e-02,-3.941579e-02,-1.292170e-01,-1.900000e+00,-9.000000e-01,-2.000000e-01
-2.615465e-02,-9.142105e-03,7.542105e-03,-5.366842e-02,-4.379556e-01,8.000000e-01,0.000000e+00,-6.000000e-01,-2.438525e-02,-7.575263e-02,1.977632e-02,-3.881579e-02,3.045025e-01,-3.800000e+00,-1.900000e+00,2.000000e-01
-2.530943e-02,-9.342105e-03,6.442105e-03,-5.246842e-02,-2.680202e-01,8.000000e-01,-1.000000e-01,-4.000000e-01,-2.475816e-02,-7.525263e-02,2.047632e-02,-3.861579e-02,-2.063463e-01,-3.300000e+00,-8.000000e-01,1.000000e-01
-2.595680e-02,-8.242105e-03,5.142105e-03,-5.296842e-02,-1.920482e-01,7.000000e-01,1.200000e+00,-6.000000e-01,-2.517200e-02,-7.435263e-02,2.127632e-02,-3.851579e-02,1.451862e-01,-2.900000e+00,-1.000000e+00,3.000000e-01
-2.628037e-02,-8.542105e-03,6.142105e-03,-5.346842e-02,-2.239780e-01,5.000000e-01,-1.000000e-01,-3.000000e-01,-2.577845e-02,-7.325263e-02,2.127632e-02,-3.911579e-02,-3.563546e-02,-2.900000e+00,-1.000000e-01,6.000000e-01
-2.664510e-02,-8.842105e-03,6.142105e-03,-5.376842e-02,-9.263520e-01,5.000000e-01,2.000000e-01,-1.100000e+00,-2.617933e-02,-7.295263e-02,2.197632e-02,-3.891579e-02,3.242445e-01,-2.100000e+00,-5.000000e-01,6.000000e-01
-2.719177e-02,-8.642105e-03,6.742105e-03,-5.446842e-02,-6.856615e-01,4.000000e-01,5.000000e-01,-9.000000e-01,-2.679601e-02,-7.265263e-02,2.177632e-02,-3.951579e-02,-2.521018e-02,-1.500000e+00,-4.000000e-01,1.000000e-01
-2.711813e-02,-8.142105e-03,6.742105e-03,-5.446842e-02,-2.199428e-01,7.000000e-01,2.000000e-01,-4.000000e-01,-2.675228e-02,-7.195263e-02,2.097632e-02,-3.971579e-02,-9.060161e-02,-2.400000e+00,4.000000e-01,7.000000e-01
-2.762656e-02,-7.842105e-03,7.242105e-03,-5.516842e-02,-4.500520e-01,-0.000000e+00,-3.000000e-01,-4.000000e-01,-2.709252e-02,-7.145263e-02,2.067632e-02,-4.001579e-02,5.318134e-01,-2.500000e+00,3.000000e-01,1.400000e+00
-2.750461e-02,-7.142105e-03,6.942105e-03,-5.506842e-02,-7.764520e-01,-0.000000e+00,4.000000e-01,-9.000000e-01,-2.755866e-02,-7.065263e-02,1.997632e-02,-4.081579e-02,7.127527e-01,-1.500000e+00,0.000000e+00,1.200000e+00
-2.954645e-02,-7.142105e-03,5.742105e-03,-5.686842e-02,-7.279169e-01,-1.000000e-01,7.000000e-01,-9.000000e-01,-2.786766e-02,-7.025263e-02,2.007632e-02,-4.081579e-02,-3.728617e-01,-2.200000e+00,1.400000e+00,9.000000e-01
-2.833521e-02,-6.842105e-03,6.442105e-03,-5.576842e-02,7.246118e-02,-6.000000e-01,8.000000e-01,0.000000e+00,-2.878172e-02,-7.005263e-02,2.007632e-02,-4.151579e-02,4.852083e-01,-2.700000e+00,1.000000e+00,1.800000e+00
-2.877886e-02,-6.642105e-03,6.842105e-03,-5.626842e-02,1.637934e-01,-4.000000e-01,1.500000e+00,-1.000000e-01,-2.886896e-02,-7.025263e-02,1.957632e-02,-4.141579e-02,1.969811e-01,-2.900000e+00,1.500000e+00,1.800000e+00
-2.862381e-02,-7.042105e-03,8.142105e-03,-5.626842e-02,-2.168569e-01,-3.000000e-01,1.000000e+00,-4.000000e-01,-2.927365e-02,-7.015263e-02,1.947632e-02,-4.151579e-02,3.105892e-01,-3.500000e+00,1.200000e+00,1.900000e+00
-2.854172e-02,-6.442105e-03,7.442105e-03,-5.606842e-02,-5.308328e-01,-5.000000e-01,6.000000e-01,-6.000000e-01,-2.939448e-02,-7.025263e-02,1.917632e-02,-4.141579e-02,6.246584e-01,-2.400000e+00,5.000000e-01,1.600000e+00
-2.832453e-02,-6.042105e-03,7.342105e-03,-5.586842e-02,-4.844871e-01,-1.000000e-01,5.000000e-01,-6.000000e-01,-2.949058e-02,-7.055263e-02,1.867632e-02,-4.131579e-02,9.662164e-01,-2.900000e+00,8.000000e-01,2.300000e+00
-2.788419e-02,-6.142105e-03,6.842105e-03,-5.526842e-02,6.711669e-02,-5.000000e-01,7.000000e-01,0.000000e+00,-2.921131e-02,-7.085263e-02,1.777632e-02,-4.101579e-02,5.788772e-01,-2.900000e+00,9.000000e-01,1.900000e+00
-2.863754e-02,-5.942105e-03,7.642105e-03,-5.626842e-02,-4.165743e-01,-9.000000e-01,1.000000e+00,-5.000000e-01,-2.912859e-02,-7.135263e-02,1.687632e-02,-4.091579e-02,7.184923e-01,-2.700000e+00,7.000000e-01,1.900000e+00
-2.845297e-02,-6.442105e-03,6.942105e-03,-5.586842e-02,3.346929e-02,-8.000000e-01,-1.000000e-01,2.000000e-01,-2.903117e-02,-7.185263e-02,1.527632e-02,-4.121579e-02,5.756449e-01,-2.400000e+00,1.100000e+00,1.900000e+00
-2.810672e-02,-6.642105e-03,7.242105e-03,-5.556842e-02,-6.397001e-02,-5.000000e-01,1.000000e-01,0.000000e+00,-2.925471e-02,-7.245263e-02,1.437632e-02,-4.151579e-02,8.913940e-01,-1.900000e+00,0.000000e+00,1.500000e+00
-2.705656e-02,-6.742105e-03,8.442105e-03,-5.476842e-02,1.806963e-01,-7.000000e-01,5.000000e-01,2.000000e-01,-2.910914e-02,-7.285263e-02,1.327632e-02,-4.151579e-02,9.866152e-01,-2.100000e+00,4.000000e-01,1.900000e+00
-2.713689e-02,-7.142105e-03,7.042105e-03,-5.446842e-02,-1.901944e-01,-1.000000e+00,8.000000e-01,-2.000000e-01,-2.869712e-02,-7.295263e-02,1.157632e-02,-4.161579e-02,7.642879e-01,-2.200000e+00,8.000000e-01,1.900000e+00
-2.668951e-02,-7.042105e-03,7.042105e-03,-5.406842e-02,-4.120021e-01,-9.000000e-01,-3.000000e-01,-2.000000e-01,-2.918700e-02,-7.265263e-02,1.037632e-02,-4.261579e-02,4.914233e-01,-1.700000e+00,7.000000e-01,1.400000e+00
-2.616878e-02,-7.142105e-03,6.442105e-03,-5.336842e-02,-5.313800e-01,-8.000000e-01,4.000000e-01,-5.000000e-01,-2.901097e-02,-7.265263e-02,9.576316e-03,-4.251579e-02,2.723248e-01,-1.700000e+00,8.000000e-01,1.200000e+00
-2.663481e-02,-6.842105e-03,5.742105e-03,-5.376842e-02,-1.221913e-02,-7.000000e-01,5.000000e-01,0.000000e+00,-2.934747e-02,-7.255263e-02,8.776316e-03,-4.301579e-02,5.669311e-02,-2.100000e+00,1.400000e+00,1.400000e+00
-2.626369e-02,-6.642105e-03,5.342105e-03,-5.336842e-02,-6.755785e-01,-7.000000e-01,1.000000e-01,-6.000000e-01,-2.956694e-02,-7.245263e-02,8.076316e-03,-4.331579e-02,6.314880e-02,-1.600000e+00,1.900000e+00,1.600000e+00
-2.618983e-02,-6.342105e-03,4.542105e-03,-5.316842e-02,-1.014519e+00,-2.000000e-01,8.000000e-01,-1.200000e+00,-2.971674e-02,-7.265263e-02,7.976316e-03,-4.311579e-02,4.399895e-01,-1.300000e+00,1.600000e+00,1.800000e+00
-2.557741e-02,-5.942105e-03,3.442105e-03,-5.236842e-02,-5.645433e-01,-0.000000e+00,5.000000e-01,-7.000000e-01,-3.063711e-02,-7.265263e-02,8.276316e-03,-4.361579e-02,2.600901e-01,-1.600000e+00,2.000000e+00,1.900000e+00
-2.460471e-02,-5.542105e-03,2.442105e-03,-5.126842e-02,-9.945383e-01,-0.000000e+00,-6.000000e-01,-9.000000e-01,-3.123389e-02,-7.235263e-02,8.776316e-03,-4.371579e-02,5.963363e-01,-9.000000e-01,1.600000e+00,1.900000e+00
-2.460872e-02,-5.342105e-03,1.842105e-03,-5.126842e-02,-7.458199e-01,7.000000e-01,-9.000000e-01,-7.000000e-01,-3.178016e-02,-7.195263e-02,9.376316e-03,-4.371579e-02,3.713325e-01,-1.200000e+00,1.600000e+00,1.700000e+00
-2.347857e-02,-3.842105e-03,8.421053e-04,-5.016842e-02,-1.149329e+00,7.000000e-01,-1.000000e-01,-1.300000e+00,-3.259591e-02,-7.165263e-02,9.476316e-03,-4.431579e-02,6.126806e-02,-1.300000e+00,2.000000e+00,1.600000e+00
-2.415245e-02,-4.742105e-03,7.421053e-04,-5.076842e-02,-1.181682e+00,1.200000e+00,-1.100000e+00,-1.200000e+00,-3.338003e-02,-7.155263e-02,1.027632e-02,-4.441579e-02,7.072216e-01,-9.000000e-01,1.700000e+00,2.100000e+00
-2.387257e-02,-4.842105e-03,2.421053e-04,-5.046842e-02,-1.718513e+00,1.500000e+00,-2.500000e+00,-1.500000e+00,-3.387136e-02,-7.185263e-02,1.147632e-02,-4.381579e-02,-2.630096e-01,-8.000000e-01,2.800000e+00,1.600000e+00
-2.324323e-02,-4.842105e-03,4.421053e-04,-4.996842e-02,-1.892108e+00,1.600000e+00,-2.500000e+00,-1.700000e+00,-3.498821e-02,-7.235263e-02,1.307632e-02,-4.361579e-02,8.095950e-01,-1.700000e+00,2.500000e+00,2.900000e+00
-2.224126e-02,-4.942105e-03,7.421053e-04,-4.906842e-02,-1.314627e+00,1.600000e+00,-2.500000e+00,-1.100000e+00,-3.598794e-02,-7.285263e-02,1.517632e-02,-4.291579e-02,5.851583e-01,-2.800000e+00,2.700000e+00,3.000000e+00
-2.039277e-02,-5.342105e-03,2.142105e-03,-4.756842e-02,-1.230943e+00,2.700000e+00,-4.800000e+00,-7.000000e-01,-3.673281e-02,-7.335263e-02,1.717632e-02,-4.201579e-02,7.869143e-01,-2.200000e+00,2.200000e+00,2.800000e+00
-1.846938e-02,-4.942105e-03,3.442105e-03,-4.616842e-02,-1.852207e+00,3.900000e+00,-6.000000e+00,-1.300000e+00,-3.795731e-02,-7.395263e-02,1.867632e-02,-4.191579e-02,6.947224e-01,-3.500000e+00,2.400000e+00,3.100000e+00
-1.646568e-02,-5.942105e-03,5.142105e-03,-4.456842e-02,-1.367457e+00,4.900000e+00,-7.700000e+00,-6.000000e-01,-3.874924e-02,-7.475263e-02,2.027632e-02,-4.121579e-02,1.383100e+00,-3.500000e+00,1.400000e+00,3.300000e+00
-1.387527e-02,-6.242105e-03,6.842105e-03,-4.256842e-02,-2.150849e+00,5.800000e+00,-1.030000e+01,-1.000000e+00,-3.960792e-02,-7.575263e-02,2.157632e-02,-4.071579e-02,1.614428e+00,-4.300000e+00,1.000000e+00,3.500000e+00
-1.031850e-02,-6.442105e-03,8.242105e-03,-3.956842e-02,-1.981477e+00,6.300000e+00,-1.260000e+01,-4.000000e-01,-4.010722e-02,-7.695263e-02,2.297632e-02,-3.961579e-02,1.373140e+00,-5.400000e+00,1.400000e+00,3.700000e+00
-6.985550e-03,-7.942105e-03,9.542105e-03,-3.656842e-02,-2.012960e+00,7.100000e+00,-1.430000e+01,-2.000000e-01,-4.051781e-02,-7.745263e-02,2.347632e-02,-3.911579e-02,1.681925e+00,-6.200000e+00,7.000000e-01,3.800000e+00
-1.760652e-03,-6.642105e-03,1.224211e-02,-3.246842e-02,-1.992808e+00,7.300000e+00,-1.570000e+01,1.000000e-01,-4.102544e-02,-7.835263e-02,2.357632e-02,-3.891579e-02,1.622018e+00,-6.200000e+00,5.000000e-01,3.600000e+00
2.298804e-03,-6.842105e-03,1.364211e-02,-2.906842e-02,-1.590884e+00,1.050000e+01,-1.700000e+01,2.000000e-01,-4.124051e-02,-7.875263e-02,2.207632e-02,-3.941579e-02,1.401442e+00,-7.100000e+00,1.400000e+00,4.100000e+00
6.163001e-03,-7.042105e-03,1.474211e-02,-2.576842e-02,-1.590904e+00,1.050000e+01,-1.700000e+01,2.000000e-01,-4.072521e-02,-7.915263e-02,2.007632e-02,-3.941579e-02,2.021147e+00,-6.600000e+00,4.000000e-01,4.100000e+00
1.173465e-02,-7.342105e-03,1.554211e-02,-2.076842e-02,-5.668313e-01,1.360000e+01,-2.150000e+01,1.700000e+00,-3.973072e-02,-7.985263e-02,1.687632e-02,-3.951579e-02,1.543178e+00,-6.900000e+00,1.200000e+00,4.100000e+00
1.642786e-02,-5.242105e-03,1.714211e-02,-1.746842e-02,4.852470e+00,2.120000e+01,-2.170000e+01,5.900000e+00,-3.884900e-02,-8.025263e-02,1.137632e-02,-4.131579e-02,1.786488e+00,-6.900000e+00,9.000000e-01,4.200000e+00
1.952652e-02,-4.842105e-03,1.814211e-02,-1.536842e-02,6.921666e+00,2.010000e+01,-2.300000e+01,8.600000e+00,-3.757633e-02,-7.995263e-02,4.976316e-03,-4.341579e-02,1.472391e+00,-6.500000e+00,1.000000e+00,3.800000e+00
2.445904e-02,-3.942105e-03,8.342105e-03,-8.868421e-03,1.573820e+01,4.190000e+01,-1.690000e+01,1.190000e+01,-3.590495e-02,-7.985263e-02,-2.623684e-03,-4.591579e-02,1.061492e+00,-3.800000e+00,1.100000e+00,2.800000e+00
3.063816e-02,-6.342105e-03,2.342105e-03,-1.268421e-03,3.017834e+01,7.170000e+01,-1.210000e+01,1.970000e+01,-3.407685e-02,-7.985263e-02,-9.823684e-03,-4.801579e-02,7.002715e-01,-2.400000e+00,1.300000e+00,2.200000e+00
3.423443e-02,-9.242105e-03,-4.557895e-03,4.331579e-03,4.532613e+01,9.010000e+01,-4.200000e+00,2.980000e+01,-3.337723e-02,-7.915263e-02,-1.502368e-02,-5.031579e-02,-4.986007e-01,-2.100000e+00,2.700000e+00,1.600000e+00
4.023088e-02,-7.242105e-03,-7.578947e-04,8.931579e-03,4.758252e+01,9.330000e+01,1.600000e+00,3.000000e+01,-3.297624e-02,-7.915263e-02,-1.822368e-02,-5.161579e-02,-1.208261e-01,-8.000000e-01,1.800000e+00,1.200000e+00
4.222822e-02,-5.742105e-03,9.542105e-03,7.531579e-03,5.536404e+01,1.051000e+02,3.700000e+00,3.520000e+01,-3.195660e-02,-7.955263e-02,-2.152368e-02,-5.211579e-02,-2.421526e-01,-1.200000e+00,2.200000e+00,1.400000e+00
4.242801e-02,-8.642105e-03,2.542105e-03,1.063158e-02,6.910591e+01,1.194000e+02,7.800000e+00,4.560000e+01,-3.124964e-02,-7.975263e-02,-2.352368e-02,-5.221579e-02,-5.622210e-01,-5.000000e-01,2.400000e+00,1.000000e+00
4.557677e-02,-8.342105e-03,-3.057895e-03,1.643158e-02,7.441582e+01,1.295000e+02,1.080000e+01,4.820000e+01,-3.111670e-02,-7.975263e-02,-2.512368e-02,-5.281579e-02,-1.160251e+00,-3.000000e-01,2.500000e+00,3.000000e-01
4.981363e-02,-3.642105e-03,-3.457895e-03,2.133158e-02,7.818993e+01,1.458000e+02,9.800000e+00,4.910000e+01,-3.142327e-02,-7.965263e-02,-2.542368e-02,-5.311579e-02,-4.342055e-01,-2.000000e-01,2.100000e+00,9.000000e-01
5.004111e-02,-1.642105e-03,-2.057895e-03,2.243158e-02,7.986362e+01,1.531000e+02,1.050000e+01,4.910000e+01,-3.177948e-02,-7.915263e-02,-2.382368e-02,-5.231579e-02,-6.991895e-01,-3.000000e-01,2.100000e+00,6.000000e-01
5.151351e-02,1.157895e-03,6.142105e-03,2.223158e-02,7.857707e+01,1.486000e+02,9.600000e+00,4.910000e+01,-3.297805e-02,-7.925263e-02,-1.962368e-02,-5.071579e-02,-2.710012e-01,3.000000e-01,2.100000e+00,1.000000e+00
5.196856e-02,6.657895e-03,2.234211e-02,1.693158e-02,7.496582e+01,1.487000e+02,1.060000e+01,4.470000e+01,-3.410744e-02,-7.935263e-02,-1.482368e-02,-4.861579e-02,-7.616212e-01,-5.000000e-01,2.300000e+00,7.000000e-01
5.072553e-02,1.585789e-02,4.034211e-02,7.631579e-03,7.194961e+01,1.493000e+02,8.400000e+00,4.220000e+01,-3.496835e-02,-7.945263e-02,-1.052368e-02,-4.651579e-02,-4.950623e-01,-7.000000e-01,2.200000e+00,1.000000e+00
4.943577e-02,2.555789e-02,5.644211e-02,-1.368421e-03,6.935636e+01,1.453000e+02,1.080000e+01,3.910000e+01,-3.484773e-02,-8.015263e-02,-8.723684e-03,-4.481579e-02,1.899979e-02,1.000000e-01,1.500000e+00,1.000000e+00
3.904494e-02,2.295789e-02,5.934211e-02,-1.126842e-02,6.850889e+01,1.418000e+02,1.460000e+01,3.710000e+01,-3.471129e-02,-8.065263e-02,-8.223684e-03,-4.401579e-02,-7.482682e-02,2.000000e-01,1.400000e+00,8.000000e-01
3.043804e-02,-2.042105e-03,6.544211e-02,-1.536842e-02,6.674178e+01,1.221000e+02,2.540000e+01,3.420000e+01,-3.498937e-02,-8.035263e-02,-8.023684e-03,-4.401579e-02,-9.840189e-01,-5.000000e-01,2.700000e+00,7.000000e-01
3.153630e-02,-4.414211e-02,9.134211e-02,-1.616842e-02,6.587172e+01,7.920000e+01,3.720000e+01,3.720000e+01,-3.503827e-02,-8.055263e-02,-7.423684e-03,-4.341579e-02,-1.148997e+00,-0.000000e+00,2.400000e+00,2.000000e-01
3.001223e-02,-1.054421e-01,9.264211e-02,-3.068421e-03,7.920320e+01,3.990000e+01,5.470000e+01,5.250000e+01,-3.539571e-02,-8.085263e-02,-7.523684e-03,-4.361579e-02,-8.326676e-01,-4.000000e-01,2.300000e+00,6.000000e-01
4.039461e-02,-1.523421e-01,8.724211e-02,2.283158e-02,9.723604e+01,6.000000e+00,7.830000e+01,6.830000e+01,-3.547952e-02,-8.095263e-02,-8.323684e-03,-4.401579e-02,-1.548539e-01,-1.000000e-01,1.600000e+00,9.000000e-01
3.898966e-02,-2.186421e-01,5.564211e-02,5.253158e-02,1.138774e+02,-0.000000e+00,1.076000e+02,7.270000e+01,-3.599742e-02,-8.165263e-02,-8.423684e-03,-4.441579e-02,-1.722647e-01,8.000000e-01,1.300000e+00,5.000000e-01
3.342497e-02,-2.951421e-01,2.094211e-02,7.883158e-02,1.234966e+02,-1.800000e+00,1.192000e+02,7.790000e+01,-3.589720e-02,-8.205263e-02,-9.723684e-03,-4.491579e-02,-7.270687e-01,1.100000e+00,2.100000e+00,3.000000e-01
3.363635e-02,-3.760421e-01,-2.857895e-03,1.033316e-01,1.316652e+02,-1.050000e+01,1.333000e+02,8.140000e+01,-3.611462e-02,-8.225263e-02,-1.062368e-02,-4.561579e-02,-4.027115e-01,9.000000e-01,1.000000e+00,0.000000e+00
3.759029e-02,-4.513421e-01,-2.955789e-02,1.289316e-01,1.388375e+02,-1.920000e+01,1.451000e+02,8.490000e+01,-3.694164e-02,-8.235263e-02,-1.082368e-02,-4.661579e-02,-3.228755e-01,1.400000e+00,1.300000e+00,2.000000e-01
4.968190e-02,-5.221421e-01,-4.785789e-02,1.549316e-01,1.426265e+02,-2.590000e+01,1.537000e+02,8.580000e+01,-3.761425e-02,-8.275263e-02,-1.072368e-02,-4.711579e-02,-5.431856e-01,9.000000e-01,2.000000e+00,5.000000e-01
7.031637e-02,-5.796421e-01,-5.895789e-02,1.818316e-01,1.460427e+02,-2.980000e+01,1.604000e+02,8.680000e+01,-3.788069e-02,-8.295263e-02,-1.082368e-02,-4.731579e-02,-1.117909e+00,9.000000e-01,2.000000e+00,-2.000000e-01
9.303709e-02,-6.060421e-01,-7.895789e-02,2.100316e-01,1.490338e+02,-2.880000e+01,1.656000e+02,8.750000e+01,-3.843491e-02,-8.335263e-02,-1.022368e-02,-4.741579e-02,-6.395467e-01,2.000000e+00,1.600000e+00,-1.000000e-01
1.118250e-01,-6.011421e-01,-9.715789e-02,2.297316e-01,1.521626e+02,-2.570000e+01,1.709000e+02,8.820000e+01,-3.955903e-02,-8.385263e-02,-9.223684e-03,-4.791579e-02,-1.314178e+00,1.900000e+00,2.200000e+00,-5.000000e-01
1.257021e-01,-5.727421e-01,-8.965789e-02,2.314316e-01,1.544595e+02,-2.320000e+01,1.734000e+02,8.950000e+01,-3.923963e-02,-8.415263e-02,-9.723684e-03,-4.771579e-02,-9.420229e-01,2.000000e+00,1.700000e+00,-4.000000e-01
1.244640e-01,-5.578421e-01,-7.825789e-02,2.174316e-01,1.585619e+02,-1.730000e+01,1.758000e+02,9.280000e+01,-3.957547e-02,-8.445263e-02,-8.823684e-03,-4.741579e-02,-9.595070e-01,2.400000e+00,1.400000e+00,-7.000000e-01
1.280371e-01,-5.190421e-01,-4.295789e-02,1.998316e-01,1.641528e+02,-1.270000e+01,1.755000e+02,9.920000e+01,-3.979674e-02,-8.475263e-02,-8.323684e-03,-4.721579e-02,-9.973254e-01,2.700000e+00,2.300000e+00,-2.000000e-01
1.285346e-01,-4.669421e-01,-9.457895e-03,1.832316e-01,1.695138e+02,-9.100000e+00,1.708000e+02,1.075000e+02,-4.000983e-02,-8.485263e-02,-7.723684e-03,-4.701579e-02,-3.932691e-01,2.700000e+00,1.200000e+00,-2.000000e-01
1.224643e-01,-4.090421e-01,1.504211e-02,1.670316e-01,1.739591e+02,-6.400000e+00,1.625000e+02,1.165000e+02,-3.972726e-02,-8.525263e-02,-7.623684e-03,-4.651579e-02,-1.878881e+00,3.000000e+00,1.900000e+00,-1.600000e+00
1.115147e-01,-3.519421e-01,3.524211e-02,1.502316e-01,1.777757e+02,-1.200000e+00,1.561000e+02,1.241000e+02,-3.964726e-02,-8.565263e-02,-7.323684e-03,-4.611579e-02,-1.434244e+00,2.700000e+00,1.600000e+00,-1.200000e+00
9.496352e-02,-2.946421e-01,4.894211e-02,1.324316e-01,1.791233e+02,3.700000e+00,1.487000e+02,1.295000e+02,-3.964525e-02,-8.605263e-02,-6.823684e-03,-4.561579e-02,-2.526389e+00,1.700000e+00,2.700000e+00,-1.600000e+00
7.235168e-02,-2.405421e-01,5.784211e-02,1.115316e-01,1.803163e+02,5.900000e+00,1.449000e+02,1.329000e+02,-3.908404e-02,-8.655263e-02,-6.623684e-03,-4.471579e-02,-1.652934e+00,2.700000e+00,1.100000e+00,-1.800000e+00
4.318726e-02,-1.929421e-01,6.344211e-02,8.503158e-02,1.812594e+02,8.300000e+00,1.347000e+02,1.390000e+02,-3.893424e-02,-8.675263e-02,-6.523684e-03,-4.441579e-02,-1.979330e+00,2.200000e+00,1.400000e+00,-1.900000e+00
1.130322e-02,-1.519421e-01,6.474211e-02,5.683158e-02,1.815499e+02,8.300000e+00,1.235000e+02,1.446000e+02,-3.853445e-02,-8.685263e-02,-6.523684e-03,-4.391579e-02,-2.096155e+00,2.500000e+00,1.400000e+00,-2.100000e+00
-2.287786e-02,-1.143421e-01,6.244211e-02,2.693158e-02,1.828170e+02,6.000000e+00,1.130000e+02,1.507000e+02,-3.918194e-02,-8.725263e-02,-4.623684e-03,-4.341579e-02,-1.753792e+00,3.100000e+00,8.000000e-01,-2.200000e+00
-5.606283e-02,-7.814211e-02,5.624211e-02,-8.684211e-04,1.846224e+02,1.300000e+00,1.038000e+02,1.565000e+02,-3.899792e-02,-8.785263e-02,-4.223684e-03,-4.281579e-02,-2.515275e+00,1.400000e+00,8.000000e-01,-2.800000e+00
-8.494319e-02,-3.814211e-02,4.564211e-02,-2.156842e-02,1.878862e+02,-2.000000e+00,1.009000e+02,1.611000e+02,-3.835342e-02,-8.815263e-02,-3.323684e-03,-4.141579e-02,-1.703618e+00,2.200000e+00,3.000000e-01,-2.300000e+00
-1.127713e-01,9.257895e-03,2.604211e-02,-3.526842e-02,1.915816e+02,-1.600000e+00,1.054000e+02,1.631000e+02,-3.779919e-02,-8.855263e-02,-3.123684e-03,-4.061579e-02,-2.437501e+00,2.400000e+00,2.000000e-01,-3.300000e+00
-1.455954e-01,5.935789e-02,6.421053e-04,-5.066842e-02,1.934595e+02,-1.600000e+00,1.095000e+02,1.632000e+02,-3.774245e-02,-8.865263e-02,-1.923684e-03,-3.981579e-02,-2.030380e+00,2.200000e+00,-3.000000e-01,-3.100000e+00
-1.820789e-01,1.019579e-01,-2.315789e-02,-7.176842e-02,1.987539e+02,-7.500000e+00,1.116000e+02,1.673000e+02,-3.678929e-02,-8.885263e-02,-1.023684e-03,-3.811579e-02,-1.243654e+00,1.800000e+00,-1.400000e+00,-2.800000e+00
-2.237906e-01,1.388579e-01,-4.705789e-02,-1.004684e-01,1.989464e+02,-1.830000e+01,1.045000e+02,1.695000e+02,-3.622761e-02,-8.855263e-02,-1.236842e-04,-3.701579e-02,-1.000095e+00,1.600000e+00,-2.200000e+00,-3.000000e+00
-2.636083e-01,1.748579e-01,-6.555789e-02,-1.327684e-01,1.968851e+02,-3.990000e+01,8.590000e+01,1.733000e+02,-3.532934e-02,-8.845263e-02,5.763158e-04,-3.561579e-02,-4.799029e-01,9.000000e-01,-3.500000e+00,-3.100000e+00
-3.106680e-01,2.178579e-01,-9.435789e-02,-1.700684e-01,1.823175e+02,-5.080000e+01,6.310000e+01,1.666000e+02,-3.347859e-02,-8.895263e-02,1.276316e-03,-3.301579e-02,1.397269e+00,8.000000e-01,-6.500000e+00,-2.800000e+00
-3.592507e-01,2.709579e-01,-1.236579e-01,-2.103684e-01,1.640207e+02,-5.920000e+01,4.120000e+01,1.556000e+02,-3.099006e-02,-8.905263e-02,2.276316e-03,-2.961579e-02,2.349174e+00,9.000000e-01,-9.100000e+00,-3.400000e+00
-4.127751e-01,3.335579e-01,-1.564579e-01,-2.556684e-01,1.520583e+02,-5.740000e+01,2.670000e+01,1.494000e+02,-2.770059e-02,-8.905263e-02,2.276316e-03,-2.591579e-02,4.250858e+00,-9.000000e-01,-1.220000e+01,-2.800000e+00
-4.832607e-01,4.237579e-01,-2.005579e-01,-3.171684e-01,1.220628e+02,-2.910000e+01,-1.370000e+01,1.381000e+02,-2.510130e-02,-8.945263e-02,4.076316e-03,-2.181579e-02,6.774448e+00,-1.400000e+00,-1.560000e+01,-1.900000e+00
-5.762063e-01,5.419579e-01,-2.546579e-01,-4.069684e-01,8.256275e+01,4.800000e+00,-7.300000e+01,1.249000e+02,-2.094206e-02,-8.885263e-02,5.576316e-03,-1.621579e-02,8.020563e+00,-3.000000e+00,-1.850000e+01,-2.000000e+00
-6.603095e-01,5.006579e-01,-3.180579e-01,-4.976684e-01,5.032285e+01,4.320000e+01,-1.012000e+02,1.050000e+02,-1.631304e-02,-9.125263e-02,8.076316e-03,-8.715789e-03,1.371090e+01,-5.500000e+00,-2.560000e+01,7.000000e-01
-5.967436e-01,4.719579e-01,-2.691579e-01,-4.731684e-01,3.078719e+00,8.240000e+01,-1.185000e+02,6.250000e+01,-6.746736e-03,-9.445263e-02,5.476316e-03,1.484211e-03,1.613386e+01,-7.700000e+00,-3.380000e+01,-1.400000e+00
-4.252133e-01,4.731579e-01,-1.106579e-01,-3.837684e-01,-5.771413e+00,1.290000e+01,-1.243000e+02,5.400000e+01,2.027923e-03,-9.745263e-02,5.276316e-03,1.238421e-02,1.881798e+01,-1.200000e+01,-4.240000e+01,-3.000000e+00
-2.761105e-01,4.797579e-01,3.624211e-02,-3.133684e-01,-1.498201e+01,-2.450000e+01,-1.255000e+02,4.470000e+01,1.651299e-02,-9.925263e-02,1.876316e-03,2.778421e-02,2.680326e+01,-1.070000e+01,-5.360000e+01,-1.100000e+00
-2.210355e-01,4.570579e-01,6.394211e-02,-2.861684e-01,-2.678101e+01,-2.110000e+01,-1.240000e+02,3.080000e+01,2.561463e-02,-1.069526e-01,3.763158e-04,3.938421e-02,3.081985e+01,-1.320000e+01,-6.460000e+01,-3.100000e+00
-1.766172e-01,4.111579e-01,9.334211e-02,-2.674684e-01,-3.700323e+01,-3.200000e+00,-1.266000e+02,1.960000e+01,3.716524e-02,-1.042526e-01,-1.202368e-02,4.388421e-02,3.843259e+01,-1.060000e+01,-7.660000e+01,-2.600000e+00
-7.589406e-02,3.570579e-01,1.743421e-01,-2.087684e-01,-2.024617e+01,-7.210000e+01,-1.411000e+02,5.150000e+01,5.045527e-02,-1.027526e-01,-2.412368e-02,5.078421e-02,4.046612e+01,-5.900000e+00,-8.450000e+01,-6.800000e+00
4.251821e-02,3.782579e-01,2.704421e-01,-1.357684e-01,1.513068e+00,-5.950000e+01,-8.140000e+01,4.670000e+01,6.399167e-02,-1.003526e-01,-3.762368e-02,5.638421e-02,4.430939e+01,2.900000e+00,-9.260000e+01,-1.010000e+01
1.149989e-01,2.803579e-01,3.057421e-01,-6.366842e-02,4.336061e+00,-5.870000e+01,-5.750000e+01,3.910000e+01,8.237496e-02,-9.705263e-02,-6.002368e-02,6.118421e-02,4.781102e+01,1.350000e+01,-1.014000e+02,-1.500000e+01
2.082379e-01,1.926579e-01,3.040421e-01,5.313158e-02,6.394802e+00,-4.200000e+01,-1.260000e+01,1.900000e+01,9.864498e-02,-9.275263e-02,-8.152368e-02,6.328421e-02,5.146053e+01,2.620000e+01,-1.124000e+02,-2.210000e+01
3.291543e-01,2.163579e-01,3.441421e-01,1.654316e-01,2.027824e+00,-2.980000e+01,-7.800000e+00,1.020000e+01,1.164476e-01,-8.495263e-02,-1.030237e-01,6.598421e-02,5.498641e+01,3.890000e+01,-1.237000e+02,-2.980000e+01
3.071592e-01,2.233579e-01,3.003421e-01,1.591316e-01,7.412181e-01,-2.190000e+01,-6.300000e+00,6.900000e+00,1.323433e-01,-7.405263e-02,-1.226237e-01,6.638421e-02,5.998648e+01,5.340000e+01,-1.383000e+02,-3.880000e+01
1.824663e-01,1.968579e-01,1.436421e-01,9.313158e-02,-4.035652e-01,-1.090000e+01,-3.900000e+00,2.900000e+00,1.510435e-01,-6.465263e-02,-1.509237e-01,6.558421e-02,6.208802e+01,6.130000e+01,-1.441000e+02,-4.320000e+01
8.531192e-02,1.635579e-01,2.542105e-03,5.113158e-02,-1.725775e+00,-3.500000e+00,-3.200000e+00,0.000000e+00,1.654514e-01,-5.515263e-02,-1.769237e-01,6.168421e-02,6.410125e+01,7.620000e+01,-1.603000e+02,-5.780000e+01
8.256890e-02,1.551579e-01,-2.135789e-02,5.933158e-02,-2.387486e+00,2.700000e+00,-2.700000e+00,-1.900000e+00,1.870991e-01,-3.915263e-02,-2.042237e-01,6.468421e-02,6.483405e+01,9.190000e+01,-1.797000e+02,-7.680000e+01
1.004025e-01,1.600579e-01,-3.945789e-02,8.563158e-02,-2.529602e+00,8.700000e+00,-4.100000e+00,-2.400000e+00,2.051526e-01,-3.375263e-02,-2.184237e-01,7.918421e-02,6.087750e+01,1.043000e+02,-1.999000e+02,-1.010000e+02
6.385617e-02,1.609579e-01,-1.103579e-01,7.543158e-02,-3.849215e+00,1.510000e+01,-4.200000e+00,-4.800000e+00,2.213123e-01,-2.625263e-02,-2.357237e-01,9.228421e-02,4.769145e+01,1.017000e+02,-2.192000e+02,-1.287000e+02
5.421622e-03,7.225789e-02,-1.872579e-01,5.813158e-02,-4.361052e+00,1.660000e+01,-3.700000e+00,-5.800000e+00,2.399802e-01,-1.465263e-02,-2.563237e-01,1.097842e-01,3.511777e+01,1.048000e+02,-2.393000e+02,-1.591000e+02
3.994685e-03,7.145789e-02,-1.840579e-01,5.593158e-02,-4.998876e+00,1.800000e+01,-4.200000e+00,-6.500000e+00,2.704460e-01,1.464737e-02,-2.722237e-01,1.391842e-01,2.769380e+01,1.043000e+02,-2.495000e+02,-1.746000e+02
-3.320935e-03,2.525789e-02,-1.262579e-01,3.113158e-02,-4.058872e+00,1.750000e+01,-2.500000e+00,-6.100000e+00,3.161708e-01,6.774737e-02,-2.764237e-01,1.820842e-01,7.192061e+00,9.290000e+01,-2.562000e+02,-1.978000e+02
-1.127768e-02,1.565789e-02,-8.885789e-02,8.431579e-03,-2.871303e+00,1.450000e+01,-9.000000e-01,-5.000000e+00,3.857842e-01,1.443474e-01,-2.943237e-01,2.328842e-01,-1.198994e+01,7.400000e+01,-2.457000e+02,-2.038000e+02
-2.147305e-02,3.857895e-03,-7.365789e-02,-6.968421e-03,-2.223002e+00,1.310000e+01,-1.000000e-01,-4.400000e+00,4.401634e-01,2.002474e-01,-3.174237e-01,2.800842e-01,-2.322103e+01,6.810000e+01,-2.317000e+02,-2.079000e+02
-2.752773e-02,-2.842105e-03,-5.755789e-02,-1.896842e-02,-2.104790e+00,1.190000e+01,1.600000e+00,-4.800000e+00,4.666122e-01,2.285474e-01,-3.384237e-01,3.198842e-01,-3.490341e+01,6.790000e+01,-2.175000e+02,-2.186000e+02
-3.082362e-02,-7.342105e-03,-4.185789e-02,-2.816842e-02,-9.998505e-01,1.030000e+01,2.000000e+00,-3.500000e+00,4.542515e-01,2.238474e-01,-3.773237e-01,3.414842e-01,-3.154329e+01,8.750000e+01,-2.209000e+02,-2.361000e+02
-3.476983e-02,-8.642105e-03,-3.145789e-02,-3.626842e-02,-7.293892e-01,1.000000e+01,2.600000e+00,-3.400000e+00,4.167687e-01,2.041474e-01,-4.106237e-01,3.527842e-01,2.706101e+01,1.322000e+02,-2.117000e+02,-1.921000e+02
-3.635526e-02,-9.342105e-03,-1.705789e-02,-4.356842e-02,-7.450613e-01,9.800000e+00,2.900000e+00,-3.500000e+00,3.648914e-01,1.742474e-01,-4.844237e-01,3.410842e-01,9.776969e+01,1.508000e+02,-2.060000e+02,-9.760000e+01
-3.509113e-02,-1.014211e-02,1.742105e-03,-4.966842e-02,1.989719e-01,8.100000e+00,2.900000e+00,-2.200000e+00,3.280798e-01,1.248474e-01,-6.555237e-01,3.097842e-01,2.630249e+02,1.560000e+02,-1.977000e+02,1.796000e+02
-3.523234e-02,-1.054211e-02,1.524211e-02,-5.506842e-02,5.210189e-03,6.200000e+00,3.300000e+00,-2.300000e+00,3.174873e-01,6.694737e-02,-8.529237e-01,2.806842e-01,4.255607e+02,2.238000e+02,-2.054000e+02,3.681000e+02
-3.570744e-02,-1.214211e-02,2.474211e-02,-5.896842e-02,2.663893e-01,5.500000e+00,2.600000e+00,-1.600000e+00,2.348929e-01,-5.555263e-02,-8.920237e-01,2.545842e-01,4.850833e+02,2.731000e+02,-1.973000e+02,4.067000e+02
-3.477842e-02,-1.394211e-02,2.934211e-02,-5.916842e-02,2.562759e-01,5.500000e+00,2.600000e+00,-1.600000e+00,1.077956e-01,-2.103526e-01,-8.669237e-01,2.180842e-01,4.261799e+02,2.310000e+02,-1.728000e+02,3.709000e+02
-3.486781e-02,-1.374211e-02,2.874211e-02,-5.856842e-02,9.759669e-01,1.400000e+00,3.200000e+00,-5.000000e-01,-3.142596e-02,-3.670526e-01,-7.676237e-01,2.007842e-01,2.955949e+02,1.454000e+02,-1.029000e+02,2.896000e+02
-3.406591e-02,-1.404211e-02,2.864211e-02,-5.716842e-02,1.262953e+00,7.000000e-01,3.000000e+00,0.000000e+00,-1.253024e-01,-4.764526e-01,-6.756237e-01,1.936842e-01,2.121376e+02,9.130000e+01,-5.090000e+01,2.423000e+02
-3.441650e-02,-1.384211e-02,2.894211e-02,-5.726842e-02,1.031924e+00,-0.000000e+00,3.100000e+00,-2.000000e-01,-1.773408e-01,-5.631526e-01,-6.063237e-01,2.068842e-01,5.261716e+01,2.800000e+00,7.020000e+01,1.464000e+02
-3.337971e-02,-1.424211e-02,2.534211e-02,-5.416842e-02,1.407479e+00,-0.000000e+00,2.200000e+00,6.000000e-01,-1.839585e-01,-6.171526e-01,-5.634237e-01,2.267842e-01,-3.333467e+01,-1.410000e+01,1.695000e+02,7.430000e+01
-3.250026e-02,-1.434211e-02,2.384211e-02,-5.216842e-02,9.359773e-01,1.000000e+00,2.100000e+00,0.000000e+00,-1.698052e-01,-6.571526e-01,-5.462237e-01,2.355842e-01,-7.451408e+01,1.600000e+00,2.408000e+02,2.510000e+01
-3.228890e-02,-1.454211e-02,2.234211e-02,-5.096842e-02,3.249836e-01,1.800000e+00,3.000000e-01,0.000000e+00,-1.422448e-01,-6.751526e-01,-4.955237e-01,2.507842e-01,-9.322008e+01,1.940000e+01,2.898000e+02,2.100000e+00
-3.181721e-02,-1.454211e-02,1.904211e-02,-4.876842e-02,4.257550e-01,2.800000e+00,-2.000000e-01,2.000000e-01,-1.184244e-01,-6.604526e-01,-3.449237e-01,2.747842e-01,-1.057041e+02,2.360000e+01,3.237000e+02,-2.000000e+00
-3.081661e-02,-1.484211e-02,1.554211e-02,-4.596842e-02,-5.017273e-01,3.100000e+00,-2.200000e+00,0.000000e+00,-1.019721e-01,-6.283526e-01,-1.629237e-01,2.844842e-01,-1.140899e+02,1.400000e+01,3.462000e+02,8.100000e+00
-2.990132e-02,-1.434211e-02,1.294211e-02,-4.376842e-02,-5.965332e-01,3.300000e+00,-2.500000e+00,0.000000e+00,-1.575460e-02,-5.414526e-01,-1.404237e-01,2.703842e-01,-1.161980e+02,5.300000e+00,3.527000e+02,1.670000e+01
-2.934270e-02,-1.334211e-02,9.642105e-03,-4.176842e-02,-8.518894e-01,3.100000e+00,-3.100000e+00,0.000000e+00,8.955547e-02,-4.420526e-01,-2.038237e-01,2.457842e-01,-1.082488e+02,-8.300000e+00,3.527000e+02,3.870000e+01
-2.823629e-02,-1.334211e-02,7.642105e-03,-3.966842e-02,-9.638591e-01,4.700000e+00,-4.800000e+00,4.000000e-01,1.730377e-01,-3.603526e-01,-3.375237e-01,1.884842e-01,-8.824518e+01,-1.770000e+01,3.385000e+02,6.480000e+01
-2.802649e-02,-1.314211e-02,4.142105e-03,-3.796842e-02,-1.106412e+00,4.800000e+00,-5.200000e+00,4.000000e-01,2.244156e-01,-3.000526e-01,-4.624237e-01,1.231842e-01,-5.379980e+01,-1.760000e+01,3.134000e+02,9.650000e+01
-2.723135e-02,-1.284211e-02,1.442105e-03,-3.606842e-02,-1.446568e+00,5.500000e+00,-7.000000e+00,7.000000e-01,2.514862e-01,-2.280526e-01,-5.627237e-01,4.728421e-02,-1.098389e+01,-1.660000e+01,2.821000e+02,1.338000e+02
-2.773585e-02,-1.234211e-02,-5.789474e-05,-3.616842e-02,-1.996230e+00,6.900000e+00,-8.600000e+00,6.000000e-01,2.629016e-01,-1.496526e-01,-6.146237e-01,-1.341579e-02,3.029587e+01,-1.920000e+01,2.507000e+02,1.696000e+02
-2.705150e-02,-1.244211e-02,-1.657895e-03,-3.486842e-02,-2.135042e+00,7.700000e+00,-9.200000e+00,6.000000e-01,2.725958e-01,-5.965263e-02,-6.361237e-01,-5.161579e-02,4.591233e+01,-2.410000e+01,2.389000e+02,1.846000e+02
-2.677133e-02,-1.224211e-02,-3.457895e-03,-3.406842e-02,-3.259531e+00,8.900000e+00,-1.200000e+01,4.000000e-01,2.827911e-01,2.994737e-02,-6.515237e-01,-7.311579e-02,7.180685e+01,-3.520000e+01,2.189000e+02,2.087000e+02
-2.692133e-02,-1.254211e-02,-4.457895e-03,-3.406842e-02,-3.925375e+00,1.060000e+01,-1.400000e+01,3.000000e-01,2.919978e-01,1.158474e-01,-6.673237e-01,-8.211579e-02,9.193885e+01,-4.010000e+01,2.050000e+02,2.266000e+02
-2.694923e-02,-1.224211e-02,-4.357895e-03,-3.446842e-02,-3.920425e+00,1.060000e+01,-1.400000e+01,3.000000e-01,3.001583e-01,1.921474e-01,-6.882237e-01,-8.111579e-02,1.060157e+02,-3.940000e+01,1.906000e+02,2.355000e+02
-2.755848e-02,-1.164211e-02,-4.157895e-03,-3.576842e-02,-5.960503e+00,1.180000e+01,-1.870000e+01,-1.000000e-01,3.028905e-01,2.565474e-01,-6.991237e-01,-6.791579e-02,1.169034e+02,-3.350000e+01,1.788000e+02,2.412000e+02
-2.763987e-02,-1.164211e-02,-3.757895e-03,-3.656842e-02,-6.286088e+00,1.190000e+01,-2.030000e+01,2.000000e-01,2.945928e-01,3.141474e-01,-6.911237e-01,-4.641579e-02,1.223182e+02,-3.370000e+01,1.697000e+02,2.428000e+02
-2.819956e-02,-1.004211e-02,-1.157895e-03,-3.906842e-02,-5.705846e+00,9.700000e+00,-1.980000e+01,9.000000e-01,2.742274e-01,3.665474e-01,-6.654237e-01,-1.991579e-02,1.225511e+02,-3.850000e+01,1.628000e+02,2.397000e+02
-2.766341e-02,-9.642105e-03,4.842105e-03,-4.166842e-02,-5.732064e+00,9.500000e+00,-2.030000e+01,1.100000e+00,2.406200e-01,4.100474e-01,-6.259237e-01,7.384211e-03,1.200891e+02,-4.200000e+01,1.599000e+02,2.355000e+02
-2.724466e-02,-8.742105e-03,1.214211e-02,-4.506842e-02,-4.900052e+00,7.300000e+00,-2.030000e+01,2.300000e+00,1.982787e-01,4.497474e-01,-5.813237e-01,3.318421e-02,1.120969e+02,-5.040000e+01,1.560000e+02,2.236000e+02
-2.578648e-02,-7.742105e-03,1.914211e-02,-4.726842e-02,-4.216070e+00,5.500000e+00,-2.080000e+01,3.500000e+00,1.535898e-01,4.850474e-01,-5.420237e-01,5.768421e-02,9.675644e+01,-5.460000e+01,1.566000e+02,2.057000e+02
-2.551973e-02,-5.542105e-03,2.654211e-02,-5.116842e-02,-4.433415e+00,3.600000e+00,-2.170000e+01,3.900000e+00,1.059651e-01,5.322474e-01,-5.097237e-01,8.238421e-02,7.815040e+01,-5.650000e+01,1.628000e+02,1.874000e+02
-2.334226e-02,-3.742105e-03,3.294211e-02,-5.256842e-02,-4.429565e+00,4.200000e+00,-2.380000e+01,4.700000e+00,4.820978e-02,5.748474e-01,-4.776237e-01,9.898421e-02,5.175187e+01,-5.540000e+01,1.707000e+02,1.611000e+02
-2.116033e-02,-1.342105e-03,3.794211e-02,-5.356842e-02,-3.690971e+00,6.000000e+00,-2.630000e+01,6.300000e+00,-2.383129e-02,6.142474e-01,-4.398237e-01,1.042842e-01,2.206454e+01,-5.530000e+01,1.786000e+02,1.302000e+02
-1.837041e-02,-1.342105e-03,4.434211e-02,-5.436842e-02,-7.400495e+00,1.200000e+00,-3.160000e+01,5.200000e+00,-1.149373e-01,6.569474e-01,-3.868237e-01,9.708421e-02,-7.471177e+00,-5.710000e+01,1.805000e+02,9.440000e+01
-1.140783e-02,1.957895e-03,4.964211e-02,-5.066842e-02,-5.816798e+00,2.800000e+00,-3.260000e+01,7.100000e+00,-2.291107e-01,7.156474e-01,-3.278237e-01,7.388421e-02,-2.406237e+01,-6.350000e+01,1.858000e+02,7.500000e+01
-4.231957e-03,2.457895e-03,5.114211e-02,-4.496842e-02,-7.608874e+00,7.300000e+00,-4.080000e+01,7.900000e+00,-3.552436e-01,7.820474e-01,-2.684237e-01,3.648421e-02,-5.111970e+01,-7.750000e+01,1.860000e+02,3.480000e+01
6.197073e-03,8.578947e-04,5.284211e-02,-3.566842e-02,-8.244279e+00,1.170000e+01,-4.860000e+01,9.800000e+00,-4.877261e-01,8.529474e-01,-2.094237e-01,-1.341579e-02,-6.896969e+01,-9.520000e+01,1.767000e+02,-3.300000e+00
1.474254e-02,2.057895e-03,5.024211e-02,-2.736842e-02,-1.322924e+01,7.500000e+00,-5.740000e+01,8.800000e+00,-6.249594e-01,9.329474e-01,-1.472237e-01,-7.051579e-02,-7.148875e+01,-1.094000e+02,1.574000e+02,-2.830000e+01
2.805978e-02,1.857895e-03,4.804211e-02,-1.396842e-02,-1.460504e+01,1.550000e+01,-6.900000e+01,1.080000e+01,-7.677902e-01,1.019147e+00,-7.902368e-02,-1.346158e-01,-6.121357e+01,-1.232000e+02,1.338000e+02,-4.020000e+01
3.979369e-02,7.057895e-03,4.574211e-02,-3.468421e-03,-1.640627e+01,1.980000e+01,-7.810000e+01,1.190000e+01,-9.168615e-01,1.105347e+00,-2.368421e-05,-2.064158e-01,-4.096472e+01,-1.264000e+02,1.028000e+02,-3.950000e+01
5.294896e-02,4.857895e-03,4.454211e-02,9.731579e-03,-1.886579e+01,2.100000e+01,-8.450000e+01,1.170000e+01,-1.061287e+00,1.167247e+00,8.267632e-02,-2.852158e-01,-2.849805e+01,-1.244000e+02,8.690000e+01,-3.420000e+01
6.358379e-02,7.257895e-03,4.274211e-02,1.923158e-02,-2.452782e+01,1.440000e+01,-9.530000e+01,1.160000e+01,-1.171055e+00,1.210047e+00,1.565763e-01,-3.400158e-01,-7.867510e+00,-6.500000e+01,4.650000e+01,-5.900000e+00
7.396609e-02,1.045789e-02,4.084211e-02,2.803158e-02,-3.128363e+01,6.700000e+00,-1.096000e+02,1.220000e+01,-1.232678e+00,1.262847e+00,1.763763e-01,-3.953158e-01,6.821591e+00,5.320000e+01,-2.790000e+01,1.550000e+01
8.800651e-02,1.225789e-02,4.194211e-02,4.003158e-02,-3.246995e+01,9.400000e+00,-1.232000e+02,1.620000e+01,-1.335415e+00,1.376447e+00,2.142763e-01,-4.748158e-01,6.432472e+01,1.553000e+02,-1.145000e+02,8.020000e+01
9.367734e-02,1.185789e-02,4.014211e-02,4.463158e-02,-3.754597e+01,6.400000e+00,-1.402000e+02,1.890000e+01,-1.479846e+00,1.534647e+00,2.696763e-01,-5.851158e-01,1.070213e+02,1.694000e+02,-1.626000e+02,1.068000e+02
1.003683e-01,1.135789e-02,4.224211e-02,4.913158e-02,-4.227841e+01,7.300000e+00,-1.599000e+02,2.210000e+01,-1.280854e+00,1.093747e+00,3.808763e-01,-6.110158e-01,2.196850e+02,1.000000e+02,-4.803000e+02,-3.790000e+01
1.147307e-01,1.975789e-02,4.074211e-02,6.163158e-02,-5.349652e+01,3.300000e+00,-1.851000e+02,2.200000e+01,-1.039230e+00,9.298474e-01,4.670763e-01,-4.344158e-01,2.276753e+02,4.220000e+01,-4.711000e+02,-4.470000e+01
1.260173e-01,1.625789e-02,4.224211e-02,7.493158e-02,-5.765738e+01,1.800000e+00,-1.991000e+02,2.410000e+01,-7.808768e-01,1.068447e+00,4.549763e-01,-1.882158e-01,1.003984e+02,1.310000e+02,-3.063000e+02,-5.750000e+01
1.332059e-01,1.255789e-02,4.574211e-02,8.503158e-02,-5.975625e+01,8.500000e+00,-2.305000e+02,3.340000e+01,-6.882746e-01,9.995474e-01,6.021763e-01,-9.011579e-02,7.230904e+01,5.930000e+01,-2.730000e+02,-8.690000e+01
1.336377e-01,8.057895e-03,3.474211e-02,9.773158e-02,-6.939955e+01,8.500000e+00,-2.617000e+02,3.650000e+01,-5.892803e-01,8.838474e-01,7.741763e-01,5.678421e-02,2.463737e+01,-1.350000e+01,-2.077000e+02,-1.139000e+02
1.325431e-01,6.957895e-03,3.234211e-02,1.074316e-01,-7.797678e+01,1.080000e+01,-2.966000e+02,4.150000e+01,-4.133792e-01,7.879474e-01,8.004763e-01,2.228842e-01,-2.161313e+01,-3.400000e+01,-1.637000e+02,-1.426000e+02
1.308315e-01,1.057895e-03,4.484211e-02,1.189316e-01,-7.553832e+01,2.120000e+01,-3.344000e+02,5.700000e+01,-2.987278e-01,6.980474e-01,7.823763e-01,3.008842e-01,2.080706e+00,-4.560000e+01,-1.618000e+02,-1.131000e+02
1.192975e-01,-8.342105e-03,5.984211e-02,1.285316e-01,-7.391232e+01,2.640000e+01,-3.714000e+02,7.440000e+01,-1.072052e-01,5.808474e-01,6.918763e-01,4.080842e-01,5.538639e+01,4.000000e+01,-2.073000e+02,-7.600000e+01
1.115999e-01,3.757895e-03,7.034211e-02,1.391316e-01,-8.212598e+01,3.000000e+01,-3.985000e+02,7.460000e+01,1.613268e-01,5.181474e-01,3.999763e-01,4.879842e-01,2.433571e+01,5.330000e+01,-1.544000e+02,-7.710000e+01
1.004404e-01,1.465789e-02,6.484211e-02,1.626316e-01,-8.990578e+01,1.980000e+01,-4.004000e+02,7.350000e+01,3.160373e-01,2.740474e-01,3.424763e-01,6.177842e-01,4.396032e+00,7.900000e+01,-7.740000e+01,-5.010000e+01
2.131527e-01,1.759579e-01,9.664211e-02,2.008316e-01,-6.326034e+01,5.360000e+01,-3.892000e+02,7.310000e+01,4.658808e-01,6.042474e-01,2.283763e-01,6.800842e-01,-6.397517e+00,6.270000e+01,-4.020000e+01,-3.770000e+01
2.818901e-01,2.833579e-01,1.214421e-01,2.284316e-01,-4.107714e+01,7.720000e+01,-3.704000e+02,7.020000e+01,4.277334e-01,6.656474e-01,1.172763e-01,5.412842e-01,-6.820708e-01,5.660000e+01,-3.720000e+01,-2.860000e+01
3.474980e-01,3.785579e-01,1.531421e-01,2.627316e-01,-2.043810e+01,8.840000e+01,-3.538000e+02,8.140000e+01,2.531282e-01,3.941474e-01,1.273763e-01,3.555842e-01,-6.273283e+00,4.160000e+01,-1.070000e+01,-1.750000e+01
4.006207e-01,4.557579e-01,1.847421e-01,3.014316e-01,-6.211187e+00,8.760000e+01,-3.234000e+02,8.900000e+01,3.062141e-01,3.257474e-01,-4.132368e-02,3.163842e-01,8.180894e-02,2.060000e+01,-1.390000e+01,-1.020000e+01
4.205739e-01,4.934579e-01,2.201421e-01,3.396316e-01,1.589026e+01,9.910000e+01,-2.884000e+02,8.890000e+01,3.387603e-01,2.969474e-01,-2.413237e-01,2.336842e-01,4.375677e+00,1.430000e+01,-1.090000e+01,-2.800000e+00
4.142706e-01,5.155579e-01,2.348421e-01,3.696316e-01,2.256163e+01,9.120000e+01,-2.631000e+02,1.001000e+02,2.808862e-01,2.506474e-01,-3.053237e-01,1.298842e-01,5.561061e+00,-2.000000e+00,-1.040000e+01,4.000000e-01
3.903774e-01,5.340579e-01,2.127421e-01,3.946316e-01,3.261748e+01,9.280000e+01,-2.314000e+02,9.320000e+01,2.561123e-01,2.093474e-01,-3.268237e-01,9.058421e-02,9.525294e+00,-1.200000e+01,-9.600000e+00,6.500000e+00
3.982766e-01,5.736579e-01,1.993421e-01,3.983316e-01,7.855606e+01,1.157000e+02,-1.132000e+02,4.570000e+01,1.487057e-01,1.791474e-01,-2.257237e-01,2.828421e-02,1.375935e+01,-2.010000e+01,-1.170000e+01,1.100000e+01
4.814126e-01,6.175579e-01,2.749421e-01,4.519316e-01,1.574672e+01,1.100000e+00,1.610000e+01,3.300000e+01,-1.043551e-02,2.484737e-02,4.937632e-02,2.758421e-02,1.749456e+01,-2.710000e+01,-1.270000e+01,1.550000e+01
5.442976e-01,6.289579e-01,3.391421e-01,4.984316e-01,-1.140603e+01,-5.600000e+01,8.700000e+01,3.470000e+01,-2.375931e-02,-7.052632e-03,5.527632e-02,2.038421e-02,2.069894e+01,-3.330000e+01,-1.370000e+01,1.930000e+01
3.536846e-01,4.035579e-01,3.271421e-01,4.748316e-01,-3.510531e+01,-9.100000e+01,1.056000e+02,3.960000e+01,-3.202481e-02,-2.235263e-02,4.227632e-02,5.584211e-03,2.276261e+01,-3.560000e+01,-1.510000e+01,2.110000e+01
1.651214e-01,1.939579e-01,3.014421e-01,4.281316e-01,-3.097701e+01,-9.190000e+01,1.094000e+02,5.060000e+01,-4.078775e-02,-5.075263e-02,3.577632e-02,-4.315789e-03,2.270634e+01,-3.610000e+01,-1.460000e+01,2.140000e+01
1.253329e-02,3.755789e-02,2.443421e-01,3.758316e-01,-1.407625e+01,-7.610000e+01,1.166000e+02,5.220000e+01,-4.071553e-02,-5.715263e-02,-1.182368e-02,-3.331579e-02,1.985721e+01,-3.260000e+01,-1.340000e+01,1.840000e+01
-1.032924e-01,-7.634211e-02,1.686421e-01,3.224316e-01,2.568698e+01,-3.620000e+01,1.494000e+02,3.870000e+01,-3.968315e-02,-6.565263e-02,-5.082368e-02,-5.621579e-02,1.488745e+01,-2.550000e+01,-1.200000e+01,1.260000e+01
-1.673601e-01,-1.472421e-01,1.271421e-01,2.662316e-01,5.270536e+01,-1.230000e+01,1.898000e+02,2.540000e+01,-3.967578e-02,-7.115263e-02,-8.712368e-02,-7.951579e-02,9.261325e+00,-1.680000e+01,-8.400000e+00,7.300000e+00
-2.011063e-01,-2.003421e-01,1.269421e-01,2.103316e-01,5.440956e+01,-1.900000e+01,2.248000e+02,2.000000e+01,-3.709199e-02,-7.825263e-02,-1.174237e-01,-9.601579e-02,5.661732e+00,-8.800000e+00,-7.500000e+00,2.700000e+00
-2.257483e-01,-2.491421e-01,1.501421e-01,1.593316e-01,5.453914e+01,-1.900000e+01,2.248000e+02,2.000000e+01,-3.842567e-02,-8.265263e-02,-1.330237e-01,-1.078158e-01,2.869607e+00,-3.900000e+00,-6.300000e+00,-4.000000e-01
-2.556683e-01,-3.118421e-01,1.705421e-01,1.156316e-01,3.048878e+01,-5.560000e+01,2.600000e+02,1.300000e+01,-3.648199e-02,-8.815263e-02,-1.494237e-01,-1.162158e-01,1.192851e+00,-2.200000e+00,-6.400000e+00,-2.700000e+00
-3.550514e-01,-3.875421e-01,9.064211e-02,1.413158e-02,3.199374e+01,-5.290000e+01,2.717000e+02,5.800000e+00,-3.378274e-02,-9.195263e-02,-1.662237e-01,-1.243158e-01,1.981586e+00,4.000000e-01,-8.100000e+00,-3.200000e+00
-4.231016e-01,-4.212421e-01,2.974211e-02,-8.916842e-02,3.566207e+01,-4.610000e+01,2.778000e+02,1.000000e-01,-3.328022e-02,-9.295263e-02,-1.791237e-01,-1.328158e-01,1.225530e+00,9.000000e-01,-8.400000e+00,-4.400000e+00
-3.825553e-01,-3.578421e-01,8.342105e-03,-1.388684e-01,4.597631e+01,-2.650000e+01,2.880000e+02,-1.110000e+01,-3.388774e-02,-9.265263e-02,-1.847237e-01,-1.378158e-01,-8.456183e-01,3.200000e+00,-7.100000e+00,-6.300000e+00
-3.018731e-01,-2.575421e-01,1.464211e-02,-1.636684e-01,5.444479e+01,-1.050000e+01,2.947000e+02,-1.820000e+01,-3.415965e-02,-9.115263e-02,-1.823237e-01,-1.371158e-01,-1.902105e+00,8.100000e+00,-7.600000e+00,-8.500000e+00
-2.410520e-01,-1.825421e-01,5.434211e-02,-1.903684e-01,5.712024e+01,-2.800000e+00,2.969000e+02,-2.280000e+01,-3.637810e-02,-8.835263e-02,-1.716237e-01,-1.332158e-01,-3.489372e+00,1.020000e+01,-6.600000e+00,-1.000000e+01
-1.990005e-01,-1.268421e-01,1.142421e-01,-2.209684e-01,5.769522e+01,1.400000e+00,2.951000e+02,-2.530000e+01,-3.807510e-02,-8.625263e-02,-1.605237e-01,-1.284158e-01,-5.663287e+00,1.260000e+01,-6.100000e+00,-1.260000e+01
-1.671280e-01,-7.384211e-02,1.534421e-01,-2.454684e-01,5.441666e+01,4.800000e+00,2.893000e+02,-3.060000e+01,-3.729345e-02,-8.185263e-02,-1.550237e-01,-1.248158e-01,-6.295478e+00,1.410000e+01,-6.300000e+00,-1.370000e+01
-1.332991e-01,-1.214211e-02,1.629421e-01,-2.542684e-01,5.324503e+01,1.170000e+01,2.835000e+02,-3.530000e+01,-3.770438e-02,-7.345263e-02,-1.480237e-01,-1.222158e-01,-6.209491e+00,1.680000e+01,-6.400000e+00,-1.400000e+01
-9.778283e-02,5.875789e-02,1.719421e-01,-2.569684e-01,5.305542e+01,1.640000e+01,2.812000e+02,-3.810000e+01,-3.637651e-02,-6.875263e-02,-1.450237e-01,-1.198158e-01,-5.663873e+00,1.640000e+01,-6.400000e+00,-1.330000e+01
-6.100545e-02,1.242579e-01,1.734421e-01,-2.433684e-01,5.346188e+01,1.640000e+01,2.812000e+02,-3.810000e+01,-3.638857e-02,-6.435263e-02,-1.420237e-01,-1.190158e-01,-6.566557e+00,1.420000e+01,-5.900000e+00,-1.380000e+01
-1.524998e-02,1.926579e-01,1.942421e-01,-2.198684e-01,5.377602e+01,3.460000e+01,2.715000e+02,-4.390000e+01,-3.456578e-02,-6.015263e-02,-1.404237e-01,-1.169158e-01,-6.319660e+00,1.220000e+01,-6.100000e+00,-1.340000e+01
2.911626e-02,2.551579e-01,2.272421e-01,-1.928684e-01,4.749375e+01,3.750000e+01,2.609000e+02,-4.930000e+01,-3.233179e-02,-5.665263e-02,-1.373237e-01,-1.133158e-01,-4.680198e+00,1.150000e+01,-8.400000e+00,-1.290000e+01
6.918446e-02,3.133579e-01,2.585421e-01,-1.630684e-01,3.861832e+01,4.110000e+01,2.491000e+02,-5.710000e+01,-3.050589e-02,-5.395263e-02,-1.317237e-01,-1.085158e-01,-4.518878e+00,1.040000e+01,-9.900000e+00,-1.360000e+01
1.028837e-01,3.657579e-01,2.814421e-01,-1.306684e-01,2.950670e+01,4.670000e+01,2.394000e+02,-6.610000e+01,-2.898248e-02,-5.055263e-02,-1.255237e-01,-1.038158e-01,-3.873533e+00,9.300000e+00,-1.080000e+01,-1.330000e+01
1.312008e-01,4.137579e-01,2.911421e-01,-9.306842e-02,2.609444e+01,5.050000e+01,2.362000e+02,-7.020000e+01,-2.620819e-02,-4.725263e-02,-1.195237e-01,-9.781579e-02,-2.710561e+00,8.100000e+00,-1.280000e+01,-1.310000e+01
1.537259e-01,4.567579e-01,2.916421e-01,-5.286842e-02,2.199335e+01,5.890000e+01,2.284000e+02,-7.410000e+01,-2.283426e-02,-4.535263e-02,-1.127237e-01,-9.051579e-02,-1.573783e+00,6.600000e+00,-1.600000e+01,-1.370000e+01
1.668102e-01,4.913579e-01,2.856421e-01,-1.496842e-02,2.017261e+01,6.650000e+01,2.205000e+02,-7.480000e+01,-2.071298e-02,-4.425263e-02,-1.017237e-01,-8.191579e-02,1.203413e+00,5.300000e+00,-1.990000e+01,-1.280000e+01
1.698067e-01,5.152579e-01,2.749421e-01,1.823158e-02,2.189329e+01,7.370000e+01,2.113000e+02,-7.060000e+01,-1.781688e-02,-4.585263e-02,-9.322368e-02,-7.381579e-02,4.843100e+00,5.000000e+00,-2.470000e+01,-1.160000e+01
1.645079e-01,5.285579e-01,2.597421e-01,4.713158e-02,2.641592e+01,8.090000e+01,2.019000e+02,-6.280000e+01,-1.566411e-02,-4.425263e-02,-8.462368e-02,-6.721579e-02,9.203057e+00,3.400000e+00,-3.080000e+01,-1.020000e+01
1.576014e-01,5.431579e-01,2.398421e-01,7.793158e-02,3.247166e+01,8.760000e+01,1.948000e+02,-5.380000e+01,-1.237006e-02,-4.305263e-02,-7.802368e-02,-6.061579e-02,1.092430e+01,2.400000e+00,-3.410000e+01,-1.020000e+01
1.403030e-01,5.504579e-01,2.083421e-01,1.050316e-01,4.098708e+01,9.330000e+01,1.921000e+02,-4.360000e+01,-8.629723e-03,-4.005263e-02,-7.402368e-02,-5.561579e-02,1.452052e+01,-1.000000e+00,-3.960000e+01,-9.000000e+00
1.172004e-01,5.598579e-01,1.727421e-01,1.309316e-01,4.701067e+01,9.530000e+01,1.930000e+02,-3.750000e+01,-4.603591e-03,-3.765263e-02,-7.112368e-02,-5.091579e-02,1.710167e+01,-7.200000e+00,-4.520000e+01,-8.600000e+00
8.886370e-02,5.687579e-01,1.389421e-01,1.535316e-01,5.981463e+01,9.400000e+01,1.975000e+02,-2.560000e+01,-1.128361e-04,-3.305263e-02,-7.612368e-02,-5.171579e-02,2.006533e+01,-2.800000e+00,-4.930000e+01,-8.600000e+00
5.220507e-02,5.778579e-01,1.075421e-01,1.677316e-01,6.860709e+01,8.740000e+01,1.967000e+02,-1.590000e+01,2.922934e-03,-3.475263e-02,-7.642368e-02,-4.991579e-02,1.896804e+01,-1.070000e+01,-5.490000e+01,-1.230000e+01
6.070096e-03,5.855579e-01,7.594211e-02,1.715316e-01,7.543655e+01,8.010000e+01,1.906000e+02,-5.800000e+00,6.137319e-03,-3.395263e-02,-7.642368e-02,-4.821579e-02,2.172246e+01,-1.020000e+01,-5.890000e+01,-1.180000e+01
-5.073040e-02,5.986579e-01,4.064211e-02,1.652316e-01,7.736361e+01,7.650000e+01,1.797000e+02,1.800000e+00,4.837836e-03,-3.035263e-02,-7.112368e-02,-4.911579e-02,2.550692e+01,-9.000000e+00,-6.350000e+01,-1.060000e+01
-1.179882e-01,6.202579e-01,2.842105e-03,1.485316e-01,7.563924e+01,7.530000e+01,1.658000e+02,7.400000e+00,6.261542e-03,-2.705263e-02,-6.852368e-02,-4.841579e-02,2.891092e+01,-1.010000e+01,-6.700000e+01,-8.600000e+00
-1.928170e-01,6.495579e-01,-3.375789e-02,1.201316e-01,7.095194e+01,5.970000e+01,1.452000e+02,1.070000e+01,7.875367e-03,-2.285263e-02,-6.872368e-02,-4.971579e-02,3.425572e+01,-1.110000e+01,-7.350000e+01,-6.300000e+00
-2.786625e-01,6.928579e-01,-6.665789e-02,7.803158e-02,6.782487e+01,5.410000e+01,1.330000e+02,1.300000e+01,1.128053e-02,-1.805263e-02,-7.062368e-02,-5.021579e-02,3.872905e+01,-1.470000e+01,-8.180000e+01,-5.700000e+00
-3.810889e-01,7.493579e-01,-1.037579e-01,1.933158e-02,5.462587e+01,4.280000e+01,1.143000e+02,5.800000e+00,1.382831e-02,-1.205263e-02,-7.042368e-02,-5.081579e-02,4.526882e+01,-1.520000e+01,-9.150000e+01,-4.300000e+00
-4.880482e-01,8.127579e-01,-1.315579e-01,-5.486842e-02,3.837575e+01,1.700000e+01,8.680000e+01,-3.600000e+00,1.479689e-02,-7.752632e-03,-6.842368e-02,-5.171579e-02,5.007469e+01,-1.730000e+01,-1.003000e+02,-4.000000e+00
-6.014637e-01,8.775579e-01,-1.570579e-01,-1.472684e-01,1.370030e+01,-1.570000e+01,4.760000e+01,-1.810000e+01,1.505840e-02,-2.552632e-03,-6.562368e-02,-5.331579e-02,5.549746e+01,-1.770000e+01,-1.099000e+02,-4.000000e+00
-7.267709e-01,9.529579e-01,-1.914579e-01,-2.554684e-01,-2.142438e+01,-4.660000e+01,1.000000e+00,-4.050000e+01,1.401100e-02,2.347368e-03,-5.502368e-02,-5.061579e-02,5.757178e+01,-1.880000e+01,-1.145000e+02,-4.400000e+00
-8.614273e-01,1.044458e+00,-2.354579e-01,-3.745684e-01,-6.166897e+01,-7.400000e+01,-4.810000e+01,-6.690000e+01,1.635270e-02,1.364737e-02,-5.072368e-02,-5.041579e-02,6.245714e+01,-2.180000e+01,-1.250000e+02,-4.900000e+00
-1.009937e+00,1.170158e+00,-2.853579e-01,-5.015684e-01,-9.805680e+01,-8.890000e+01,-7.810000e+01,-9.680000e+01,1.751492e-02,2.204737e-02,-4.762368e-02,-5.161579e-02,6.848037e+01,-2.460000e+01,-1.370000e+02,-5.100000e+00
-1.183994e+00,1.371558e+00,-3.431579e-01,-6.653684e-01,-1.461239e+02,-1.137000e+02,-1.759000e+02,-1.049000e+02,2.126331e-02,2.844737e-02,-4.952368e-02,-5.211579e-02,7.383647e+01,-3.050000e+01,-1.496000e+02,-5.400000e+00
-1.328832e+00,1.322458e+00,-4.715579e-01,-8.830684e-01,-1.872743e+02,-5.280000e+01,-3.502000e+02,-4.440000e+01,2.418258e-02,3.304737e-02,-5.142368e-02,-5.251579e-02,8.094142e+01,-3.470000e+01,-1.655000e+02,-6.600000e+00
-1.234340e+00,1.257858e+00,-6.651579e-01,-8.147684e-01,-1.441312e+02,4.740000e+01,-4.073000e+02,5.270000e+01,2.953472e-02,3.514737e-02,-5.272368e-02,-4.691579e-02,9.241474e+01,-4.020000e+01,-1.882000e+02,-6.700000e+00
-9.628939e-01,1.317058e+00,-7.474579e-01,-5.682684e-01,-2.451623e+01,-1.390000e+01,-2.862000e+02,1.183000e+02,3.841625e-02,3.404737e-02,-6.112368e-02,-3.891579e-02,1.046119e+02,-4.520000e+01,-2.175000e+02,-1.150000e+01
-7.967461e-01,1.331858e+00,-8.092579e-01,-4.416684e-01,2.261554e+01,1.300000e+00,-2.242000e+02,1.400000e+02,4.689840e-02,2.944737e-02,-7.342368e-02,-3.011579e-02,1.105121e+02,-4.930000e+01,-2.346000e+02,-1.550000e+01
-6.593783e-01,1.310058e+00,-8.455579e-01,-3.513684e-01,-1.769427e+01,-6.650000e+01,-1.932000e+02,7.900000e+01,5.680439e-02,2.424737e-02,-8.812368e-02,-1.641579e-02,1.229637e+02,-5.800000e+01,-2.727000e+02,-2.580000e+01
-3.444622e-01,1.411958e+00,-5.668579e-01,-2.031684e-01,2.056115e+00,-6.990000e+01,-1.256000e+02,6.770000e+01,6.699020e-02,1.674737e-02,-1.064237e-01,3.184211e-03,1.360654e+02,-6.520000e+01,-3.142000e+02,-3.960000e+01
-2.443222e-01,1.289558e+00,-5.535579e-01,-1.248684e-01,6.338633e+00,-7.270000e+01,-6.380000e+01,4.310000e+01,8.172530e-02,1.484737e-02,-1.277237e-01,3.378421e-02,1.524978e+02,-6.930000e+01,-3.599000e+02,-5.520000e+01
-1.283653e-01,1.187158e+00,-5.776579e-01,8.631579e-03,1.391181e+01,-5.530000e+01,-7.200000e+00,2.380000e+01,1.111987e-01,3.814737e-02,-1.563237e-01,7.068421e-02,1.626623e+02,-6.540000e+01,-3.859000e+02,-6.900000e+01
-3.810193e-03,1.003758e+00,-5.202579e-01,1.267316e-01,4.646098e+00,-4.620000e+01,-4.100000e+00,1.140000e+01,1.731802e-01,1.023474e-01,-1.972237e-01,1.211842e-01,1.483880e+02,-7.920000e+01,-3.866000e+02,-8.170000e+01
1.616059e-01,7.574579e-01,-4.430579e-01,2.926316e-01,4.745422e+00,-3.040000e+01,3.900000e+00,6.500000e+00,2.589942e-01,1.831474e-01,-2.596237e-01,1.833842e-01,1.351952e+02,-8.820000e+01,-3.809000e+02,-9.030000e+01
4.244732e-01,7.383579e-01,-3.077579e-01,5.195316e-01,1.564509e+00,-2.350000e+01,3.600000e+00,2.500000e+00,3.401840e-01,2.519474e-01,-3.448237e-01,2.398842e-01,1.096762e+02,-1.021000e+02,-3.803000e+02,-1.271000e+02
4.612318e-01,7.286579e-01,-8.565789e-02,4.638316e-01,8.762497e-01,-2.230000e+01,2.800000e+00,2.000000e+00,4.097710e-01,3.045474e-01,-4.491237e-01,2.937842e-01,8.035477e+01,-1.111000e+02,-3.718000e+02,-1.742000e+02
2.849584e-01,5.793579e-01,2.484211e-02,2.392316e-01,1.794280e+00,-2.240000e+01,4.600000e+00,2.300000e+00,4.714475e-01,3.585474e-01,-5.635237e-01,3.374842e-01,5.620158e+01,-1.075000e+02,-3.510000e+02,-2.193000e+02
2.288953e-01,4.577579e-01,1.154421e-01,1.522316e-01,1.485791e+00,-1.950000e+01,3.900000e+00,2.000000e+00,5.294178e-01,4.266474e-01,-6.548237e-01,4.022842e-01,5.723992e+01,-7.410000e+01,-3.148000e+02,-2.362000e+02
2.066573e-01,3.597579e-01,1.720421e-01,1.142316e-01,1.019386e+00,-1.390000e+01,2.800000e+00,1.400000e+00,6.007022e-01,4.957474e-01,-7.526237e-01,4.752842e-01,5.333251e+01,-2.410000e+01,-2.217000e+02,-2.116000e+02
1.667533e-02,1.303579e-01,-8.495789e-02,3.473158e-02,2.155008e-02,-1.030000e+01,2.000000e-01,1.000000e+00,5.879842e-01,4.957474e-01,-7.806237e-01,5.237842e-01,-2.178609e+01,-5.920000e+01,-1.072000e+02,-1.432000e+02
2.522101e-02,1.120579e-01,-6.655789e-02,3.793158e-02,2.988127e-01,-7.000000e+00,-4.000000e-01,1.200000e+00,5.362941e-01,4.235474e-01,-8.394237e-01,5.436842e-01,3.174674e-01,-3.590000e+01,-7.890000e+01,-4.580000e+01
9.922523e-03,5.725789e-02,-2.857895e-03,1.831579e-03,1.271336e+00,-4.300000e+00,1.300000e+00,1.300000e+00,6.415813e-01,4.104474e-01,-9.878237e-01,6.632842e-01,1.660116e+01,5.090000e+01,6.960000e+01,4.260000e+01
-7.437755e-04,5.045789e-02,-1.105789e-02,-5.668421e-03,1.226448e-01,-2.300000e+00,1.700000e+00,-3.000000e-01,5.797410e-01,2.348474e-01,-1.061124e+00,7.174842e-01,4.014403e+01,1.129000e+02,1.236000e+02,2.430000e+01
-1.598639e-02,2.455789e-02,-2.025789e-02,-1.576842e-02,2.105294e-01,-1.400000e+00,1.200000e+00,-1.000000e-01,4.100554e-01,-1.035263e-02,-1.055924e+00,7.115842e-01,3.046673e+01,1.131000e+02,1.344000e+02,1.700000e+00
-2.148303e-02,1.605789e-02,-8.957895e-03,-2.516842e-02,-1.415668e-01,-1.200000e+00,-6.000000e-01,2.000000e-01,2.716723e-01,-1.972526e-01,-9.890237e-01,7.003842e-01,-3.956179e+00,9.520000e+01,1.822000e+02,2.010000e+01
-2.803592e-02,9.757895e-03,-1.535789e-02,-2.906842e-02,-8.870747e-02,-1.100000e+00,-1.000000e+00,4.000000e-01,2.035340e-01,-3.211526e-01,-9.087237e-01,7.013842e-01,-3.964181e+01,9.050000e+01,2.574000e+02,3.940000e+01
-3.149798e-02,6.257895e-03,-1.915789e-02,-3.106842e-02,-5.661859e-01,-1.800000e+00,-3.200000e+00,8.000000e-01,1.622260e-01,-4.286526e-01,-8.297237e-01,7.076842e-01,-5.264685e+01,9.430000e+01,2.941000e+02,4.610000e+01
-3.372775e-02,5.057895e-03,-1.615789e-02,-3.456842e-02,-4.399844e-01,-1.100000e+00,-3.300000e+00,9.000000e-01,1.202926e-01,-5.487526e-01,-7.741237e-01,6.691842e-01,-6.959533e+01,1.072000e+02,3.507000e+02,4.840000e+01
-3.558362e-02,5.457895e-03,-1.165789e-02,-3.836842e-02,-9.334355e-01,1.000000e-01,-3.700000e+00,4.000000e-01,7.277993e-02,-6.614526e-01,-7.034237e-01,6.070842e-01,-8.718022e+01,1.204000e+02,3.967000e+02,3.680000e+01
-3.767984e-02,5.857895e-03,-7.357895e-03,-4.236842e-02,-1.000937e+00,-0.000000e+00,-4.400000e+00,6.000000e-01,1.038664e-01,-6.951526e-01,-6.802237e-01,5.443842e-01,-1.175199e+02,1.115000e+02,4.317000e+02,2.340000e+01
-3.778846e-02,5.557895e-03,-5.057895e-03,-4.336842e-02,-3.983122e-02,-0.000000e+00,-3.800000e+00,1.400000e+00,1.672145e-01,-6.459526e-01,-6.064237e-01,4.975842e-01,-1.553166e+02,8.310000e+01,4.580000e+02,1.390000e+01
-3.669794e-02,4.157895e-03,-2.257895e-03,-4.326842e-02,-8.640655e-01,2.000000e-01,-6.200000e+00,1.400000e+00,6.218817e-02,-6.741526e-01,-4.537237e-01,3.420842e-01,-1.828557e+02,5.700000e+01,4.716000e+02,7.400000e+00
-3.557331e-02,2.257895e-03,1.421053e-04,-4.296842e-02,-7.647413e-01,1.000000e+00,-7.200000e+00,1.800000e+00,7.871136e-02,-5.768526e-01,-3.767237e-01,2.387842e-01,-1.956151e+02,4.180000e+01,4.752000e+02,4.800000e+00
-3.545609e-02,2.457895e-03,-4.578947e-04,-4.286842e-02,-1.275074e+00,2.000000e+00,-8.400000e+00,1.600000e+00,1.616297e-01,-4.252526e-01,-3.633237e-01,1.861842e-01,-1.970923e+02,3.550000e+01,4.742000e+02,7.400000e+00
-3.499154e-02,2.757895e-03,-3.657895e-03,-4.156842e-02,-1.598394e+00,4.400000e+00,-1.130000e+01,2.100000e+00,2.256670e-01,-3.181526e-01,-3.942237e-01,1.444842e-01,-1.861471e+02,2.610000e+01,4.629000e+02,2.150000e+01
-3.398232e-02,2.257895e-03,-7.357895e-03,-3.946842e-02,-2.675967e+00,5.400000e+00,-1.280000e+01,1.400000e+00,2.394537e-01,-2.619526e-01,-4.207237e-01,9.328421e-02,-1.618727e+02,1.490000e+01,4.413000e+02,4.600000e+01
-3.380715e-02,2.057895e-03,-1.235789e-02,-3.786842e-02,-3.079020e+00,5.500000e+00,-1.400000e+01,1.400000e+00,2.352417e-01,-2.004526e-01,-4.216237e-01,5.188421e-02,-1.273502e+02,-6.000000e-01,4.090000e+02,7.690000e+01
-3.328143e-02,3.578947e-04,-1.245789e-02,-3.766842e-02,-3.020013e+00,5.800000e+00,-1.580000e+01,2.100000e+00,2.428926e-01,-1.309526e-01,-4.212237e-01,3.978421e-02,-8.856190e+01,-2.390000e+01,3.778000e+02,1.138000e+02
-3.473199e-02,1.157895e-03,-1.065789e-02,-4.056842e-02,-2.976062e+00,5.200000e+00,-1.580000e+01,2.200000e+00,2.603194e-01,-6.135263e-02,-4.305237e-01,4.928421e-02,-5.055402e+01,-4.340000e+01,3.455000e+02,1.456000e+02
-3.625276e-02,2.357895e-03,-1.075789e-02,-4.286842e-02,-2.966189e+00,5.200000e+00,-1.580000e+01,2.200000e+00,3.007385e-01,5.547368e-03,-4.601237e-01,8.968421e-02,-2.298995e+01,-5.110000e+01,3.323000e+02,1.722000e+02
-3.716338e-02,2.457895e-03,-4.957895e-03,-4.666842e-02,-1.338600e+00,5.000000e-01,-1.540000e+01,4.300000e+00,3.480817e-01,5.884737e-02,-5.026237e-01,1.444842e-01,-4.540703e+00,-5.900000e+01,3.097000e+02,1.819000e+02
-3.900470e-02,3.657895e-03,-2.857895e-03,-5.026842e-02,-1.372199e+00,-1.300000e+00,-1.660000e+01,4.900000e+00,3.827820e-01,1.144474e-01,-5.183237e-01,2.134842e-01,1.185780e+01,-5.990000e+01,2.939000e+02,1.923000e+02
-3.932030e-02,7.957895e-03,-2.578947e-04,-5.276842e-02,-8.924096e-01,-2.300000e+00,-1.630000e+01,5.400000e+00,4.018584e-01,1.779474e-01,-5.117237e-01,2.924842e-01,1.191248e+01,-5.640000e+01,2.852000e+02,1.878000e+02
-4.025555e-02,1.085789e-02,1.742105e-03,-5.556842e-02,-4.730220e-01,-1.900000e+00,-1.660000e+01,5.900000e+00,4.004388e-01,2.583474e-01,-4.885237e-01,3.756842e-01,-2.603358e+00,-5.330000e+01,2.848000e+02,1.711000e+02
-3.929790e-02,1.245789e-02,7.942105e-03,-5.786842e-02,-8.005974e-01,-3.700000e+00,-1.890000e+01,6.600000e+00,3.714932e-01,3.601474e-01,-4.526237e-01,4.563842e-01,-2.547660e+01,-5.050000e+01,2.897000e+02,1.475000e+02
-3.814019e-02,1.435789e-02,1.484211e-02,-6.036842e-02,1.789229e+00,-2.300000e+00,-2.080000e+01,9.900000e+00,3.093657e-01,4.881474e-01,-4.132237e-01,5.246842e-01,-5.194921e+01,-4.610000e+01,2.922000e+02,1.180000e+02
-3.286365e-02,1.515789e-02,2.174211e-02,-5.846842e-02,3.175889e+00,-2.000000e-01,-2.400000e+01,1.230000e+01,2.135540e-01,6.174474e-01,-3.768237e-01,5.698842e-01,-6.489716e+01,-4.310000e+01,2.929000e+02,1.034000e+02
-3.317567e-02,2.475789e-02,2.844211e-02,-6.376842e-02,2.302176e+00,-5.800000e+00,-2.600000e+01,1.280000e+01,7.183278e-02,7.563474e-01,-3.237237e-01,5.848842e-01,-8.943507e+01,-3.620000e+01,2.870000e+02,7.070000e+01
-1.616381e-02,1.215789e-02,3.314211e-02,-4.746842e-02,-1.499497e+00,-9.300000e+00,-4.080000e+01,1.460000e+01,-1.162773e-01,9.093474e-01,-2.524237e-01,5.638842e-01,-9.877686e+01,-3.870000e+01,2.653000e+02,4.180000e+01
-7.622268e-03,1.795789e-02,3.294211e-02,-4.096842e-02,-1.764012e+00,-1.080000e+01,-4.190000e+01,1.490000e+01,-3.375972e-01,1.073247e+00,-1.775237e-01,5.034842e-01,-9.594966e+01,-4.200000e+01,2.319000e+02,1.930000e+01
7.262515e-03,1.845789e-02,2.914211e-02,-2.606842e-02,-5.002173e+00,-1.550000e+01,-5.190000e+01,1.570000e+01,-5.873147e-01,1.250147e+00,-9.682368e-02,4.037842e-01,-7.799096e+01,-4.240000e+01,1.853000e+02,8.500000e+00
2.350835e-02,1.895789e-02,2.604211e-02,-1.036842e-02,-4.991974e+00,-9.800000e+00,-6.190000e+01,1.840000e+01,-8.514864e-01,1.425947e+00,-1.382368e-02,2.687842e-01,-4.552012e+01,-3.890000e+01,1.327000e+02,1.550000e+01
3.870950e-02,1.675789e-02,2.324211e-02,4.131579e-03,-1.107493e+01,-1.360000e+01,-7.520000e+01,1.720000e+01,-1.122139e+00,1.591147e+00,7.137632e-02,1.126842e-01,-1.920114e+01,-3.590000e+01,1.027000e+02,3.150000e+01
5.723924e-02,1.405789e-02,1.824211e-02,2.273158e-02,-1.445998e+01,-1.090000e+01,-9.060000e+01,1.850000e+01,-1.373710e+00,1.735847e+00,1.513763e-01,-5.631579e-02,1.676985e+01,-3.120000e+01,4.720000e+01,4.200000e+01
7.536995e-02,1.275789e-02,1.274211e-02,4.053158e-02,-1.902107e+01,-1.140000e+01,-1.081000e+02,1.980000e+01,-1.592293e+00,1.853047e+00,2.161763e-01,-2.274158e-01,5.015266e+01,-1.560000e+01,-2.800000e+00,6.120000e+01
9.307041e-02,1.165789e-02,6.642105e-03,5.793158e-02,-2.170001e+01,-1.180000e+01,-1.257000e+02,2.310000e+01,-1.777030e+00,1.940747e+00,2.743763e-01,-3.911158e-01,6.783612e+01,8.600000e+00,-4.190000e+01,7.260000e+01
1.093976e-01,1.215789e-02,4.742105e-03,7.233158e-02,-2.285614e+01,-1.250000e+01,-1.359000e+02,2.550000e+01,-1.846770e+00,1.982947e+00,2.725763e-01,-4.890158e-01,6.623679e+01,7.970000e+01,-9.030000e+01,8.210000e+01
1.280480e-01,3.957895e-03,1.942105e-03,9.233158e-02,-2.300143e+01,-1.470000e+01,-1.554000e+02,3.260000e+01,-2.069661e+00,2.111947e+00,3.907763e-01,-7.084158e-01,1.097282e+02,8.060000e+01,-1.945000e+02,6.450000e+01
1.372144e-01,1.465789e-02,5.142105e-03,9.493158e-02,-2.309394e+01,-1.860000e+01,-1.785000e+02,4.150000e+01,-2.037868e+00,1.822747e+00,5.334763e-01,-8.332158e-01,1.729348e+02,7.000000e-01,-2.396000e+02,6.760000e+01
1.559277e-01,5.789474e-05,1.654211e-02,1.148316e-01,-2.363573e+01,-2.180000e+01,-2.120000e+02,5.330000e+01,-1.560537e+00,1.442347e+00,4.707763e-01,-6.266158e-01,1.950266e+02,2.000000e+00,-4.357000e+02,-3.960000e+01
1.785552e-01,-7.842105e-03,2.984211e-02,1.396316e-01,-3.071253e+01,-3.570000e+01,-2.532000e+02,6.430000e+01,-1.224414e+00,1.515747e+00,4.799763e-01,-3.430158e-01,1.137743e+02,3.080000e+01,-4.195000e+02,-1.205000e+02
1.893390e-01,-2.134211e-02,4.834211e-02,1.573316e-01,-2.415090e+01,-3.660000e+01,-2.919000e+02,8.490000e+01,-1.070289e+00,1.389847e+00,6.394763e-01,-2.423158e-01,8.352033e+01,3.320000e+01,-3.334000e+02,-1.010000e+02
1.934035e-01,-3.764211e-02,5.574211e-02,1.811316e-01,-9.231951e+00,-1.950000e+01,-3.366000e+02,1.085000e+02,-8.172598e-01,1.263247e+00,6.927763e-01,-3.691579e-02,2.115943e+01,-2.960000e+01,-2.298000e+02,-1.304000e+02
1.878233e-01,-4.524211e-02,6.084211e-02,1.991316e-01,-6.264018e+00,-1.720000e+01,-3.589000e+02,1.179000e+02,-5.388360e-01,1.087347e+00,6.349763e-01,1.389842e-01,-3.696330e+01,-2.130000e+01,-1.777000e+02,-1.651000e+02
1.857075e-01,-4.494211e-02,6.834211e-02,2.288316e-01,-1.707298e+00,-1.290000e+01,-4.059000e+02,1.357000e+02,-3.453811e-01,9.015474e-01,5.545763e-01,2.202842e-01,1.950618e+00,-3.200000e+01,-1.784000e+02,-1.203000e+02
2.069310e-01,-2.042105e-03,8.054211e-02,2.675316e-01,-2.538361e-01,-1.900000e+00,-4.361000e+02,1.388000e+02,-1.388329e-01,7.205474e-01,3.972763e-01,2.887842e-01,4.365565e+01,-2.960000e+01,-1.817000e+02,-7.150000e+01
2.769074e-01,1.089579e-01,8.624211e-02,3.178316e-01,7.572594e+00,2.210000e+01,-4.301000e+02,1.264000e+02,1.799174e-02,5.752474e-01,2.926763e-01,3.449842e-01,4.917394e+01,1.230000e+01,-1.830000e+02,-6.090000e+01
3.592825e-01,2.193579e-01,1.078421e-01,3.813316e-01,3.155586e+01,5.120000e+01,-4.077000e+02,1.245000e+02,4.004165e-01,4.420474e-01,5.727632e-02,5.909842e-01,3.373645e+01,7.730000e+01,-1.777000e+02,-7.130000e+01
3.988165e-01,2.821579e-01,1.169421e-01,4.449316e-01,4.524367e+01,6.350000e+01,-3.928000e+02,1.267000e+02,5.822242e-01,5.648474e-01,-4.282368e-02,7.240842e-01,-2.844408e+01,6.710000e+01,-3.570000e+01,-5.470000e+01
3.910892e-01,3.027579e-01,1.233421e-01,4.978316e-01,6.163144e+01,6.430000e+01,-3.668000e+02,1.453000e+02,4.401711e-01,7.911474e-01,1.417632e-02,5.739842e-01,-3.294434e+00,4.290000e+01,-4.700000e+01,-3.250000e+01
3.619795e-01,3.266579e-01,1.130421e-01,5.284316e-01,6.128958e+01,5.720000e+01,-3.669000e+02,1.561000e+02,2.747858e-01,5.229474e-01,-2.632368e-02,3.458842e-01,-1.552567e+00,2.890000e+01,-2.240000e+01,-1.550000e+01
3.643493e-01,3.701579e-01,7.844211e-02,5.956316e-01,7.627529e+01,7.220000e+01,-3.136000e+02,1.411000e+02,3.586368e-01,4.278474e-01,-2.139237e-01,3.260842e-01,-2.670119e-01,1.730000e+01,-1.400000e+01,-8.900000e+00
3.602812e-01,4.161579e-01,5.444211e-02,6.567316e-01,7.631783e+01,7.220000e+01,-3.136000e+02,1.411000e+02,3.056241e-01,3.315474e-01,-3.045237e-01,2.071842e-01,3.681641e+00,1.260000e+01,-1.520000e+01,-5.000000e+00
4.115362e-01,4.546579e-01,1.304421e-01,6.753316e-01,-2.760208e+01,-1.610000e+01,-1.980000e+01,-2.790000e+01,2.326645e-01,2.838474e-01,-3.014237e-01,1.222842e-01,3.463045e+00,9.000000e+00,-8.800000e+00,-1.400000e+00
5.813021e-01,5.503579e-01,2.761421e-01,7.742316e-01,-9.399321e+01,-9.150000e+01,9.200000e+01,-6.120000e+01,2.247295e-01,2.509474e-01,-2.649237e-01,1.327842e-01,5.056792e+00,3.600000e+00,-1.090000e+01,-7.000000e-01
5.263852e-01,4.548579e-01,3.590421e-01,7.625316e-01,-1.376677e+02,-1.362000e+02,8.570000e+01,-6.630000e+01,1.826884e-01,2.200474e-01,-1.383237e-01,1.577842e-01,8.102885e+00,-4.500000e+00,-1.150000e+01,2.700000e+00
2.948839e-01,2.047579e-01,3.720421e-01,6.892316e-01,-1.296533e+02,-1.244000e+02,7.160000e+01,-6.810000e+01,1.060169e-01,1.771474e-01,-1.092368e-02,1.441842e-01,1.054193e+01,-1.300000e+01,-1.270000e+01,5.100000e+00
1.262999e-01,3.225789e-02,3.046421e-01,6.182316e-01,-7.907235e+01,-6.420000e+01,8.210000e+01,-8.040000e+01,-1.220692e-02,1.794737e-02,1.080763e-01,8.228421e-02,1.164083e+01,-1.750000e+01,-1.330000e+01,6.200000e+00
4.310621e-02,-6.064211e-02,2.404421e-01,5.584316e-01,-2.837645e+00,1.640000e+01,1.309000e+02,-8.730000e+01,4.973004e-04,-1.352632e-03,5.037632e-02,6.248421e-02,1.305116e+01,-1.920000e+01,-1.470000e+01,7.100000e+00
5.753048e-03,-1.151421e-01,2.178421e-01,4.963316e-01,3.449849e+01,4.480000e+01,1.806000e+02,-7.810000e+01,-2.643199e-02,-4.825263e-02,3.067632e-02,2.028421e-02,1.306690e+01,-1.740000e+01,-1.500000e+01,6.900000e+00
-2.445185e-02,-1.733421e-01,2.337421e-01,4.352316e-01,3.553108e+01,2.890000e+01,2.167000e+02,-6.110000e+01,-3.683033e-02,-7.235263e-02,2.027632e-02,2.284211e-03,1.126289e+01,-1.520000e+01,-1.290000e+01,6.000000e+00
-7.615178e-02,-2.392421e-01,2.772421e-01,3.341316e-01,2.777956e+01,4.800000e+00,2.430000e+02,-4.680000e+01,-4.146517e-02,-7.775263e-02,-4.623684e-03,-1.881579e-02,8.397469e+00,-1.070000e+01,-1.120000e+01,3.500000e+00
-1.286632e-01,-2.962421e-01,3.087421e-01,2.268316e-01,3.057490e+01,-4.000000e-01,2.667000e+02,-4.290000e+01,-4.092736e-02,-8.265263e-02,-2.322368e-02,-3.011579e-02,6.114221e+00,-8.800000e+00,-1.030000e+01,1.300000e+00
-1.710669e-01,-3.380421e-01,2.347421e-01,1.610316e-01,3.590455e+01,3.800000e+00,2.796000e+02,-4.420000e+01,-4.580433e-02,-8.655263e-02,-2.532368e-02,-3.771579e-02,6.599533e+00,-9.300000e+00,-1.130000e+01,1.300000e+00
-3.325104e-01,-4.348421e-01,8.874211e-02,2.231579e-03,4.685265e+01,1.360000e+01,3.027000e+02,-4.660000e+01,-4.707563e-02,-8.945263e-02,-3.002368e-02,-4.271579e-02,6.783408e+00,-1.120000e+01,-1.250000e+01,9.000000e-01
-3.125201e-01,-3.765421e-01,7.442105e-03,-5.806842e-02,5.400715e+01,1.970000e+01,3.185000e+02,-4.780000e+01,-4.554971e-02,-8.995263e-02,-4.342368e-02,-5.001579e-02,7.161029e+00,-1.160000e+01,-1.410000e+01,4.000000e-01
-1.952560e-01,-2.272421e-01,4.842105e-03,-7.306842e-02,5.694902e+01,1.910000e+01,3.252000e+02,-4.530000e+01,-4.475507e-02,-8.995263e-02,-5.872368e-02,-5.941579e-02,7.081039e+00,-1.300000e+01,-1.460000e+01,1.000000e-01
-1.345872e-01,-1.536421e-01,6.494211e-02,-1.017684e-01,5.704092e+01,1.910000e+01,3.252000e+02,-4.530000e+01,-4.178085e-02,-8.865263e-02,-7.302368e-02,-6.591579e-02,5.991486e+00,-1.210000e+01,-1.600000e+01,-2.100000e+00
-1.022442e-01,-1.020421e-01,1.329421e-01,-1.398684e-01,5.936273e+01,2.220000e+01,3.197000e+02,-4.310000e+01,-3.938188e-02,-8.635263e-02,-8.212368e-02,-7.001579e-02,5.537361e+00,-9.600000e+00,-1.600000e+01,-2.800000e+00
-8.032722e-02,-3.974211e-02,1.587421e-01,-1.725684e-01,5.962988e+01,2.220000e+01,3.197000e+02,-4.310000e+01,-3.820751e-02,-8.575263e-02,-8.312368e-02,-7.041579e-02,4.542077e+00,-9.400000e+00,-1.650000e+01,-4.300000e+00
-5.857590e-02,3.095789e-02,1.613421e-01,-1.905684e-01,5.431001e+01,2.680000e+01,3.036000e+02,-4.750000e+01,-3.762748e-02,-8.325263e-02,-7.672368e-02,-6.701579e-02,3.677383e+00,-8.000000e+00,-1.630000e+01,-5.300000e+00
-3.596755e-02,1.025579e-01,1.625421e-01,-1.963684e-01,4.853232e+01,2.980000e+01,2.885000e+02,-5.150000e+01,-3.906559e-02,-8.195263e-02,-6.742368e-02,-6.411579e-02,3.092965e+00,-6.800000e+00,-1.680000e+01,-6.400000e+00
-8.148325e-03,1.712579e-01,1.806421e-01,-1.909684e-01,4.320077e+01,3.250000e+01,2.777000e+02,-5.590000e+01,-3.741651e-02,-8.055263e-02,-6.662368e-02,-6.291579e-02,3.107764e+00,-6.500000e+00,-1.680000e+01,-6.400000e+00
1.825646e-02,2.299579e-01,2.129421e-01,-1.803684e-01,3.381277e+01,3.280000e+01,2.677000e+02,-6.380000e+01,-3.541859e-02,-7.625263e-02,-7.032368e-02,-6.451579e-02,3.088283e+00,-5.000000e+00,-1.750000e+01,-7.000000e+00
4.035117e-02,2.790579e-01,2.460421e-01,-1.658684e-01,2.447391e+01,3.370000e+01,2.552000e+02,-7.070000e+01,-3.323839e-02,-7.165263e-02,-7.442368e-02,-6.621579e-02,4.064470e+00,-4.800000e+00,-1.820000e+01,-6.300000e+00
5.910286e-02,3.211579e-01,2.706421e-01,-1.454684e-01,1.677936e+01,3.720000e+01,2.452000e+02,-7.710000e+01,-3.060643e-02,-6.715263e-02,-7.672368e-02,-6.641579e-02,6.130303e+00,-3.000000e+00,-2.130000e+01,-6.000000e+00
7.780484e-02,3.589579e-01,2.874421e-01,-1.168684e-01,1.318663e+01,4.020000e+01,2.404000e+02,-8.040000e+01,-2.930131e-02,-6.425263e-02,-7.512368e-02,-6.561579e-02,6.151279e+00,-3.900000e+00,-2.290000e+01,-6.900000e+00
9.604308e-02,3.975579e-01,3.014421e-01,-8.436842e-02,1.132139e+01,4.810000e+01,2.311000e+02,-8.090000e+01,-2.803807e-02,-6.075263e-02,-6.822368e-02,-6.161579e-02,8.500894e+00,-4.900000e+00,-2.590000e+01,-5.900000e+00
1.078580e-01,4.256579e-01,3.092421e-01,-5.156842e-02,1.287395e+01,5.780000e+01,2.258000e+02,-7.900000e+01,-2.578330e-02,-5.875263e-02,-6.252368e-02,-5.711579e-02,9.323428e+00,-5.300000e+00,-2.830000e+01,-6.400000e+00
1.172931e-01,4.526579e-01,3.137421e-01,-1.726842e-02,1.868984e+01,6.610000e+01,2.198000e+02,-7.160000e+01,-2.355016e-02,-5.565263e-02,-5.732368e-02,-5.321579e-02,1.191427e+01,-6.300000e+00,-3.240000e+01,-5.800000e+00
1.179597e-01,4.706579e-01,3.123421e-01,1.263158e-02,2.661506e+01,7.450000e+01,2.141000e+02,-6.160000e+01,-2.030362e-02,-5.405263e-02,-5.232368e-02,-4.811579e-02,1.364082e+01,-1.110000e+01,-3.770000e+01,-6.500000e+00
1.127573e-01,4.800579e-01,3.042421e-01,4.013158e-02,3.640751e+01,8.200000e+01,2.065000e+02,-4.830000e+01,-1.540754e-02,-5.035263e-02,-4.962368e-02,-4.281579e-02,1.373538e+01,-2.010000e+01,-4.340000e+01,-8.800000e+00
9.898295e-02,4.840579e-01,2.847421e-01,6.373158e-02,4.541349e+01,9.130000e+01,1.995000e+02,-3.560000e+01,-1.135777e-02,-4.895263e-02,-4.722368e-02,-3.831579e-02,1.408463e+01,-2.760000e+01,-4.840000e+01,-1.050000e+01
7.959270e-02,4.843579e-01,2.577421e-01,8.603158e-02,5.076281e+01,9.570000e+01,1.967000e+02,-2.850000e+01,-3.931909e-03,-4.285263e-02,-4.322368e-02,-3.011579e-02,2.854445e+01,-9.300000e+00,-5.860000e+01,-2.600000e+00
5.650643e-02,4.884579e-01,2.242421e-01,1.089316e-01,5.941122e+01,1.058000e+02,1.927000e+02,-1.640000e+01,1.484714e-03,-3.605263e-02,-4.542368e-02,-2.891579e-02,3.117196e+01,-3.100000e+00,-6.220000e+01,-2.800000e+00
2.773143e-02,4.996579e-01,1.899421e-01,1.299316e-01,7.087939e+01,1.130000e+02,1.961000e+02,-4.600000e+00,9.523259e-03,-4.745263e-02,-4.802368e-02,-2.121579e-02,3.113967e+01,-1.350000e+01,-6.850000e+01,-5.100000e+00
-7.016515e-03,5.104579e-01,1.573421e-01,1.470316e-01,7.108943e+01,1.130000e+02,1.961000e+02,-4.600000e+00,1.385396e-02,-4.275263e-02,-4.872368e-02,-1.971579e-02,3.499537e+01,-1.660000e+01,-7.560000e+01,-4.500000e+00
-5.423015e-02,5.266579e-01,1.216421e-01,1.535316e-01,8.885396e+01,1.197000e+02,1.934000e+02,1.850000e+01,1.914987e-02,-4.065263e-02,-5.202368e-02,-1.801579e-02,3.523533e+01,-2.400000e+01,-7.970000e+01,-5.400000e+00
-1.164577e-01,5.542579e-01,7.874211e-02,1.514316e-01,9.334814e+01,1.266000e+02,1.886000e+02,2.790000e+01,2.173169e-02,-3.785263e-02,-5.102368e-02,-1.701579e-02,4.082364e+01,-2.480000e+01,-8.970000e+01,-5.100000e+00
-1.931982e-01,5.923579e-01,3.184211e-02,1.388316e-01,9.232424e+01,1.303000e+02,1.787000e+02,3.350000e+01,2.685814e-02,-3.255263e-02,-5.452368e-02,-1.681579e-02,4.725942e+01,-2.140000e+01,-9.960000e+01,-4.700000e+00
-2.863624e-01,6.415579e-01,-1.705789e-02,1.127316e-01,9.039777e+01,1.271000e+02,1.715000e+02,3.470000e+01,2.955248e-02,-2.715263e-02,-5.582368e-02,-1.831579e-02,5.251304e+01,-2.220000e+01,-1.104000e+02,-5.400000e+00
-3.902942e-01,7.022579e-01,-6.295789e-02,7.083158e-02,7.823162e+01,1.112000e+02,1.454000e+02,3.230000e+01,3.227230e-02,-2.225263e-02,-5.582368e-02,-1.871579e-02,5.551823e+01,-2.220000e+01,-1.164000e+02,-5.800000e+00
-5.040472e-01,7.773579e-01,-1.050579e-01,1.173158e-02,5.205285e+01,8.720000e+01,1.091000e+02,1.680000e+01,3.447940e-02,-1.405263e-02,-5.542368e-02,-2.041579e-02,6.085286e+01,-2.550000e+01,-1.272000e+02,-5.700000e+00
-6.290613e-01,8.685579e-01,-1.446579e-01,-6.486842e-02,1.349974e+01,5.630000e+01,6.940000e+01,-1.480000e+01,3.149090e-02,-1.265263e-02,-5.342368e-02,-2.521579e-02,6.644901e+01,-2.880000e+01,-1.392000e+02,-6.100000e+00
-7.616542e-01,9.672579e-01,-1.797579e-01,-1.594684e-01,-3.124972e+01,2.520000e+01,2.550000e+01,-5.170000e+01,2.976005e-02,-9.852632e-03,-4.602368e-02,-2.431579e-02,7.234546e+01,-3.520000e+01,-1.527000e+02,-6.100000e+00
-9.035213e-01,1.066958e+00,-2.233579e-01,-2.653684e-01,-7.920781e+01,4.800000e+00,-1.790000e+01,-8.940000e+01,2.436061e-02,9.547368e-03,-3.722368e-02,-3.321579e-02,8.032661e+01,-4.010000e+01,-1.668000e+02,-4.300000e+00
-1.061446e+00,1.172458e+00,-2.812579e-01,-3.761684e-01,-1.190186e+02,-1.300000e+00,-3.720000e+01,-1.296000e+02,1.903730e-02,1.414737e-02,-2.982368e-02,-3.621579e-02,8.524766e+01,-5.170000e+01,-1.813000e+02,-4.000000e+00
-1.167251e+00,1.270758e+00,-2.929579e-01,-4.741684e-01,-1.363441e+02,-9.270000e+01,-9.030000e+01,-1.487000e+02,8.102033e-03,2.064737e-02,-1.822368e-02,-4.291579e-02,9.397142e+01,-6.230000e+01,-1.999000e+02,-2.000000e+00
-1.308361e+00,1.425058e+00,-3.097579e-01,-6.195684e-01,-1.659050e+02,-1.882000e+02,-1.738000e+02,-1.642000e+02,-4.073606e-03,2.634737e-02,-7.223684e-03,-4.981579e-02,9.837814e+01,-7.010000e+01,-2.101000e+02,-3.000000e-01
-1.471057e+00,1.615558e+00,-3.736579e-01,-7.740684e-01,-1.903809e+02,-2.268000e+02,-2.378000e+02,-1.666000e+02,-2.413697e-02,2.574737e-02,1.457632e-02,-5.191579e-02,1.107011e+02,-8.630000e+01,-2.351000e+02,4.900000e+00
-1.243968e+00,1.203958e+00,-5.149579e-01,-6.976684e-01,-2.198612e+02,-5.530000e+01,-4.634000e+02,-1.300000e+01,-3.477937e-02,2.384737e-02,3.547632e-02,-3.251579e-02,1.280905e+02,-1.153000e+02,-2.706000e+02,1.640000e+01
-1.044413e+00,1.202158e+00,-7.154579e-01,-4.720684e-01,-1.025884e+02,-3.030000e+01,-3.453000e+02,6.450000e+01,-3.431314e-02,1.514737e-02,2.917632e-02,-6.015789e-03,1.528293e+02,-1.403000e+02,-3.183000e+02,2.580000e+01
-8.886869e-01,1.272658e+00,-8.852579e-01,-3.018684e-01,-1.285228e+01,-2.560000e+01,-2.810000e+02,1.334000e+02,-3.323899e-02,8.747368e-03,7.976316e-03,1.498421e-02,1.779112e+02,-1.404000e+02,-3.650000e+02,1.790000e+01
-7.691251e-01,1.239758e+00,-1.074358e+00,-1.574684e-01,-9.686008e+00,1.840000e+01,-2.447000e+02,1.219000e+02,-1.865407e-02,2.434737e-02,-2.152368e-02,4.248421e-02,1.931323e+02,-1.407000e+02,-4.019000e+02,2.100000e+00
-5.627194e-01,1.155358e+00,-1.057558e+00,-1.168421e-03,3.744457e+00,4.130000e+01,-1.980000e+02,1.128000e+02,3.594098e-02,8.064737e-02,-8.072368e-02,7.258421e-02,2.055749e+02,-1.222000e+02,-4.146000e+02,-1.000000e+01
-2.882945e-01,1.179458e+00,-8.615579e-01,1.375316e-01,8.692104e+00,-5.900000e+01,-1.405000e+02,8.630000e+01,1.139985e-01,1.431474e-01,-1.684237e-01,1.188842e-01,1.982851e+02,-1.409000e+02,-4.324000e+02,-2.890000e+01
-1.089438e-01,1.050758e+00,-6.925579e-01,2.061316e-01,3.126187e+00,-7.220000e+01,-9.950000e+01,5.850000e+01,2.249143e-01,2.082474e-01,-3.137237e-01,1.587842e-01,1.852300e+02,-1.386000e+02,-4.329000e+02,-6.680000e+01
3.752030e-02,9.230579e-01,-5.637579e-01,2.686316e-01,3.179474e+00,-7.220000e+01,-9.950000e+01,5.850000e+01,3.482931e-01,2.805474e-01,-4.757237e-01,2.101842e-01,1.843380e+02,-1.124000e+02,-4.399000e+02,-1.358000e+02
1.809717e-01,7.046579e-01,-5.069579e-01,4.048316e-01,5.719225e+00,-5.340000e+01,-4.600000e+00,1.280000e+01,4.677828e-01,3.474474e-01,-6.427237e-01,2.964842e-01,1.677921e+02,-8.760000e+01,-4.170000e+02,-2.038000e+02
3.645393e-01,4.403579e-01,-4.006579e-01,5.688316e-01,1.008733e+01,-5.380000e+01,6.000000e+00,1.260000e+01,5.966554e-01,4.391474e-01,-8.123237e-01,3.893842e-01,1.383970e+02,-6.000000e+01,-3.538000e+02,-2.427000e+02
4.150628e-01,7.616579e-01,-2.337579e-01,5.133316e-01,9.244903e+00,-5.290000e+01,8.100000e+00,1.070000e+01,6.913122e-01,5.170474e-01,-9.556237e-01,4.676842e-01,1.210870e+02,-3.090000e+01,-2.872000e+02,-2.283000e+02
3.346932e-01,6.595579e-01,1.314211e-02,3.158316e-01,7.519264e+00,-4.810000e+01,5.300000e+00,9.800000e+00,7.062461e-01,5.623474e-01,-1.015624e+00,5.292842e-01,9.671240e+01,-2.810000e+01,-2.372000e+02,-1.991000e+02
2.876048e-01,4.735579e-01,2.074421e-01,1.916316e-01,6.479756e+00,-3.900000e+01,7.300000e+00,7.100000e+00,6.700237e-01,5.017474e-01,-1.116224e+00,5.993842e-01,6.991148e-01,-6.490000e+01,-1.159000e+02,-1.574000e+02
2.923543e-01,3.674579e-01,4.221421e-01,1.118316e-01,2.549559e+00,-2.860000e+01,3.800000e+00,3.500000e+00,7.584636e-01,5.343474e-01,-1.255424e+00,7.308842e-01,-1.063646e+01,-2.970000e+01,-3.450000e+01,-8.590000e+01
2.175173e-01,3.007579e-01,4.338421e-01,3.063158e-02,1.406714e+00,-2.160000e+01,1.700000e+00,2.600000e+00,7.394757e-01,4.021474e-01,-1.338624e+00,8.342842e-01,-3.619668e+01,5.900000e+01,1.565000e+02,-3.980000e+01
9.255655e-02,1.177579e-01,2.786421e-01,-2.366842e-02,-6.841988e-01,-1.590000e+01,-5.000000e-01,8.000000e-01,6.512650e-01,2.180474e-01,-1.367324e+00,8.704842e-01,-2.111977e+01,1.000000e+02,1.880000e+02,-7.340000e+01
6.267688e-02,7.995789e-02,1.608421e-01,-2.668421e-03,-1.934153e+00,-1.140000e+01,-2.200000e+00,-2.000000e-01,5.332282e-01,4.614737e-02,-1.296124e+00,8.858842e-01,-2.728027e+01,1.163000e+02,2.288000e+02,-6.070000e+01
3.412132e-02,4.175789e-02,4.974211e-02,1.693158e-02,-1.816434e+00,-1.060000e+01,-2.500000e+00,0.000000e+00,4.303732e-01,-1.020526e-01,-1.187624e+00,8.896842e-01,-3.593675e+01,1.150000e+02,2.569000e+02,-1.720000e+01
1.995550e-02,2.875789e-02,2.564211e-02,1.283158e-02,-1.062660e+00,-7.300000e+00,-1.700000e+00,2.000000e-01,3.504512e-01,-2.438526e-01,-1.097424e+00,8.426842e-01,-5.729248e+01,1.188000e+02,3.174000e+02,1.200000e+01
-2.033517e-04,1.525789e-02,6.742105e-03,3.157895e-05,-1.258978e+00,-5.800000e+00,-2.500000e+00,2.000000e-01,2.810576e-01,-3.835526e-01,-1.011124e+00,7.742842e-01,-6.345840e+01,1.350000e+02,3.696000e+02,3.780000e+01
-9.599481e-03,8.357895e-03,1.134211e-02,-1.156842e-02,-7.645369e-01,-5.000000e+00,-2.800000e+00,8.000000e-01,2.460767e-01,-4.868526e-01,-9.421237e-01,6.834842e-01,-6.687238e+01,1.563000e+02,4.170000e+02,4.850000e+01
-2.046052e-02,3.757895e-03,-4.257895e-03,-1.656842e-02,-1.347169e+00,-4.600000e+00,-4.600000e+00,9.000000e-01,2.501510e-01,-5.452526e-01,-9.028237e-01,5.867842e-01,-8.357051e+01,1.621000e+02,4.535000e+02,4.210000e+01
-2.293017e-02,-4.142105e-03,4.142105e-03,-2.216842e-02,-1.273157e+00,-3.500000e+00,-5.100000e+00,1.100000e+00,2.743118e-01,-4.925526e-01,-7.877237e-01,4.795842e-01,-1.224955e+02,1.396000e+02,4.829000e+02,2.620000e+01
-2.691761e-02,-5.642105e-03,1.254211e-02,-2.996842e-02,-1.474887e+00,-2.500000e+00,-5.800000e+00,1.100000e+00,1.438806e-01,-5.427526e-01,-6.268237e-01,3.029842e-01,-1.663803e+02,1.056000e+02,5.036000e+02,7.700000e+00
-2.886647e-02,-7.542105e-03,1.824211e-02,-3.436842e-02,-2.216830e+00,-1.500000e+00,-6.700000e+00,6.000000e-01,9.769279e-02,-4.703526e-01,-5.078237e-01,1.493842e-01,-1.859685e+02,9.190000e+01,5.128000e+02,-2.100000e+00
-3.052904e-02,-9.542105e-03,2.194211e-02,-3.766842e-02,-2.229207e+00,-8.000000e-01,-8.000000e+00,1.100000e+00,9.923192e-02,-3.535526e-01,-4.324237e-01,4.618421e-02,-2.116537e+02,7.300000e+01,5.202000e+02,-1.810000e+01
-3.029987e-02,-9.942105e-03,2.914211e-02,-4.066842e-02,-2.382485e+00,2.000000e-01,-9.700000e+00,1.600000e+00,1.070665e-01,-2.530526e-01,-4.090237e-01,-2.891579e-02,-2.188101e+02,6.250000e+01,5.159000e+02,-2.230000e+01
-3.142527e-02,-9.642105e-03,2.794211e-02,-4.166842e-02,-3.289735e+00,1.400000e+00,-1.240000e+01,1.700000e+00,9.333852e-02,-1.844526e-01,-4.172237e-01,-1.004158e-01,-2.062996e+02,5.310000e+01,4.925000e+02,-1.330000e+01
-2.959230e-02,-9.942105e-03,2.894211e-02,-4.046842e-02,-4.558592e+00,1.200000e+00,-1.570000e+01,1.800000e+00,6.720666e-02,-1.213526e-01,-4.070237e-01,-1.525158e-01,-1.789236e+02,3.990000e+01,4.589000e+02,9.100000e+00
-2.841286e-02,-9.442105e-03,2.844211e-02,-3.946842e-02,-3.980011e+00,1.800000e+00,-1.750000e+01,3.200000e+00,3.499223e-02,-7.455263e-02,-3.895237e-01,-1.879158e-01,-1.431079e+02,1.090000e+01,4.222000e+02,4.370000e+01
-2.900351e-02,-1.044211e-02,2.494211e-02,-3.896842e-02,-5.073524e+00,1.400000e+00,-1.940000e+01,2.900000e+00,1.792038e-02,-4.055263e-02,-3.812237e-01,-1.964158e-01,-1.035307e+02,-8.200000e+00,4.052000e+02,8.670000e+01
-2.701395e-02,-9.242105e-03,2.144211e-02,-3.596842e-02,-6.644096e+00,2.100000e+00,-2.250000e+01,2.500000e+00,3.403621e-02,-6.852632e-03,-4.034237e-01,-1.761158e-01,-7.878570e+01,-4.510000e+01,3.757000e+02,1.077000e+02
-2.609890e-02,-9.242105e-03,1.964211e-02,-3.496842e-02,-8.314955e+00,1.400000e+00,-2.600000e+01,2.300000e+00,8.080655e-02,2.494737e-02,-4.604237e-01,-1.327158e-01,-3.380461e+01,-7.030000e+01,3.472000e+02,1.475000e+02
-2.434057e-02,-9.642105e-03,2.144211e-02,-3.476842e-02,-8.739080e+00,1.900000e+00,-2.960000e+01,3.400000e+00,1.387318e-01,4.874737e-02,-5.234237e-01,-7.301579e-02,8.114040e+00,-7.840000e+01,3.203000e+02,1.818000e+02
-2.391493e-02,-8.242105e-03,2.404211e-02,-3.676842e-02,-8.868867e+00,1.000000e-01,-3.260000e+01,4.800000e+00,1.962763e-01,7.654737e-02,-5.657237e-01,6.184211e-03,4.076576e+01,-7.840000e+01,2.994000e+02,2.083000e+02
-2.114921e-02,-7.442105e-03,3.074211e-02,-3.796842e-02,-4.615239e+00,4.300000e+00,-3.270000e+01,9.100000e+00,2.451670e-01,1.187474e-01,-5.806237e-01,1.043842e-01,5.220956e+01,-8.340000e+01,2.920000e+02,2.174000e+02
-2.104918e-02,-3.942105e-03,3.904211e-02,-4.326842e-02,-2.025590e+00,2.000000e+00,-3.280000e+01,1.230000e+01,2.772112e-01,1.817474e-01,-5.736237e-01,2.160842e-01,3.985344e+01,-9.440000e+01,2.996000e+02,2.059000e+02
-1.634978e-02,-7.842105e-03,4.754211e-02,-4.286842e-02,-4.342350e+00,-3.100000e+00,-3.550000e+01,1.160000e+01,2.814694e-01,2.735474e-01,-5.587237e-01,3.288842e-01,2.650265e+01,-9.770000e+01,3.053000e+02,1.929000e+02
-1.304864e-02,-5.142105e-03,5.334211e-02,-4.386842e-02,-4.390565e+00,-6.800000e+00,-3.940000e+01,1.380000e+01,2.492531e-01,3.994474e-01,-5.440237e-01,4.338842e-01,-7.216303e+00,-9.530000e+01,3.157000e+02,1.591000e+02
-1.204329e-02,5.578947e-04,5.674211e-02,-4.686842e-02,-5.019867e+00,-1.270000e+01,-4.050000e+01,1.440000e+01,1.797004e-01,5.497474e-01,-5.369237e-01,5.218842e-01,-4.733091e+01,-8.330000e+01,3.197000e+02,1.161000e+02
-7.901761e-03,7.157895e-03,5.844211e-02,-4.596842e-02,-4.325128e+00,-9.500000e+00,-4.390000e+01,1.630000e+01,5.812925e-02,7.234474e-01,-5.231237e-01,5.778842e-01,-7.929573e+01,-7.660000e+01,3.124000e+02,7.270000e+01
-3.786187e-03,1.015789e-02,6.034211e-02,-4.496842e-02,-9.017695e+00,-1.570000e+01,-4.960000e+01,1.460000e+01,-1.175509e-01,9.166474e-01,-4.945237e-01,5.902842e-01,-9.530268e+01,-7.500000e+01,2.857000e+02,3.280000e+01
3.643879e-03,1.185789e-02,6.074211e-02,-3.976842e-02,-1.212290e+01,-1.590000e+01,-5.780000e+01,1.490000e+01,-3.520959e-01,1.123647e+00,-4.315237e-01,5.484842e-01,-9.170638e+01,-7.640000e+01,2.412000e+02,3.400000e+00
1.392299e-02,1.275789e-02,5.834211e-02,-3.026842e-02,-1.336863e+01,-1.590000e+01,-6.420000e+01,1.640000e+01,-6.332317e-01,1.334247e+00,-3.378237e-01,4.585842e-01,-8.288109e+01,-7.970000e+01,2.080000e+02,-1.240000e+01
2.731198e-02,1.255789e-02,5.184211e-02,-1.576842e-02,-1.853476e+01,-1.490000e+01,-7.790000e+01,1.660000e+01,-9.558751e-01,1.581647e+00,-2.246237e-01,3.250842e-01,-4.262919e+01,-9.660000e+01,1.429000e+02,-1.920000e+01
4.024748e-02,1.545789e-02,3.924211e-02,-1.684211e-04,-2.260823e+01,-1.320000e+01,-9.360000e+01,1.870000e+01,-1.281204e+00,1.814647e+00,-9.322368e-02,1.645842e-01,-6.459176e-01,-1.165000e+02,8.420000e+01,-2.190000e+01
5.706851e-02,1.775789e-02,2.204211e-02,2.153158e-02,-2.775322e+01,-1.050000e+01,-1.088000e+02,1.910000e+01,-1.570613e+00,2.016347e+00,2.437632e-02,-5.915789e-03,2.898929e+01,-1.075000e+02,3.100000e+01,-1.620000e+01
6.980273e-02,2.515789e-02,5.042105e-03,3.713158e-02,-3.540085e+01,-8.500000e+00,-1.266000e+02,1.790000e+01,-1.808887e+00,2.178547e+00,1.192763e-01,-1.741158e-01,4.469918e+01,-6.750000e+01,-1.600000e+01,-1.200000e+00
8.268417e-02,2.515789e-02,-9.357895e-03,5.343158e-02,-4.057036e+01,-5.500000e+00,-1.464000e+02,2.000000e+01,-1.999391e+00,2.293447e+00,1.997763e-01,-3.371158e-01,6.217018e+01,-1.960000e+01,-6.170000e+01,2.430000e+01
9.779582e-02,2.625789e-02,-1.825789e-02,6.993158e-02,-4.563412e+01,-5.000000e+00,-1.642000e+02,2.190000e+01,-2.158021e+00,2.348847e+00,2.917763e-01,-4.919158e-01,9.140159e+01,1.910000e+01,-1.029000e+02,6.520000e+01
1.075389e-01,2.545789e-02,-2.075789e-02,7.903158e-02,-4.695816e+01,-3.900000e+00,-1.733000e+02,2.400000e+01,-2.126849e+00,2.266247e+00,3.154763e-01,-5.157158e-01,8.556513e+01,1.830000e+02,-1.472000e+02,1.511000e+02
1.159573e-01,2.385789e-02,-1.895789e-02,8.603158e-02,-4.800309e+01,-2.900000e+00,-1.928000e+02,3.100000e+01,-2.084535e+00,2.041547e+00,3.084763e-01,-6.824158e-01,1.168438e+02,2.200000e+02,-2.088000e+02,1.748000e+02
1.283424e-01,2.005789e-02,-1.275789e-02,9.813158e-02,-5.176876e+01,-5.000000e+00,-2.227000e+02,4.060000e+01,-1.713859e+00,1.601547e+00,4.338763e-01,-5.362158e-01,1.446505e+02,1.204000e+02,-3.775000e+02,1.170000e+01
1.510988e-01,1.275789e-02,-8.257895e-03,1.279316e-01,-6.529465e+01,-1.320000e+01,-2.663000e+02,4.750000e+01,-1.386669e+00,1.505847e+00,3.824763e-01,-4.174158e-01,1.917407e+02,1.420000e+01,-5.224000e+02,-9.250000e+01
1.597349e-01,5.857895e-03,7.642105e-03,1.411316e-01,-6.795111e+01,-1.680000e+01,-3.064000e+02,6.390000e+01,-1.128697e+00,1.374347e+00,6.240763e-01,-1.835158e-01,1.739113e+02,7.290000e+01,-4.620000e+02,-4.590000e+01
1.618968e-01,-3.942105e-03,2.534211e-02,1.530316e-01,-6.791400e+01,-1.680000e+01,-3.064000e+02,6.390000e+01,-8.457633e-01,1.244847e+00,8.352763e-01,6.118421e-02,1.737452e+02,7.290000e+01,-4.620000e+02,-4.590000e+01
1.631209e-01,-3.742105e-03,3.244211e-02,1.757316e-01,-6.165569e+01,9.200000e+00,-3.994000e+02,9.800000e+01,-5.140664e-01,1.015347e+00,8.864763e-01,3.239842e-01,-4.825566e+01,-3.270000e+01,-2.439000e+02,-2.130000e+02
1.780742e-01,1.595789e-02,5.234211e-02,2.072316e-01,-6.950674e+01,2.300000e+00,-4.191000e+02,1.018000e+02,-3.205184e-01,8.277474e-01,9.330763e-01,4.657842e-01,-6.275268e+01,-3.990000e+01,-2.138000e+02,-2.132000e+02
2.322309e-01,9.035789e-02,7.324211e-02,2.556316e-01,-7.370592e+01,4.700000e+00,-4.353000e+02,1.017000e+02,-1.425068e-01,6.344474e-01,8.420763e-01,5.312842e-01,-5.783158e+00,-5.280000e+01,-2.331000e+02,-1.592000e+02
3.123720e-01,1.967579e-01,1.033421e-01,3.100316e-01,-5.875420e+01,2.660000e+01,-4.234000e+02,9.650000e+01,3.014832e-01,5.351474e-01,5.326763e-01,7.461842e-01,5.033498e+01,1.594000e+02,-3.064000e+02,-1.159000e+02
3.921268e-01,3.050579e-01,1.303421e-01,3.681316e-01,-5.880660e+01,2.660000e+01,-4.234000e+02,9.650000e+01,2.896281e-01,6.720474e-01,4.346763e-01,6.470842e-01,-7.274221e+01,1.344000e+02,3.500000e+00,-7.730000e+01
4.679242e-01,4.155579e-01,1.532421e-01,4.270316e-01,-5.885500e+01,2.660000e+01,-4.234000e+02,9.650000e+01,4.756105e-01,6.828474e-01,5.423763e-01,8.847842e-01,-2.466522e+01,8.580000e+01,-5.010000e+01,-5.350000e+01
5.365073e-01,5.311579e-01,1.723421e-01,4.771316e-01,-5.889853e+01,2.660000e+01,-4.234000e+02,9.650000e+01,4.578878e-01,9.312474e-01,4.155763e-01,7.770842e-01,-7.226453e+00,5.890000e+01,-3.380000e+01,-2.540000e+01
5.941905e-01,6.509579e-01,1.930421e-01,5.053316e-01,-5.894091e+01,2.660000e+01,-4.234000e+02,9.650000e+01,3.967284e-01,8.151474e-01,4.451763e-01,7.101842e-01,-1.841349e+01,4.900000e+01,-1.000000e+00,-2.100000e+01
6.482191e-01,7.702579e-01,2.047421e-01,5.481316e-01,-5.897668e+01,2.660000e+01,-4.234000e+02,9.650000e+01,3.971950e-01,6.649474e-01,1.858763e-01,5.701842e-01,-6.223578e+00,2.910000e+01,-1.100000e+01,-1.250000e+01
6.624160e-01,8.175579e-01,1.866421e-01,5.602316e-01,1.161479e+01,4.370000e+01,-1.504000e+02,3.870000e+01,3.878977e-01,5.217474e-01,-9.832368e-02,4.139842e-01,-4.387476e+00,1.980000e+01,-3.900000e+00,-6.900000e+00
7.459198e-01,8.475579e-01,2.737421e-01,6.439316e-01,-3.788552e+01,-4.590000e+01,2.520000e+01,-8.100000e+00,2.861401e-01,4.846474e-01,-2.161237e-01,2.394842e-01,-9.073154e-01,9.700000e+00,-4.500000e+00,-3.300000e+00
8.592561e-01,8.824579e-01,3.685421e-01,7.394316e-01,-7.030819e+01,-1.071000e+02,1.087000e+02,-2.600000e+00,2.741461e-01,4.170474e-01,-3.063237e-01,1.799842e-01,5.427096e-01,1.800000e+00,-3.000000e+00,-9.000000e-01
7.229837e-01,7.069579e-01,3.937421e-01,7.112316e-01,-7.248033e+01,-1.106000e+02,1.049000e+02,3.300000e+00,2.608000e-01,3.693474e-01,-2.384237e-01,1.974842e-01,5.085803e+00,-7.000000e+00,-6.100000e+00,2.700000e+00
5.097460e-01,4.720579e-01,3.658421e-01,6.566316e-01,-4.098898e+01,-7.600000e+01,1.070000e+02,2.000000e+00,1.863551e-02,2.546474e-01,3.857632e-02,6.528421e-02,7.206785e+00,-1.350000e+01,-7.600000e+00,4.400000e+00
3.551136e-01,3.042579e-01,3.076421e-01,6.098316e-01,-1.333763e+01,-4.730000e+01,1.231000e+02,-4.000000e+00,2.822790e-02,1.034737e-02,1.507763e-01,1.353842e-01,7.817958e+00,-1.470000e+01,-8.800000e+00,4.500000e+00
2.318646e-01,1.579579e-01,2.662421e-01,5.624316e-01,3.672754e+01,1.200000e+00,1.691000e+02,-1.540000e+01,-2.357856e-02,1.034737e-02,7.017632e-02,3.638421e-02,9.228171e+00,-1.660000e+01,-1.100000e+01,5.000000e+00
1.202031e-01,8.857895e-03,2.626421e-01,5.052316e-01,5.247869e+01,6.900000e+00,2.159000e+02,-1.770000e+01,-4.890151e-02,-3.275263e-02,6.707632e-02,6.984211e-03,8.478553e+00,-1.480000e+01,-9.300000e+00,5.000000e+00
1.612281e-02,-1.377421e-01,2.760421e-01,4.373316e-01,4.298590e+01,-1.460000e+01,2.488000e+02,-1.650000e+01,-5.309051e-02,-6.325263e-02,5.987632e-02,-9.157895e-04,6.547835e+00,-1.180000e+01,-7.900000e+00,3.500000e+00
-8.729807e-02,-2.798421e-01,2.849421e-01,3.594316e-01,3.441803e+01,-3.000000e+01,2.690000e+02,-1.850000e+01,-5.594966e-02,-6.665263e-02,2.217632e-02,-2.351579e-02,4.754944e+00,-9.400000e+00,-7.400000e+00,1.700000e+00
-1.070974e-01,-3.409421e-01,3.071421e-01,3.061316e-01,3.839138e+01,-2.390000e+01,2.861000e+02,-2.890000e+01,-5.684538e-02,-7.755263e-02,1.477632e-02,-2.821579e-02,3.690243e+00,-9.100000e+00,-7.000000e+00,7.000000e-01
-1.921659e-01,-3.824421e-01,2.293421e-01,1.635316e-01,4.909091e+01,-6.000000e+00,3.016000e+02,-4.190000e+01,-5.780654e-02,-8.135263e-02,3.676316e-03,-3.511579e-02,3.578917e+00,-9.000000e+00,-8.100000e+00,0.000000e+00
-3.157608e-01,-4.361421e-01,1.356421e-01,-2.068421e-03,5.359946e+01,2.100000e+00,3.083000e+02,-4.750000e+01,-5.786511e-02,-8.595263e-02,-1.092368e-02,-4.291579e-02,4.495687e+00,-9.600000e+00,-1.010000e+01,0.000000e+00
-2.484968e-01,-3.275421e-01,1.171421e-01,-6.286842e-02,5.692833e+01,1.070000e+01,3.169000e+02,-5.550000e+01,-5.654980e-02,-8.555263e-02,-2.932368e-02,-5.151579e-02,3.549345e+00,-8.400000e+00,-1.240000e+01,-2.300000e+00
-1.513830e-01,-1.916421e-01,1.456421e-01,-1.024684e-01,5.571516e+01,1.270000e+01,3.186000e+02,-6.010000e+01,-5.199498e-02,-8.465263e-02,-4.682368e-02,-5.621579e-02,3.161559e+00,-8.300000e+00,-1.440000e+01,-3.800000e+00
-1.032243e-01,-1.182421e-01,2.043421e-01,-1.479684e-01,5.789786e+01,1.600000e+01,3.165000e+02,-5.940000e+01,-5.145829e-02,-8.365263e-02,-5.132368e-02,-5.871579e-02,3.129010e+00,-9.300000e+00,-1.530000e+01,-4.300000e+00
-8.008966e-02,-6.354211e-02,2.430421e-01,-1.905684e-01,6.501982e+01,2.570000e+01,3.150000e+02,-5.720000e+01,-4.915681e-02,-8.455263e-02,-5.162368e-02,-5.711579e-02,3.050391e+00,-8.100000e+00,-1.750000e+01,-5.600000e+00
-6.048142e-02,2.357895e-03,2.434421e-01,-2.177684e-01,6.926258e+01,3.570000e+01,3.071000e+02,-5.590000e+01,-4.731578e-02,-8.495263e-02,-4.522368e-02,-5.261579e-02,3.739808e+00,-8.600000e+00,-2.010000e+01,-6.200000e+00
-4.237510e-02,7.095789e-02,2.317421e-01,-2.314684e-01,6.880989e+01,4.110000e+01,2.953000e+02,-5.550000e+01,-4.679832e-02,-8.335263e-02,-4.142368e-02,-5.111579e-02,3.640682e+00,-9.000000e+00,-2.120000e+01,-6.900000e+00
-2.589410e-02,1.350579e-01,2.245421e-01,-2.352684e-01,6.922806e+01,4.110000e+01,2.953000e+02,-5.550000e+01,-4.581332e-02,-8.095263e-02,-3.812368e-02,-4.941579e-02,3.457276e+00,-8.700000e+00,-2.170000e+01,-7.400000e+00
2.715415e-03,1.984579e-01,2.436421e-01,-2.262684e-01,5.936300e+01,4.110000e+01,2.753000e+02,-5.960000e+01,-4.468163e-02,-7.615263e-02,-3.852368e-02,-4.971579e-02,2.897773e+00,-7.800000e+00,-2.210000e+01,-8.300000e+00
3.300891e-02,2.515579e-01,2.734421e-01,-2.084684e-01,5.153480e+01,3.920000e+01,2.659000e+02,-6.460000e+01,-4.434735e-02,-7.235263e-02,-3.902368e-02,-5.101579e-02,3.295437e+00,-6.400000e+00,-2.280000e+01,-8.300000e+00
6.126896e-02,2.959579e-01,2.988421e-01,-1.826684e-01,4.483899e+01,4.000000e+01,2.576000e+02,-6.960000e+01,-4.353268e-02,-6.775263e-02,-3.562368e-02,-4.981579e-02,3.610254e+00,-5.500000e+00,-2.410000e+01,-8.700000e+00
8.493980e-02,3.349579e-01,3.120421e-01,-1.506684e-01,3.977350e+01,4.470000e+01,2.503000e+02,-7.410000e+01,-4.319005e-02,-6.325263e-02,-3.252368e-02,-4.941579e-02,4.555482e+00,-6.700000e+00,-2.600000e+01,-8.600000e+00
1.056443e-01,3.704579e-01,3.184421e-01,-1.139684e-01,4.001117e+01,5.290000e+01,2.450000e+02,-7.400000e+01,-4.328144e-02,-5.815263e-02,-3.072368e-02,-5.031579e-02,5.789882e+00,-6.700000e+00,-2.710000e+01,-7.800000e+00
1.235586e-01,4.045579e-01,3.225421e-01,-7.446842e-02,4.259429e+01,5.660000e+01,2.434000e+02,-7.160000e+01,-4.078116e-02,-5.325263e-02,-3.002368e-02,-4.901579e-02,7.484945e+00,-7.800000e+00,-3.020000e+01,-7.500000e+00
1.374607e-01,4.364579e-01,3.287421e-01,-3.596842e-02,4.496845e+01,6.500000e+01,2.397000e+02,-6.890000e+01,-4.056213e-02,-4.655263e-02,-2.792368e-02,-4.991579e-02,8.981443e+00,-8.100000e+00,-3.370000e+01,-7.700000e+00
1.432555e-01,4.580579e-01,3.361421e-01,-2.868421e-03,5.239669e+01,7.110000e+01,2.358000e+02,-5.980000e+01,-3.710283e-02,-4.365263e-02,-2.892368e-02,-4.871579e-02,7.788210e+00,-1.250000e+01,-3.670000e+01,-1.040000e+01
1.414334e-01,4.733579e-01,3.351421e-01,2.803158e-02,6.304426e+01,7.860000e+01,2.307000e+02,-4.620000e+01,-3.393118e-02,-4.065263e-02,-2.402368e-02,-4.471579e-02,1.047110e+01,-1.680000e+01,-4.160000e+01,-9.700000e+00
1.356359e-01,4.903579e-01,3.270421e-01,5.983158e-02,7.467290e+01,9.190000e+01,2.271000e+02,-3.180000e+01,-2.920200e-02,-3.815263e-02,-2.362368e-02,-4.161579e-02,1.810148e+01,-8.900000e+00,-4.670000e+01,-4.500000e+00
1.172098e-01,5.013579e-01,3.045421e-01,8.663158e-02,8.712324e+01,1.062000e+02,2.241000e+02,-1.600000e+01,-2.141482e-02,-4.035263e-02,-2.202368e-02,-3.411579e-02,1.792263e+01,-1.500000e+01,-5.380000e+01,-8.100000e+00
8.893109e-02,5.112579e-01,2.770421e-01,1.067316e-01,1.001893e+02,1.176000e+02,2.215000e+02,9.000000e-01,-1.777360e-02,-3.505263e-02,-1.722368e-02,-3.041579e-02,2.035709e+01,-1.610000e+01,-5.720000e+01,-7.100000e+00
5.293667e-02,5.230579e-01,2.478421e-01,1.219316e-01,1.059135e+02,1.214000e+02,2.196000e+02,8.800000e+00,-1.134035e-02,-3.195263e-02,-1.782368e-02,-2.651579e-02,2.600532e+01,-1.560000e+01,-6.400000e+01,-4.500000e+00
1.054038e-02,5.393579e-01,2.176421e-01,1.329316e-01,1.152004e+02,1.247000e+02,2.165000e+02,2.190000e+01,-5.621344e-03,-2.895263e-02,-1.682368e-02,-2.261579e-02,2.966897e+01,-1.720000e+01,-6.950000e+01,-3.200000e+00
-3.991951e-02,5.600579e-01,1.823421e-01,1.401316e-01,1.227950e+02,1.248000e+02,2.119000e+02,3.380000e+01,2.274920e-03,-2.575263e-02,-1.872368e-02,-1.811579e-02,3.372901e+01,-2.060000e+01,-7.850000e+01,-3.200000e+00
-9.968181e-02,5.840579e-01,1.403421e-01,1.428316e-01,1.257507e+02,1.253000e+02,2.046000e+02,4.230000e+01,9.376088e-03,-2.195263e-02,-2.092368e-02,-1.511579e-02,3.834723e+01,-2.130000e+01,-8.810000e+01,-3.300000e+00
-1.772883e-01,6.216579e-01,8.284211e-02,1.407316e-01,1.201121e+02,1.245000e+02,1.960000e+02,4.100000e+01,1.832438e-02,-2.055263e-02,-2.062368e-02,-8.415789e-03,4.338514e+01,-2.050000e+01,-9.960000e+01,-4.300000e+00
-2.735109e-01,6.729579e-01,1.944211e-02,1.245316e-01,1.018290e+02,1.103000e+02,1.766000e+02,2.800000e+01,2.266397e-02,-1.405263e-02,-1.622368e-02,-5.615789e-03,4.711412e+01,-2.130000e+01,-1.054000e+02,-3.200000e+00
-3.785103e-01,7.377579e-01,-3.255789e-02,8.853158e-02,6.963427e+01,7.790000e+01,1.418000e+02,3.000000e+00,2.953329e-02,-8.752632e-03,-1.802368e-02,-3.515789e-03,5.381371e+01,-2.370000e+01,-1.181000e+02,-2.400000e+00
-4.933869e-01,8.194579e-01,-7.105789e-02,3.273158e-02,4.885824e+01,5.970000e+01,1.212000e+02,-1.420000e+01,3.367685e-02,-2.052632e-03,-1.432368e-02,-1.715789e-03,5.914718e+01,-2.640000e+01,-1.294000e+02,-2.300000e+00
-6.258400e-01,9.201579e-01,-1.132579e-01,-4.096842e-02,-7.964854e-01,3.050000e+01,7.780000e+01,-5.590000e+01,3.553134e-02,8.547368e-03,-1.332368e-02,-5.515789e-03,6.424177e+01,-2.950000e+01,-1.422000e+02,-3.300000e+00
-7.780336e-01,1.032558e+00,-1.675579e-01,-1.296684e-01,-5.412768e+01,1.320000e+01,3.360000e+01,-9.810000e+01,3.894120e-02,1.164737e-02,-1.502368e-02,-6.915789e-03,6.902479e+01,-3.480000e+01,-1.541000e+02,-3.500000e+00
-9.464775e-01,1.149158e+00,-2.354579e-01,-2.330684e-01,-1.013002e+02,5.000000e-01,-1.190000e+01,-1.294000e+02,3.752906e-02,1.774737e-02,-1.142368e-02,-1.131579e-02,7.563887e+01,-4.130000e+01,-1.680000e+02,-2.300000e+00
-1.117652e+00,1.267258e+00,-3.126579e-01,-3.423684e-01,-1.331850e+02,-9.300000e+00,-5.530000e+01,-1.407000e+02,3.462851e-02,2.314737e-02,-7.423684e-03,-1.641579e-02,8.296402e+01,-5.070000e+01,-1.849000e+02,-1.100000e+00
-1.284419e+00,1.384658e+00,-3.992579e-01,-4.510684e-01,-1.477776e+02,-2.090000e+01,-8.920000e+01,-1.375000e+02,2.668747e-02,2.774737e-02,6.763158e-04,-2.391579e-02,8.696206e+01,-5.510000e+01,-1.932000e+02,0.000000e+00
-1.427960e+00,1.477358e+00,-4.808579e-01,-5.585684e-01,-1.365971e+02,-6.440000e+01,-1.104000e+02,-1.239000e+02,1.644200e-02,3.274737e-02,1.197632e-02,-3.091579e-02,9.617193e+01,-6.630000e+01,-2.130000e+02,2.700000e+00
-1.522385e+00,1.625258e+00,-4.999579e-01,-6.776684e-01,-1.559430e+02,-1.715000e+02,-2.165000e+02,-1.126000e+02,-1.029481e-03,3.274737e-02,2.867632e-02,-3.861579e-02,1.090600e+02,-8.300000e+01,-2.389000e+02,8.600000e+00
-1.567579e+00,1.530658e+00,-5.881579e-01,-7.948684e-01,-1.365146e+02,-1.094000e+02,-2.396000e+02,-4.750000e+01,-1.841508e-02,2.844737e-02,4.367632e-02,-4.021579e-02,1.240438e+02,-1.104000e+02,-2.715000e+02,1.820000e+01
-1.155173e+00,1.061958e+00,-6.480579e-01,-5.398684e-01,-1.736256e+02,5.460000e+01,-4.653000e+02,1.102000e+02,-2.684563e-02,1.884737e-02,6.217632e-02,-1.431579e-02,1.519746e+02,-1.313000e+02,-3.174000e+02,3.240000e+01
-1.008648e+00,1.206558e+00,-7.418579e-01,-4.046684e-01,-9.493622e+01,-3.540000e+01,-3.703000e+02,1.220000e+02,-9.220166e-03,2.144737e-02,4.787632e-02,2.688421e-02,1.680712e+02,-1.576000e+02,-3.705000e+02,2.670000e+01
-9.112384e-01,1.174758e+00,-8.673579e-01,-3.278684e-01,-7.586079e+01,3.460000e+01,-3.403000e+02,1.353000e+02,4.463304e-03,2.504737e-02,3.197632e-02,7.308421e-02,1.797595e+02,-1.560000e+02,-3.954000e+02,1.960000e+01
-6.847706e-01,1.109558e+00,-9.161579e-01,-1.575684e-01,-1.284121e+01,-1.037000e+02,-2.865000e+02,1.652000e+02,5.176538e-02,7.014737e-02,-1.102368e-02,1.270842e-01,1.937584e+02,-1.595000e+02,-4.346000e+02,3.900000e+00
-2.778067e-01,1.221058e+00,-6.120579e-01,3.873158e-02,2.152293e+01,-1.073000e+02,-1.737000e+02,1.346000e+02,1.266607e-01,1.433474e-01,-8.042368e-02,1.873842e-01,1.790783e+02,-1.744000e+02,-4.438000e+02,-2.000000e+01
-8.115615e-02,1.125958e+00,-4.740579e-01,1.359316e-01,5.194868e+00,-1.074000e+02,-9.450000e+01,6.780000e+01,2.290710e-01,2.169474e-01,-2.031237e-01,2.501842e-01,1.536039e+02,-1.886000e+02,-4.488000e+02,-6.500000e+01
7.772849e-02,1.057358e+00,-4.514579e-01,2.952316e-01,2.175202e+01,-7.010000e+01,6.000000e+00,2.660000e+01,3.460018e-01,2.894474e-01,-3.582237e-01,3.210842e-01,1.400176e+02,-1.673000e+02,-4.525000e+02,-1.429000e+02
2.032606e-01,8.811579e-01,-3.586579e-01,3.864316e-01,9.714206e+00,-6.310000e+01,-9.000000e-01,1.620000e+01,4.688200e-01,3.603474e-01,-5.319237e-01,4.124842e-01,1.204856e+02,-1.290000e+02,-4.196000e+02,-2.200000e+02
3.171686e-01,6.542579e-01,-3.448579e-01,5.172316e-01,8.946972e+00,-4.600000e+01,9.100000e+00,8.700000e+00,6.032605e-01,4.590474e-01,-6.993237e-01,5.111842e-01,1.191775e+02,-6.970000e+01,-3.529000e+02,-2.272000e+02
4.936732e-01,6.524579e-01,-2.143579e-01,6.418316e-01,6.743370e+00,-3.930000e+01,7.300000e+00,6.700000e+00,7.348466e-01,5.646474e-01,-8.666237e-01,6.134842e-01,1.070008e+02,-4.860000e+01,-3.032000e+02,-2.158000e+02
3.651681e-01,1.010158e+00,-1.040579e-01,4.080316e-01,5.719240e+00,-3.020000e+01,3.500000e+00,6.900000e+00,7.601030e-01,5.877474e-01,-9.532237e-01,6.743842e-01,3.402383e+01,-4.810000e+01,-1.691000e+02,-1.805000e+02
3.131386e-01,7.414579e-01,-8.257895e-03,3.177316e-01,3.740787e+00,-2.280000e+01,5.400000e+00,3.200000e+00,7.942828e-01,5.822474e-01,-1.076324e+00,7.085842e-01,6.248519e+00,-1.880000e+01,-7.440000e+01,-1.680000e+02
3.605664e-01,6.190579e-01,1.384421e-01,3.042316e-01,-2.555882e-01,-1.020000e+01,1.000000e+00,0.000000e+00,8.970064e-01,6.472474e-01,-1.145524e+00,7.844842e-01,-9.345161e+01,-3.880000e+01,8.910000e+01,-1.206000e+02
3.101719e-01,5.143579e-01,2.291421e-01,2.085316e-01,-2.153305e+00,-2.700000e+00,-1.800000e+00,-1.300000e+00,8.904569e-01,5.541474e-01,-1.207624e+00,8.300842e-01,-9.517063e+01,1.290000e+01,1.834000e+02,-8.720000e+01
8.414299e-02,2.250579e-01,-1.225789e-02,9.743158e-02,-3.583117e+00,3.000000e-01,-4.900000e+00,-1.600000e+00,8.074904e-01,3.663474e-01,-1.283624e+00,8.239842e-01,-5.306002e+01,7.220000e+01,1.955000e+02,-9.930000e+01
4.533508e-02,1.359579e-01,-7.635789e-02,9.223158e-02,-3.616283e+00,5.800000e+00,-6.500000e+00,-1.300000e+00,6.718364e-01,1.819474e-01,-1.251924e+00,7.785842e-01,-3.326764e+01,9.170000e+01,2.024000e+02,-6.190000e+01
5.683236e-03,1.535789e-02,-4.757895e-03,2.203158e-02,-2.244336e+00,5.700000e+00,-3.800000e+00,-1.100000e+00,5.481157e-01,3.104737e-02,-1.168324e+00,7.235842e-01,-2.476479e+01,1.174000e+02,2.404000e+02,-3.820000e+01
5.034392e-03,2.145789e-02,-4.578947e-04,1.843158e-02,-2.599832e+00,8.000000e+00,-5.200000e+00,-1.000000e+00,4.319067e-01,-1.088526e-01,-1.066224e+00,6.452842e-01,-1.158690e+01,1.481000e+02,2.881000e+02,-3.000000e-01
-2.923963e-03,8.157895e-03,3.654211e-02,-7.868421e-03,-2.756201e+00,9.400000e+00,-6.000000e+00,-9.000000e-01,2.990637e-01,-2.659526e-01,-9.657237e-01,5.463842e-01,-1.407088e+01,1.606000e+02,3.274000e+02,1.770000e+01
-1.403041e-02,9.578947e-04,2.774211e-02,-1.546842e-02,-4.545416e+00,1.220000e+01,-7.700000e+00,-2.300000e+00,1.581785e-01,-4.131526e-01,-8.521237e-01,4.270842e-01,-2.779780e+01,1.641000e+02,3.647000e+02,2.020000e+01
-2.755158e-02,-3.742105e-03,6.742105e-03,-1.996842e-02,-5.205635e+00,1.220000e+01,-8.800000e+00,-2.500000e+00,1.170345e-01,-4.662526e-01,-8.111237e-01,3.146842e-01,-4.945134e+01,1.591000e+02,3.959000e+02,1.290000e+01
-2.671949e-02,-1.484211e-02,3.074211e-02,-3.026842e-02,-4.250790e+00,1.000000e+01,-9.300000e+00,-1.000000e+00,5.361706e-02,-4.909526e-01,-6.885237e-01,2.098842e-01,-7.979410e+01,1.428000e+02,4.260000e+02,4.000000e+00
-3.142827e-02,-1.664211e-02,4.434211e-02,-4.246842e-02,-4.575219e+00,8.000000e+00,-1.010000e+01,-8.000000e-01,-7.374467e-02,-5.817526e-01,-6.182237e-01,5.758421e-02,-9.530341e+01,1.337000e+02,4.381000e+02,-1.900000e+00
-3.332209e-02,-1.734211e-02,5.464211e-02,-5.006842e-02,-4.090217e+00,5.500000e+00,-1.100000e+01,4.000000e-01,-1.333579e-01,-5.540526e-01,-5.328237e-01,-7.521579e-02,-1.239037e+02,1.138000e+02,4.553000e+02,-1.430000e+01
-3.468008e-02,-1.804211e-02,5.964211e-02,-5.446842e-02,-3.981895e+00,3.900000e+00,-1.150000e+01,9.000000e-01,-1.576187e-01,-4.588526e-01,-4.102237e-01,-1.651158e-01,-1.467776e+02,8.990000e+01,4.611000e+02,-2.240000e+01
-3.484542e-02,-1.884211e-02,6.764211e-02,-5.896842e-02,-3.971685e+00,3.900000e+00,-1.150000e+01,9.000000e-01,-1.539079e-01,-3.675526e-01,-3.444237e-01,-2.174158e-01,-1.475253e+02,8.990000e+01,4.611000e+02,-2.240000e+01
-3.472018e-02,-1.774211e-02,6.864211e-02,-5.996842e-02,-3.888434e+00,2.500000e+00,-1.310000e+01,1.900000e+00,-1.578885e-01,-2.973526e-01,-3.194237e-01,-2.667158e-01,-1.592125e+02,4.530000e+01,4.533000e+02,-1.320000e+01
-3.394655e-02,-1.764211e-02,7.174211e-02,-6.126842e-02,-3.684941e+00,2.000000e+00,-1.460000e+01,2.900000e+00,-1.668458e-01,-2.287526e-01,-3.068237e-01,-3.097158e-01,-1.476254e+02,2.090000e+01,4.415000e+02,8.400000e+00
-3.382131e-02,-1.704211e-02,7.414211e-02,-6.306842e-02,-3.269089e+00,2.400000e+00,-1.620000e+01,4.100000e+00,-1.680759e-01,-1.601526e-01,-3.140237e-01,-3.365158e-01,-1.205644e+02,9.300000e+00,4.327000e+02,4.150000e+01
-3.232132e-02,-1.734211e-02,7.934211e-02,-6.476842e-02,-4.382411e+00,2.500000e+00,-1.980000e+01,4.600000e+00,-1.601312e-01,-1.007526e-01,-3.401237e-01,-3.461158e-01,-1.051706e+02,-2.080000e+01,4.123000e+02,6.050000e+01
-3.029187e-02,-1.704211e-02,8.104211e-02,-6.436842e-02,-5.687301e+00,2.400000e+00,-2.340000e+01,4.900000e+00,-1.402920e-01,-4.075263e-02,-3.853237e-01,-3.415158e-01,-6.485062e+01,-4.840000e+01,3.875000e+02,1.019000e+02
-2.863981e-02,-1.564211e-02,7.904211e-02,-6.276842e-02,-5.711610e+00,1.300000e+00,-2.470000e+01,5.600000e+00,-1.084134e-01,1.394737e-02,-4.500237e-01,-3.232158e-01,-1.617143e+01,-6.810000e+01,3.575000e+02,1.463000e+02
-2.847900e-02,-1.334211e-02,7.634211e-02,-6.276842e-02,-7.978826e+00,-1.000000e-01,-2.820000e+01,4.900000e+00,-6.698140e-02,6.564737e-02,-5.156237e-01,-2.869158e-01,3.265332e+01,-8.430000e+01,3.300000e+02,1.897000e+02
-2.675101e-02,-1.134211e-02,7.474211e-02,-6.166842e-02,-8.776985e+00,-6.000000e-01,-3.100000e+01,5.400000e+00,-1.652309e-02,1.227474e-01,-5.697237e-01,-2.260158e-01,6.192131e+01,-1.007000e+02,3.133000e+02,2.151000e+02
-2.533740e-02,-8.742105e-03,7.474211e-02,-6.186842e-02,-6.623783e+00,8.000000e-01,-3.220000e+01,8.200000e+00,3.435470e-02,1.934474e-01,-6.067237e-01,-1.428158e-01,6.103755e+01,-1.206000e+02,3.119000e+02,2.129000e+02
-2.357248e-02,-5.642105e-03,7.564211e-02,-6.226842e-02,-4.576013e+00,2.400000e+00,-3.350000e+01,1.090000e+01,8.253410e-02,2.805474e-01,-6.295237e-01,-3.491579e-02,5.012489e+01,-1.292000e+02,3.141000e+02,2.012000e+02
-2.180447e-02,-1.742105e-03,7.964211e-02,-6.436842e-02,-3.092025e+00,3.300000e+00,-3.490000e+01,1.310000e+01,9.890737e-02,4.082474e-01,-6.275237e-01,8.048421e-02,1.440075e+01,-1.350000e+02,3.192000e+02,1.620000e+02
-1.824439e-02,6.578947e-04,8.114211e-02,-6.316842e-02,-3.915037e+00,1.900000e+00,-3.730000e+01,1.350000e+01,7.190374e-02,5.586474e-01,-5.961237e-01,1.938842e-01,-3.270590e+01,-1.339000e+02,3.263000e+02,1.109000e+02
-1.847524e-02,3.757895e-03,8.304211e-02,-6.656842e-02,-7.218199e+00,-6.100000e+00,-3.840000e+01,1.140000e+01,5.789132e-04,7.219474e-01,-5.486237e-01,2.937842e-01,-8.322814e+01,-1.357000e+02,3.357000e+02,5.440000e+01
-1.575677e-02,9.157895e-03,8.174211e-02,-6.556842e-02,-6.513204e+00,-5.000000e-01,-4.140000e+01,1.280000e+01,-1.231791e-01,8.978474e-01,-4.824237e-01,3.662842e-01,-1.268246e+02,-1.407000e+02,3.365000e+02,-2.500000e+00
-1.379832e-02,1.475789e-02,7.754211e-02,-6.416842e-02,-9.394650e+00,1.700000e+00,-4.470000e+01,1.080000e+01,-3.041839e-01,1.081847e+00,-3.874237e-01,3.985842e-01,-1.429634e+02,-1.483000e+02,3.129000e+02,-4.440000e+01
-1.162332e-02,2.015789e-02,7.404211e-02,-6.286842e-02,-9.364799e+00,1.700000e+00,-4.470000e+01,1.080000e+01,-5.365845e-01,1.266247e+00,-2.679237e-01,3.874842e-01,-1.515811e+02,-1.536000e+02,2.953000e+02,-7.290000e+01
-7.058069e-03,2.595789e-02,6.954211e-02,-5.886842e-02,-1.512989e+01,7.800000e+00,-5.550000e+01,8.500000e+00,-8.042610e-01,1.457547e+00,-1.331237e-01,3.335842e-01,-1.260051e+02,-1.571000e+02,2.435000e+02,-8.150000e+01
1.192419e-04,2.895789e-02,6.074211e-02,-4.966842e-02,-1.886564e+01,1.330000e+01,-6.500000e+01,7.900000e+00,-1.084565e+00,1.645247e+00,9.876316e-03,2.439842e-01,-9.528352e+01,-1.497000e+02,1.841000e+02,-8.390000e+01
8.803704e-03,3.205789e-02,5.014211e-02,-3.796842e-02,-2.321956e+01,1.370000e+01,-7.040000e+01,5.500000e+00,-1.353832e+00,1.823547e+00,1.433763e-01,1.301842e-01,-5.276874e+01,-1.324000e+02,1.203000e+02,-6.610000e+01
2.039791e-02,3.455789e-02,3.934211e-02,-2.306842e-02,-2.956915e+01,1.460000e+01,-8.310000e+01,4.300000e+00,-1.600610e+00,1.978347e+00,2.599763e-01,-9.015789e-03,-7.119829e+00,-9.880000e+01,5.560000e+01,-3.190000e+01
3.169931e-02,3.645789e-02,2.784211e-02,-8.168421e-03,-3.543785e+01,1.870000e+01,-9.710000e+01,3.600000e+00,-1.761593e+00,2.048047e+00,3.504763e-01,-1.232158e-01,3.956193e+01,-4.360000e+01,-1.200000e+01,1.840000e+01
4.199918e-02,4.055789e-02,1.954211e-02,3.431579e-03,-4.084143e+01,2.250000e+01,-1.120000e+02,3.900000e+00,-1.831326e+00,2.123947e+00,3.364763e-01,-2.602158e-01,7.568954e+01,1.603000e+02,-1.504000e+02,9.340000e+01
5.561043e-02,4.285789e-02,1.494211e-02,1.743158e-02,-4.701791e+01,2.340000e+01,-1.273000e+02,4.200000e+00,-1.964294e+00,2.097147e+00,4.041763e-01,-4.948158e-01,8.206568e+01,2.588000e+02,-1.904000e+02,1.392000e+02
6.613631e-02,4.305789e-02,1.664211e-02,2.533158e-02,-5.386301e+01,2.180000e+01,-1.449000e+02,5.600000e+00,-1.786065e+00,1.702047e+00,5.521763e-01,-4.291158e-01,1.661558e+02,1.950000e+02,-2.148000e+02,1.996000e+02
8.237355e-02,3.835789e-02,2.404211e-02,3.873158e-02,-6.302456e+01,1.980000e+01,-1.710000e+02,8.900000e+00,-1.443636e+00,1.406047e+00,5.757763e-01,-3.033158e-01,2.385045e+02,1.138000e+02,-4.627000e+02,4.430000e+01
1.092803e-01,3.425789e-02,3.194211e-02,6.553158e-02,-7.122789e+01,1.570000e+01,-1.878000e+02,9.300000e+00,-1.247549e+00,1.411447e+00,7.593763e-01,-1.085158e-01,1.797248e+02,1.090000e+02,-4.569000e+02,-3.490000e+01
1.317073e-01,1.975789e-02,5.424211e-02,8.513158e-02,-8.064919e+01,8.400000e+00,-2.227000e+02,1.920000e+01,-1.109069e+00,1.256247e+00,9.758763e-01,-2.281579e-02,1.565083e+02,7.910000e+01,-4.024000e+02,-4.060000e+01
1.500755e-01,4.957895e-03,7.594211e-02,1.046316e-01,-8.098803e+01,1.750000e+01,-2.621000e+02,3.620000e+01,-9.176176e-01,1.091447e+00,1.105676e+00,1.354842e-01,7.973966e+01,-1.060000e+01,-2.858000e+02,-9.190000e+01
1.628421e-01,-8.642105e-03,8.914211e-02,1.279316e-01,-9.175322e+01,1.910000e+01,-3.110000e+02,4.900000e+01,-6.583141e-01,9.014474e-01,1.104476e+00,3.141842e-01,-2.390703e+01,-7.600000e+00,-2.135000e+02,-1.709000e+02
1.686350e-01,-2.844211e-02,1.110421e-01,1.514316e-01,-9.804805e+01,2.460000e+01,-3.645000e+02,6.820000e+01,-4.690909e-01,7.043474e-01,1.044576e+00,3.929842e-01,-3.904975e+01,-1.230000e+01,-1.942000e+02,-1.774000e+02
1.653299e-01,-5.344211e-02,1.395421e-01,1.791316e-01,-9.975850e+01,3.830000e+01,-4.193000e+02,8.930000e+01,-2.203228e-01,5.676474e-01,8.335763e-01,4.779842e-01,-6.047984e+00,-1.490000e+01,-1.885000e+02,-1.338000e+02
1.649714e-01,-5.364211e-02,1.678421e-01,2.118316e-01,-1.029941e+02,4.420000e+01,-4.569000e+02,1.034000e+02,1.610326e-02,5.767474e-01,6.419763e-01,5.495842e-01,7.999089e+00,1.413000e+02,-2.072000e+02,-1.092000e+02
2.009878e-01,8.657895e-03,1.929421e-01,2.575316e-01,-1.013595e+02,4.730000e+01,-4.594000e+02,1.047000e+02,2.353677e-01,4.204474e-01,6.408763e-01,7.480842e-01,-2.199964e+01,1.169000e+02,-7.680000e+01,-6.500000e+01
2.852352e-01,1.325579e-01,2.154421e-01,3.192316e-01,-8.583139e+01,6.120000e+01,-4.308000e+02,9.520000e+01,2.543313e-01,6.820474e-01,5.206763e-01,6.857842e-01,-3.214690e+01,8.400000e+01,-1.570000e+01,-4.230000e+01
3.479557e-01,2.307579e-01,2.433421e-01,3.753316e-01,-7.052257e+01,7.500000e+01,-4.161000e+02,9.400000e+01,1.722974e-01,7.741474e-01,4.637763e-01,5.466842e-01,-1.837821e+01,6.120000e+01,-3.300000e+00,-2.040000e+01
3.811722e-01,3.052579e-01,2.687421e-01,4.192316e-01,-5.592914e+01,8.350000e+01,-3.994000e+02,9.640000e+01,1.472160e-01,5.496474e-01,2.654763e-01,3.881842e-01,-1.698931e+01,5.460000e+01,2.000000e-01,-1.720000e+01
3.882331e-01,3.550579e-01,2.785421e-01,4.738316e-01,-5.255166e+01,7.780000e+01,-3.781000e+02,9.440000e+01,2.446958e-01,4.804474e-01,4.176316e-03,3.496842e-01,-1.345839e+01,3.490000e+01,3.100000e+00,-1.240000e+01
3.607444e-01,3.754579e-01,2.848421e-01,5.220316e-01,-4.500192e+01,7.050000e+01,-3.558000e+02,1.060000e+02,2.622568e-01,4.093474e-01,-1.824237e-01,2.647842e-01,-9.279622e+00,2.680000e+01,4.200000e+00,-7.400000e+00
3.196556e-01,3.900579e-01,2.788421e-01,5.619316e-01,-1.955432e+01,8.540000e+01,-3.078000e+02,8.720000e+01,2.023138e-01,3.592474e-01,-2.439237e-01,1.605842e-01,-4.519563e+00,1.690000e+01,0.000000e+00,-4.600000e+00
2.819763e-01,4.197579e-01,2.511421e-01,5.570316e-01,8.697655e-01,8.280000e+01,-2.321000e+02,6.390000e+01,2.007983e-01,3.211474e-01,-2.424237e-01,1.569842e-01,-2.061415e+00,9.000000e+00,9.000000e-01,-1.600000e+00
3.631164e-01,4.859579e-01,3.115421e-01,5.990316e-01,-3.256198e+01,-1.300000e+00,-6.720000e+01,-2.370000e+01,8.853454e-02,2.552474e-01,-7.022368e-02,1.172842e-01,9.958268e-01,-2.000000e-01,-2.500000e+00,-2.000000e-01
4.858661e-01,5.304579e-01,3.951421e-01,6.978316e-01,-9.422652e+01,-1.277000e+02,6.710000e+01,-2.610000e+01,-2.412370e-02,4.947368e-03,1.658763e-01,1.070842e-01,4.662525e+00,-4.600000e+00,-5.800000e+00,2.100000e+00
4.408542e-01,4.152579e-01,4.207421e-01,7.231316e-01,-1.040477e+02,-1.620000e+02,1.161000e+02,-1.930000e+01,-2.584426e-02,4.747368e-03,1.133763e-01,7.638421e-02,5.587028e+00,-6.100000e+00,-6.600000e+00,2.700000e+00
2.395675e-01,1.598579e-01,3.925421e-01,6.933316e-01,-8.443859e+01,-1.551000e+02,1.349000e+02,2.800000e+00,-5.494551e-02,-6.215263e-02,8.187632e-02,2.458421e-02,5.726023e+00,-6.900000e+00,-6.700000e+00,2.800000e+00
7.905401e-02,-3.784211e-02,3.334421e-01,6.588316e-01,-3.413175e+01,-1.160000e+02,1.646000e+02,1.860000e+01,-5.997357e-02,-7.325263e-02,8.457632e-02,1.938421e-02,4.344254e+00,-6.000000e+00,-5.500000e+00,1.900000e+00
-2.053296e-02,-1.628421e-01,2.548421e-01,6.261316e-01,-8.747544e-01,-8.850000e+01,1.906000e+02,1.840000e+01,-6.330577e-02,-7.455263e-02,4.797632e-02,-4.515789e-03,1.778193e+00,-2.300000e+00,-2.600000e+00,6.000000e-01
-9.230959e-02,-2.541421e-01,1.785421e-01,5.887316e-01,-7.378796e-01,-8.850000e+01,1.906000e+02,1.840000e+01,-6.016288e-02,-8.355263e-02,3.137632e-02,-1.061579e-02,-1.382696e+00,1.700000e+00,-3.000000e-01,-1.700000e+00
-7.632910e-02,-2.812421e-01,1.649421e-01,5.346316e-01,7.896066e+01,-4.300000e+01,3.082000e+02,2.010000e+01,-6.346877e-02,-8.485263e-02,1.317632e-02,-2.471579e-02,-2.838175e+00,3.400000e+00,7.000000e-01,-2.800000e+00
-4.183470e-02,-2.987421e-01,1.951421e-01,4.701316e-01,8.082853e+01,-6.230000e+01,3.485000e+02,2.810000e+01,-6.341124e-02,-8.865263e-02,4.763158e-04,-3.211579e-02,-3.148336e+00,4.300000e+00,6.000000e-01,-3.200000e+00
8.721724e-03,-3.203421e-01,2.453421e-01,4.372316e-01,7.435441e+01,-8.420000e+01,3.716000e+02,3.360000e+01,-6.285501e-02,-9.045263e-02,-9.923684e-03,-3.771579e-02,-2.658932e+00,2.800000e+00,-6.000000e-01,-3.300000e+00
-2.841164e-02,-3.650421e-01,1.993421e-01,3.460316e-01,7.095144e+01,-9.350000e+01,3.849000e+02,3.200000e+01,-6.400994e-02,-9.135263e-02,-1.912368e-02,-4.461579e-02,-1.945411e+00,5.000000e-01,-1.900000e+00,-3.200000e+00
-1.265420e-01,-4.038421e-01,1.191421e-01,1.860316e-01,7.629452e+01,-8.390000e+01,3.930000e+02,2.530000e+01,-6.291833e-02,-9.135263e-02,-2.932368e-02,-4.951579e-02,-2.235854e+00,-4.000000e-01,-2.400000e+00,-3.800000e+00
-1.139764e-01,-3.360421e-01,9.244211e-02,8.613158e-02,8.101383e+01,-7.260000e+01,3.953000e+02,1.980000e+01,-6.410671e-02,-9.105263e-02,-3.252368e-02,-5.331579e-02,-1.192947e+00,-8.000000e-01,-3.300000e+00,-3.100000e+00
-2.645523e-02,-1.789421e-01,1.236421e-01,2.283158e-02,8.224930e+01,-5.150000e+01,3.891000e+02,5.700000e+00,-6.435118e-02,-9.075263e-02,-2.992368e-02,-5.301579e-02,-8.991374e-01,-2.000000e+00,-4.300000e+00,-3.300000e+00
2.743974e-02,-5.074211e-02,1.890421e-01,-4.156842e-02,7.000625e+01,-4.050000e+01,3.647000e+02,-9.900000e+00,-6.416187e-02,-9.175263e-02,-2.172368e-02,-4.941579e-02,-1.184454e+00,-2.200000e+00,-6.700000e+00,-4.900000e+00
3.949449e-02,2.985789e-02,2.842421e-01,-1.127684e-01,4.938802e+01,-3.510000e+01,3.328000e+02,-2.860000e+01,-6.349525e-02,-9.425263e-02,-9.223684e-03,-4.291579e-02,-8.323788e-01,-2.400000e+00,-6.700000e+00,-4.500000e+00
4.353860e-02,1.168579e-01,3.817421e-01,-1.803684e-01,2.601895e+01,-2.860000e+01,3.050000e+02,-5.160000e+01,-6.231207e-02,-9.375263e-02,6.763158e-04,-3.721579e-02,-2.094352e-02,-3.800000e+00,-7.700000e+00,-4.100000e+00
2.192697e-02,1.725579e-01,4.220421e-01,-2.303684e-01,2.661669e+01,-2.860000e+01,3.050000e+02,-5.160000e+01,-6.208422e-02,-9.345263e-02,7.676316e-03,-3.411579e-02,-2.463200e-02,-3.800000e+00,-7.700000e+00,-4.100000e+00
1.726213e-02,2.375579e-01,4.434421e-01,-2.524684e-01,-2.093005e+01,-1.540000e+01,2.646000e+02,-9.860000e+01,-6.033040e-02,-9.215263e-02,5.976316e-03,-3.401579e-02,3.172769e-01,-4.100000e+00,-9.000000e+00,-4.400000e+00
1.457227e-02,2.983579e-01,4.585421e-01,-2.605684e-01,-3.089154e+01,-1.290000e+01,2.557000e+02,-1.083000e+02,-5.932327e-02,-9.005263e-02,1.276316e-03,-3.641579e-02,-3.874977e-01,-3.900000e+00,-9.000000e+00,-5.200000e+00
1.612419e-02,3.502579e-01,4.754421e-01,-2.558684e-01,-4.731837e+01,-8.200000e+00,2.399000e+02,-1.232000e+02,-5.833112e-02,-8.775263e-02,-3.523684e-03,-3.891579e-02,-9.597313e-01,-3.600000e+00,-8.900000e+00,-5.800000e+00
2.648567e-02,3.942579e-01,4.986421e-01,-2.366684e-01,-5.504212e+01,-2.900000e+00,2.303000e+02,-1.303000e+02,-5.762157e-02,-8.495263e-02,-3.723684e-03,-3.931579e-02,-1.036032e+00,-3.600000e+00,-9.300000e+00,-6.100000e+00
3.710078e-02,4.325579e-01,5.200421e-01,-2.111684e-01,-5.245669e+01,5.500000e+00,2.273000e+02,-1.287000e+02,-5.649977e-02,-8.285263e-02,-1.923684e-03,-3.811579e-02,-1.227821e+00,-3.300000e+00,-8.700000e+00,-6.000000e+00
4.715600e-02,4.594579e-01,5.317421e-01,-1.778684e-01,-4.275877e+01,1.500000e+01,2.274000e+02,-1.203000e+02,-5.484454e-02,-8.075263e-02,-4.236842e-04,-3.651579e-02,-4.039303e-01,-3.600000e+00,-9.900000e+00,-5.700000e+00
5.530954e-02,4.862579e-01,5.285421e-01,-1.384684e-01,-2.853606e+01,2.100000e+01,2.274000e+02,-1.063000e+02,-5.233364e-02,-7.885263e-02,7.631579e-05,-3.461579e-02,-7.635820e-02,-4.300000e+00,-1.230000e+01,-6.600000e+00
5.956355e-02,5.072579e-01,5.132421e-01,-9.576842e-02,-1.195303e+01,2.420000e+01,2.269000e+02,-8.920000e+01,-4.976777e-02,-7.745263e-02,1.576316e-03,-3.221579e-02,3.718993e-01,-5.400000e+00,-1.480000e+01,-7.400000e+00
5.739041e-02,5.212579e-01,4.910421e-01,-5.466842e-02,-2.510878e+00,3.000000e+01,2.270000e+02,-7.970000e+01,-4.635714e-02,-7.675263e-02,1.276316e-03,-2.991579e-02,1.693135e+00,-5.700000e+00,-1.760000e+01,-7.400000e+00
5.288339e-02,5.352579e-01,4.643421e-01,-1.276842e-02,1.689097e+01,3.700000e+01,2.267000e+02,-5.920000e+01,-4.305489e-02,-7.455263e-02,3.176316e-03,-2.681579e-02,3.635522e+00,-6.400000e+00,-2.210000e+01,-7.600000e+00
3.322677e-02,5.323579e-01,4.302421e-01,1.483158e-02,3.767568e+01,4.590000e+01,2.247000e+02,-3.610000e+01,-3.808621e-02,-7.375263e-02,6.776316e-03,-2.091579e-02,5.352238e+00,-7.100000e+00,-2.540000e+01,-7.400000e+00
8.399557e-03,5.319579e-01,3.908421e-01,3.863158e-02,5.710467e+01,5.800000e+01,2.225000e+02,-1.350000e+01,-2.937921e-02,-7.265263e-02,4.776316e-03,-1.431579e-02,7.180689e+00,-7.700000e+00,-3.440000e+01,-1.020000e+01
-2.275463e-02,5.356579e-01,3.482421e-01,5.763158e-02,7.403782e+01,7.360000e+01,2.219000e+02,7.000000e+00,-2.306369e-02,-7.065263e-02,1.776316e-03,-1.141579e-02,8.409622e+00,-9.500000e+00,-4.210000e+01,-1.290000e+01
-6.452993e-02,5.441579e-01,3.057421e-01,6.673158e-02,8.797514e+01,8.990000e+01,2.212000e+02,2.520000e+01,-1.363022e-02,-7.575263e-02,4.776316e-03,-1.315789e-03,1.922317e+01,-1.800000e+00,-5.010000e+01,-5.500000e+00
-1.164711e-01,5.561579e-01,2.672421e-01,6.573158e-02,9.470340e+01,9.830000e+01,2.205000e+02,3.450000e+01,5.027493e-04,-7.645263e-02,-5.923684e-03,5.984211e-03,1.785500e+01,-1.200000e+00,-5.660000e+01,-1.070000e+01
-1.793597e-01,5.733579e-01,2.306421e-01,5.253158e-02,1.058557e+02,1.114000e+02,2.138000e+02,5.310000e+01,1.308292e-02,-7.625263e-02,-5.023684e-03,1.738421e-02,2.598388e+01,-3.200000e+00,-7.220000e+01,-9.800000e+00
-2.576348e-01,6.146579e-01,1.839421e-01,3.353158e-02,1.049060e+02,1.244000e+02,2.010000e+02,6.160000e+01,1.944172e-02,-7.225263e-02,-2.368421e-05,2.368421e-02,2.836582e+01,-7.800000e+00,-7.590000e+01,-8.600000e+00
-3.492400e-01,6.566579e-01,1.300421e-01,8.315789e-04,9.608369e+01,1.325000e+02,1.767000e+02,6.600000e+01,3.037423e-02,-7.175263e-02,2.876316e-03,3.428421e-02,3.368727e+01,-7.100000e+00,-8.590000e+01,-8.100000e+00
-4.433987e-01,6.992579e-01,8.094211e-02,-3.386842e-02,9.636920e+01,1.325000e+02,1.767000e+02,6.600000e+01,4.040161e-02,-7.055263e-02,5.876316e-03,4.408421e-02,3.366629e+01,-7.100000e+00,-8.590000e+01,-8.100000e+00
-5.604470e-01,7.722579e-01,2.254211e-02,-8.626842e-02,5.814671e+01,1.118000e+02,1.254000e+02,4.100000e+01,4.801134e-02,-6.775263e-02,7.676316e-03,4.968421e-02,4.640125e+01,-8.500000e+00,-1.087000e+02,-5.900000e+00
-6.826746e-01,8.569579e-01,-2.665789e-02,-1.490684e-01,3.045179e+01,7.650000e+01,9.350000e+01,1.140000e+01,5.272594e-02,-6.165263e-02,1.147632e-02,5.248421e-02,5.166628e+01,-1.090000e+01,-1.191000e+02,-5.200000e+00
-8.120497e-01,9.446579e-01,-6.705789e-02,-2.269684e-01,1.320574e+01,5.590000e+01,7.470000e+01,-7.400000e+00,5.191836e-02,-5.595263e-02,2.287632e-02,5.338421e-02,5.790870e+01,-1.590000e+01,-1.300000e+02,-3.100000e+00
-9.471246e-01,1.030258e+00,-1.074579e-01,-3.192684e-01,-2.700079e+01,2.600000e+00,3.060000e+01,-5.380000e+01,5.133945e-02,-5.035263e-02,3.637632e-02,5.628421e-02,6.387731e+01,-2.390000e+01,-1.399000e+02,0.000000e+00
-1.056398e+00,1.113958e+00,-1.166579e-01,-4.211684e-01,-6.230998e+01,-7.330000e+01,-5.040000e+01,-8.050000e+01,4.776761e-02,-3.695263e-02,4.407632e-02,5.068421e-02,6.607302e+01,-2.780000e+01,-1.452000e+02,5.000000e-01
-1.214934e+00,1.236358e+00,-1.692579e-01,-5.538684e-01,-1.140102e+02,-1.036000e+02,-1.156000e+02,-1.182000e+02,3.760989e-02,-2.765263e-02,6.337632e-02,4.568421e-02,7.126464e+01,-3.770000e+01,-1.550000e+02,3.600000e+00
-1.402721e+00,1.450858e+00,-2.659579e-01,-7.005684e-01,-1.727617e+02,-1.193000e+02,-2.374000e+02,-1.252000e+02,3.128540e-02,-1.875263e-02,6.757632e-02,3.698421e-02,7.690631e+01,-4.830000e+01,-1.694000e+02,4.900000e+00
-1.376793e+00,1.212758e+00,-4.053579e-01,-8.443684e-01,-2.290886e+02,6.360000e+01,-5.226000e+02,3.530000e+01,3.078203e-02,-1.485263e-02,6.857632e-02,3.608421e-02,8.510528e+01,-6.040000e+01,-1.893000e+02,6.600000e+00
-1.207084e+00,1.229558e+00,-6.388579e-01,-6.533684e-01,-1.625457e+02,8.040000e+01,-4.517000e+02,7.920000e+01,3.695370e-02,-1.005263e-02,6.647632e-02,4.258421e-02,9.822837e+01,-6.840000e+01,-2.197000e+02,6.400000e+00
-9.438360e-01,1.339458e+00,-6.809579e-01,-4.353684e-01,-4.213056e+01,7.000000e-01,-3.383000e+02,1.398000e+02,4.658550e-02,-9.552632e-03,5.717632e-02,5.268421e-02,1.110157e+02,-7.460000e+01,-2.571000e+02,3.000000e-01
-8.400291e-01,1.327058e+00,-8.614579e-01,-3.222684e-01,-9.554707e+00,6.340000e+01,-2.825000e+02,1.534000e+02,5.578200e-02,-1.375263e-02,4.087632e-02,6.318421e-02,1.074909e+02,-8.370000e+01,-2.774000e+02,-1.420000e+01
-5.887274e-01,1.288758e+00,-8.315579e-01,-1.572684e-01,1.999055e+00,-3.600000e+01,-2.446000e+02,1.393000e+02,7.892592e-02,-2.125263e-02,2.047632e-02,9.868421e-02,1.223440e+02,-9.640000e+01,-3.245000e+02,-2.200000e+01
-2.748738e-01,1.430358e+00,-5.175579e-01,-1.986842e-02,1.382863e+01,-5.450000e+01,-7.830000e+01,5.980000e+01,1.219046e-01,-3.352632e-03,-4.823684e-03,1.533842e-01,1.379119e+02,-1.004000e+02,-3.749000e+02,-3.700000e+01
-1.551344e-01,1.347158e+00,-4.362579e-01,3.593158e-02,1.031165e+01,-7.470000e+01,-6.070000e+01,4.670000e+01,2.197136e-01,6.704737e-02,-5.702368e-02,2.415842e-01,1.459250e+02,-1.049000e+02,-4.157000e+02,-5.610000e+01
-5.764807e-02,1.230258e+00,-5.079579e-01,1.688316e-01,1.149343e+01,-6.250000e+01,-1.580000e+01,2.390000e+01,3.465984e-01,1.701474e-01,-1.352237e-01,3.367842e-01,1.265784e+02,-1.263000e+02,-4.171000e+02,-7.010000e+01
9.554719e-02,1.080758e+00,-4.494579e-01,3.048316e-01,9.749829e+00,-5.290000e+01,-3.600000e+00,1.530000e+01,4.679655e-01,2.482474e-01,-2.461237e-01,4.309842e-01,6.813809e+01,-1.654000e+02,-3.919000e+02,-1.071000e+02
2.821900e-01,7.975579e-01,-3.569579e-01,4.709316e-01,7.593904e+00,-4.540000e+01,-3.900000e+00,1.270000e+01,5.802295e-01,2.995474e-01,-3.951237e-01,5.212842e-01,6.613708e+00,-1.886000e+02,-3.638000e+02,-1.667000e+02
4.990115e-01,9.494579e-01,-2.328579e-01,6.379316e-01,1.177206e+00,-2.730000e+01,1.000000e-01,2.700000e+00,6.861209e-01,3.571474e-01,-5.400237e-01,6.259842e-01,-1.155027e+01,-1.758000e+02,-3.447000e+02,-2.016000e+02
4.677550e-01,8.409579e-01,3.464211e-02,4.767316e-01,9.204010e-01,-1.820000e+01,-6.000000e-01,2.300000e+00,7.556380e-01,4.136474e-01,-6.373237e-01,7.222842e-01,1.350096e+01,-9.090000e+01,-3.007000e+02,-2.303000e+02
3.152142e-01,6.367579e-01,1.028421e-01,2.834316e-01,-4.355852e-01,-1.250000e+01,-2.900000e+00,1.600000e+00,6.894363e-01,3.347474e-01,-6.759237e-01,7.879842e-01,4.623367e+00,-3.370000e+01,-1.863000e+02,-2.027000e+02
3.391080e-01,5.235579e-01,3.167421e-01,2.130316e-01,-1.982397e+00,-5.700000e+00,-5.200000e+00,6.000000e-01,7.348586e-01,3.203474e-01,-7.900237e-01,8.863842e-01,-7.196514e+01,-5.750000e+01,-6.330000e+01,-1.838000e+02
2.343756e-01,4.251579e-01,3.109421e-01,1.035316e-01,-4.234578e+00,3.000000e+00,-6.500000e+00,-1.800000e+00,8.175278e-01,3.211474e-01,-9.198237e-01,9.537842e-01,-3.534559e+01,2.760000e+01,3.420000e+01,-1.319000e+02
2.913698e-02,1.399579e-01,1.514211e-02,3.353158e-02,-4.451714e+00,5.500000e+00,-6.300000e+00,-2.300000e+00,7.428876e-01,1.857474e-01,-9.519237e-01,9.522842e-01,-4.228312e+01,7.100000e+01,1.309000e+02,-1.202000e+02
2.668115e-02,7.745789e-02,-3.045789e-02,5.603158e-02,-4.830693e+00,5.500000e+00,-7.200000e+00,-2.300000e+00,5.957734e-01,-2.055263e-02,-9.900237e-01,9.016842e-01,-3.872524e+01,9.000000e+01,1.509000e+02,-1.280000e+02
1.742865e-02,4.605789e-02,4.354211e-02,1.273158e-02,-4.709122e+00,7.600000e+00,-7.200000e+00,-2.300000e+00,4.140689e-01,-2.245526e-01,-9.809237e-01,8.105842e-01,-3.393413e+01,1.000000e+02,1.655000e+02,-1.194000e+02
3.626078e-04,3.257895e-03,2.924211e-02,3.531579e-03,-5.730995e+00,1.020000e+01,-7.400000e+00,-3.500000e+00,2.503527e-01,-3.926526e-01,-9.296237e-01,7.117842e-01,-2.201916e+01,1.049000e+02,1.906000e+02,-7.360000e+01
-1.322612e-02,-3.042105e-03,3.704211e-02,-1.476842e-02,-5.858631e+00,9.100000e+00,-8.800000e+00,-2.900000e+00,1.237181e-01,-5.243526e-01,-8.584237e-01,6.165842e-01,-9.199666e+00,1.113000e+02,2.281000e+02,-2.200000e+01
-1.717417e-02,-1.504211e-02,6.654211e-02,-3.226842e-02,-4.899440e+00,8.100000e+00,-8.300000e+00,-2.000000e+00,-1.896993e-02,-6.602526e-01,-7.800237e-01,4.857842e-01,1.591987e+01,1.276000e+02,2.495000e+02,2.120000e+01
-2.994667e-02,-1.964211e-02,5.824211e-02,-4.206842e-02,-4.026967e+00,7.800000e+00,-8.100000e+00,-1.100000e+00,-1.498480e-01,-7.860526e-01,-7.286237e-01,3.403842e-01,2.914301e+01,1.279000e+02,2.629000e+02,5.630000e+01
-3.476113e-02,-2.054211e-02,5.814211e-02,-4.716842e-02,-3.311295e+00,6.600000e+00,-7.100000e+00,-7.000000e-01,-1.424724e-01,-7.617526e-01,-7.189237e-01,2.222842e-01,3.133439e+01,1.157000e+02,2.767000e+02,8.570000e+01
-3.679230e-02,-2.084211e-02,6.624211e-02,-5.316842e-02,-2.853306e+00,4.500000e+00,-7.000000e+00,-1.000000e-01,-2.344103e-01,-7.894526e-01,-6.207237e-01,7.258421e-02,3.030749e+01,1.068000e+02,2.817000e+02,9.790000e+01
-3.998005e-02,-2.034211e-02,7.564211e-02,-6.116842e-02,-2.727086e+00,4.200000e+00,-7.700000e+00,4.000000e-01,-3.504609e-01,-8.373526e-01,-4.994237e-01,-7.071579e-02,2.394881e+01,8.540000e+01,2.945000e+02,1.178000e+02
-3.991675e-02,-1.724211e-02,8.484211e-02,-6.556842e-02,-3.422033e+00,4.100000e+00,-7.200000e+00,-6.000000e-01,-2.970306e-01,-7.271526e-01,-4.798237e-01,-1.506158e-01,1.638070e+01,6.600000e+01,3.077000e+02,1.320000e+02
-4.205978e-02,-1.574211e-02,8.154211e-02,-6.636842e-02,-2.874629e+00,4.200000e+00,-7.600000e+00,2.000000e-01,-2.512508e-01,-6.035526e-01,-4.394237e-01,-2.165158e-01,1.027993e+01,5.450000e+01,3.183000e+02,1.388000e+02
-4.154942e-02,-1.594211e-02,8.264211e-02,-6.626842e-02,-3.088671e+00,3.500000e+00,-8.200000e+00,3.000000e-01,-2.046677e-01,-5.152526e-01,-4.220237e-01,-2.459158e-01,3.436296e+00,5.190000e+01,3.238000e+02,1.350000e+02
-4.155894e-02,-1.674211e-02,8.694211e-02,-6.826842e-02,-3.415787e+00,4.000000e+00,-8.800000e+00,2.000000e-01,-1.571343e-01,-4.255526e-01,-4.061237e-01,-2.587158e-01,-1.332614e+01,3.790000e+01,3.360000e+02,1.288000e+02
-4.405978e-02,-1.634211e-02,8.414211e-02,-6.976842e-02,-3.267551e+00,3.300000e+00,-9.600000e+00,8.000000e-01,-1.221666e-01,-3.324526e-01,-3.774237e-01,-2.651158e-01,-2.321390e+01,2.570000e+01,3.409000e+02,1.259000e+02
-4.484694e-02,-1.654211e-02,8.514211e-02,-7.126842e-02,-3.536813e+00,1.400000e+00,-1.100000e+01,1.300000e+00,-7.311950e-02,-2.347526e-01,-3.741237e-01,-2.521158e-01,-3.600633e+01,1.000000e+01,3.503000e+02,1.225000e+02
-4.579351e-02,-1.544211e-02,8.574211e-02,-7.286842e-02,-3.295070e+00,1.000000e-01,-1.110000e+01,1.700000e+00,-1.822394e-02,-1.400526e-01,-3.931237e-01,-2.255158e-01,-4.574039e+01,-4.100000e+00,3.551000e+02,1.190000e+02
-4.532789e-02,-1.564211e-02,8.684211e-02,-7.316842e-02,-3.103136e+00,-1.000000e-01,-1.270000e+01,2.700000e+00,3.126740e-02,-5.365263e-02,-4.274237e-01,-1.950158e-01,-4.833757e+01,-1.800000e+01,3.545000e+02,1.201000e+02
-4.718718e-02,-1.554211e-02,8.464211e-02,-7.456842e-02,-2.652091e+00,-1.100000e+00,-1.360000e+01,3.700000e+00,7.885683e-02,2.624737e-02,-4.653237e-01,-1.536158e-01,-4.446852e+01,-3.610000e+01,3.489000e+02,1.258000e+02
-4.766415e-02,-1.464211e-02,8.524211e-02,-7.586842e-02,-1.917089e+00,-2.400000e+00,-1.360000e+01,4.600000e+00,1.239246e-01,1.162474e-01,-5.016237e-01,-1.020158e-01,-4.022050e+01,-6.270000e+01,3.428000e+02,1.312000e+02
-4.836462e-02,-1.424211e-02,8.644211e-02,-7.766842e-02,-1.606294e+00,-2.500000e+00,-1.350000e+01,4.900000e+00,1.533339e-01,1.631474e-01,-5.287237e-01,-5.011579e-02,-3.885348e+01,-8.790000e+01,3.374000e+02,1.317000e+02
-4.953617e-02,-1.354211e-02,8.614211e-02,-7.936842e-02,-1.359889e+00,-3.200000e+00,-1.450000e+01,5.700000e+00,1.789956e-01,2.185474e-01,-5.402237e-01,1.738421e-02,-4.232603e+01,-9.750000e+01,3.344000e+02,1.266000e+02
-4.985319e-02,-1.244211e-02,8.604211e-02,-8.036842e-02,-2.352330e+00,-4.600000e+00,-1.660000e+01,5.700000e+00,1.987534e-01,2.810474e-01,-5.413237e-01,9.698421e-02,-5.474083e+01,-1.146000e+02,3.321000e+02,1.100000e+02
-4.996167e-02,-1.124211e-02,8.784211e-02,-8.206842e-02,-1.733000e+00,-6.200000e+00,-1.640000e+01,6.400000e+00,2.132229e-01,3.407474e-01,-5.415237e-01,1.841842e-01,-7.664471e+01,-1.295000e+02,3.350000e+02,8.410000e+01
-4.941696e-02,-9.842105e-03,9.034211e-02,-8.346842e-02,-1.259188e+00,-8.900000e+00,-1.720000e+01,7.500000e+00,2.121366e-01,4.017474e-01,-5.275237e-01,2.766842e-01,-1.056868e+02,-1.421000e+02,3.424000e+02,5.130000e+01
-4.872455e-02,-7.442105e-03,8.994211e-02,-8.346842e-02,-7.992117e-01,-1.110000e+01,-1.790000e+01,8.500000e+00,1.864918e-01,4.775474e-01,-4.882237e-01,3.790842e-01,-1.347330e+02,-1.531000e+02,3.531000e+02,1.940000e+01
-4.790584e-02,-5.042105e-03,8.994211e-02,-8.356842e-02,-3.167570e-01,-1.160000e+01,-1.840000e+01,9.300000e+00,1.281161e-01,5.668474e-01,-4.329237e-01,4.769842e-01,-1.605085e+02,-1.595000e+02,3.573000e+02,-1.290000e+01
-4.692855e-02,-2.642105e-03,8.934211e-02,-8.326842e-02,4.436481e-03,-1.190000e+01,-1.910000e+01,1.000000e+01,2.723458e-02,6.670474e-01,-3.588237e-01,5.543842e-01,-1.769640e+02,-1.602000e+02,3.461000e+02,-4.380000e+01
-4.419554e-02,-5.421053e-04,8.924211e-02,-8.136842e-02,9.961496e-01,-1.080000e+01,-2.080000e+01,1.180000e+01,-1.215570e-01,7.780474e-01,-2.730237e-01,5.953842e-01,-1.805714e+02,-1.537000e+02,3.317000e+02,-5.730000e+01
-3.933588e-02,3.857895e-03,9.404211e-02,-7.986842e-02,2.483526e+00,-9.700000e+00,-2.410000e+01,1.490000e+01,-3.077193e-01,9.017474e-01,-1.801237e-01,5.933842e-01,-1.682617e+02,-1.404000e+02,2.905000e+02,-6.870000e+01
-2.970697e-02,2.357895e-03,9.644211e-02,-7.176842e-02,3.594359e+00,-4.600000e+00,-2.970000e+01,1.830000e+01,-5.098892e-01,1.033147e+00,-9.662368e-02,5.494842e-01,-1.353102e+02,-1.106000e+02,2.346000e+02,-5.230000e+01
-2.355010e-02,4.857895e-03,9.534211e-02,-6.656842e-02,1.943101e-01,-6.900000e+00,-3.600000e+01,1.770000e+01,-7.304790e-01,1.171447e+00,-7.323684e-03,4.608842e-01,-8.753448e+01,-7.100000e+01,1.620000e+02,-2.190000e+01
-1.836508e-02,6.557895e-03,9.234211e-02,-6.176842e-02,-3.779015e+00,-8.000000e+00,-4.220000e+01,1.630000e+01,-9.738967e-01,1.317647e+00,1.020763e-01,3.357842e-01,-2.902415e+01,-4.860000e+01,8.690000e+01,1.090000e+01
-8.883117e-03,6.257895e-03,8.154211e-02,-4.846842e-02,-4.511157e+00,9.000000e-01,-4.600000e+01,1.630000e+01,-1.231373e+00,1.464047e+00,2.306763e-01,1.831842e-01,3.377283e+01,-4.510000e+01,1.340000e+01,3.760000e+01
4.807416e-04,9.757895e-03,7.014211e-02,-3.566842e-02,-8.212582e+00,1.030000e+01,-5.370000e+01,1.470000e+01,-1.482044e+00,1.596047e+00,3.610763e-01,1.838421e-02,6.128500e+01,-4.390000e+01,-2.150000e+01,4.580000e+01
8.952596e-03,1.465789e-02,5.854211e-02,-2.426842e-02,-1.425291e+01,9.900000e+00,-6.240000e+01,1.210000e+01,-1.681657e+00,1.684347e+00,4.778763e-01,-1.334158e-01,1.034019e+02,-2.690000e+01,-8.040000e+01,6.490000e+01
1.691752e-02,1.895789e-02,4.644211e-02,-1.306842e-02,-1.423648e+01,9.900000e+00,-6.240000e+01,1.210000e+01,-1.735798e+00,1.781447e+00,4.533763e-01,-2.596158e-01,1.118528e+02,1.424000e+02,-1.944000e+02,8.930000e+01
2.768247e-02,1.965789e-02,3.614211e-02,3.315789e-04,-2.557587e+01,1.670000e+01,-8.310000e+01,8.200000e+00,-1.895411e+00,1.859747e+00,5.384763e-01,-4.602158e-01,1.224392e+02,1.925000e+02,-2.227000e+02,1.156000e+02
4.063368e-02,1.955789e-02,2.904211e-02,1.443158e-02,-3.223696e+01,1.800000e+01,-9.930000e+01,8.200000e+00,-1.811355e+00,1.584347e+00,6.919763e-01,-4.878158e-01,1.850930e+02,1.027000e+02,-2.848000e+02,8.780000e+01
5.875587e-02,1.555789e-02,1.774211e-02,3.673158e-02,-4.286881e+01,2.050000e+01,-1.240000e+02,7.600000e+00,-1.349188e+00,1.166547e+00,6.096763e-01,-3.592158e-01,1.788929e+02,8.290000e+01,-4.970000e+02,-1.260000e+02
8.581042e-02,1.725789e-02,1.294211e-02,6.503158e-02,-5.052514e+01,1.760000e+01,-1.406000e+02,7.500000e+00,-1.270453e+00,1.279647e+00,7.933763e-01,-2.259158e-01,1.344902e+02,1.046000e+02,-4.041000e+02,-9.880000e+01
1.208321e-01,3.857895e-03,3.474211e-02,9.283158e-02,-5.289877e+01,1.370000e+01,-1.725000e+02,2.120000e+01,-1.093667e+00,1.119147e+00,8.861763e-01,-1.295158e-01,1.407568e+02,4.470000e+01,-3.717000e+02,-8.860000e+01
1.519278e-01,-1.454211e-02,5.544211e-02,1.198316e-01,-5.296291e+01,1.720000e+01,-2.076000e+02,3.750000e+01,-9.158758e-01,9.904474e-01,9.224763e-01,-2.581579e-02,8.448376e+01,4.000000e+00,-3.073000e+02,-1.247000e+02
1.768390e-01,-2.234211e-02,6.944211e-02,1.427316e-01,-6.483451e+01,9.900000e+00,-2.463000e+02,4.520000e+01,-6.510650e-01,8.340474e-01,8.501763e-01,1.266842e-01,3.296016e+01,7.500000e+00,-2.559000e+02,-1.503000e+02
1.970508e-01,-4.054211e-02,8.624211e-02,1.673316e-01,-6.937208e+01,1.300000e+01,-2.901000e+02,6.090000e+01,-4.085722e-01,6.778474e-01,7.221763e-01,2.310842e-01,2.024644e+01,2.090000e+01,-2.320000e+02,-1.457000e+02
2.121684e-01,-6.394211e-02,1.083421e-01,1.942316e-01,-7.385323e+01,2.090000e+01,-3.376000e+02,7.670000e+01,-7.420703e-02,5.742474e-01,4.889763e-01,3.662842e-01,2.317961e+01,1.452000e+02,-2.550000e+02,-1.455000e+02
2.205933e-01,-8.074211e-02,1.289421e-01,2.231316e-01,-7.895052e+01,3.000000e+01,-3.830000e+02,8.990000e+01,5.663146e-02,6.249474e-01,3.831763e-01,4.147842e-01,-7.049170e+01,1.443000e+02,-9.100000e+00,-8.670000e+01
2.256575e-01,-8.144211e-02,1.462421e-01,2.531316e-01,-7.959657e+01,3.890000e+01,-4.026000e+02,9.460000e+01,2.891310e-01,4.868474e-01,3.296763e-01,6.155842e-01,-1.828707e+01,1.152000e+02,-6.450000e+01,-6.170000e+01
2.522460e-01,-3.704211e-02,1.573421e-01,2.956316e-01,-7.847388e+01,5.550000e+01,-4.178000e+02,9.340000e+01,3.813108e-01,6.153474e-01,2.014763e-01,6.298842e-01,-2.886390e+01,6.920000e+01,5.200000e+00,-3.030000e+01
3.358945e-01,9.205789e-02,1.669421e-01,3.499316e-01,-6.297775e+01,8.030000e+01,-3.787000e+02,7.210000e+01,2.451053e-01,8.827474e-01,2.528763e-01,4.923842e-01,-1.999891e+01,5.210000e+01,6.900000e+00,-1.900000e+01
4.074545e-01,2.028579e-01,1.971421e-01,3.846316e-01,-3.521364e+01,1.031000e+02,-3.447000e+02,7.110000e+01,2.615204e-01,5.928474e-01,6.217632e-02,3.880842e-01,-1.140376e+01,3.340000e+01,-1.900000e+00,-1.440000e+01
4.793325e-01,3.252579e-01,2.039421e-01,4.222316e-01,-3.527385e+01,1.031000e+02,-3.447000e+02,7.110000e+01,2.874094e-01,5.697474e-01,-6.542368e-02,3.375842e-01,-9.517248e+00,2.520000e+01,7.000000e-01,-1.070000e+01
5.169380e-01,3.688579e-01,2.323421e-01,4.744316e-01,1.745529e+01,1.038000e+02,-2.775000e+02,1.122000e+02,3.141069e-01,4.986474e-01,-1.764237e-01,3.002842e-01,-9.764486e+00,2.340000e+01,3.800000e+00,-9.200000e+00
4.875394e-01,3.522579e-01,2.599421e-01,4.917316e-01,3.502381e+00,7.100000e+01,-2.703000e+02,1.256000e+02,2.624951e-01,4.451474e-01,-1.886237e-01,2.316842e-01,-7.086862e+00,1.680000e+01,5.000000e+00,-5.400000e+00
4.489316e-01,3.432579e-01,2.755421e-01,4.866316e-01,2.473866e+00,5.280000e+01,-2.315000e+02,1.190000e+02,2.269432e-01,3.872474e-01,-1.409237e-01,2.169842e-01,-4.533205e+00,1.140000e+01,4.200000e+00,-2.900000e+00
4.828567e-01,3.558579e-01,2.844421e-01,5.608316e-01,-2.198988e+01,8.200000e+00,-9.070000e+01,1.790000e+01,9.231472e-02,2.995474e-01,4.476316e-03,1.445842e-01,-1.125893e+00,3.100000e+00,4.000000e-01,-1.100000e+00
5.896995e-01,3.809579e-01,4.032421e-01,6.183316e-01,-1.077449e+02,-1.292000e+02,2.360000e+01,-3.100000e+01,6.870450e-03,3.124737e-02,1.500763e-01,1.317842e-01,1.863057e+00,-2.900000e+00,-2.400000e+00,8.000000e-01
5.559469e-01,2.936579e-01,4.580421e-01,6.128316e-01,-1.190022e+02,-1.567000e+02,4.100000e+01,-2.300000e+01,-4.317592e-02,-4.205263e-02,1.153763e-01,5.418421e-02,2.686961e+00,-3.500000e+00,-3.900000e+00,9.000000e-01
3.849325e-01,8.355789e-02,4.309421e-01,5.927316e-01,-8.116334e+01,-1.123000e+02,4.370000e+01,-1.970000e+01,-5.224222e-02,-4.185263e-02,6.497632e-02,1.418421e-02,1.200246e+00,-2.600000e+00,-1.600000e+00,5.000000e-01
1.808076e-01,-1.721421e-01,3.905421e-01,5.732316e-01,-3.226889e+01,-7.090000e+01,8.300000e+01,-1.700000e+01,-5.833736e-02,-5.595263e-02,5.787632e-02,2.784211e-03,7.519774e-01,-1.400000e+00,-5.000000e-01,6.000000e-01
4.140280e-02,-3.507421e-01,3.356421e-01,5.557316e-01,-1.005093e+01,-5.860000e+01,1.166000e+02,-1.720000e+01,-6.314703e-02,-5.685263e-02,3.237632e-02,-1.791579e-02,-9.755688e-02,1.000000e-01,-5.000000e-01,-4.000000e-01
-9.443123e-02,-5.292421e-01,2.808421e-01,5.381316e-01,-9.971792e+00,-5.860000e+01,1.166000e+02,-1.720000e+01,-6.312143e-02,-6.125263e-02,2.537632e-02,-2.221579e-02,-1.242355e+00,1.600000e+00,2.200000e+00,-2.000000e-01
-1.578404e-01,-6.322421e-01,2.708421e-01,4.791316e-01,1.340043e+01,-8.360000e+01,2.134000e+02,-6.300000e+00,-6.617766e-02,-6.605263e-02,3.207632e-02,-2.221579e-02,-1.869243e+00,1.800000e+00,2.600000e+00,-7.000000e-01
-1.467932e-01,-6.663421e-01,2.766421e-01,4.442316e-01,7.349077e+00,-1.085000e+02,2.410000e+02,-3.200000e+00,-6.645151e-02,-7.235263e-02,2.517632e-02,-2.681579e-02,-1.008757e+00,6.000000e-01,3.000000e-01,-1.000000e+00
-1.131217e-01,-6.786421e-01,2.740421e-01,4.216316e-01,1.256905e+01,-1.064000e+02,2.661000e+02,-1.190000e+01,-6.398199e-02,-7.245263e-02,7.763158e-04,-3.811579e-02,-2.549096e+00,8.000000e-01,2.900000e+00,-1.300000e+00
-1.435288e-01,-6.962421e-01,2.708421e-01,3.103316e-01,1.803693e+01,-9.530000e+01,2.849000e+02,-2.510000e+01,-6.453742e-02,-7.215263e-02,-1.332368e-02,-4.701579e-02,-2.282709e+00,-4.000000e-01,2.500000e+00,-1.200000e+00
-2.127649e-01,-7.245421e-01,1.661421e-01,2.106316e-01,1.757924e+01,-8.610000e+01,2.917000e+02,-3.770000e+01,-6.595288e-02,-7.395263e-02,-1.992368e-02,-5.281579e-02,-1.628187e+00,1.500000e+00,0.000000e+00,-1.900000e+00
-1.592668e-01,-6.428421e-01,1.330421e-01,1.684316e-01,1.438846e+01,-8.360000e+01,2.923000e+02,-4.460000e+01,-6.629656e-02,-7.465263e-02,-2.192368e-02,-5.481579e-02,-1.600682e+00,1.700000e+00,-4.000000e-01,-2.100000e+00
-4.184580e-02,-4.684421e-01,1.891421e-01,1.259316e-01,7.659139e+00,-7.980000e+01,2.938000e+02,-5.700000e+01,-6.677592e-02,-7.695263e-02,-1.782368e-02,-5.351579e-02,-1.564049e+00,2.400000e+00,-8.000000e-01,-2.300000e+00
2.881391e-02,-3.231421e-01,2.607421e-01,6.363158e-02,1.571497e+00,-7.720000e+01,2.933000e+02,-6.640000e+01,-6.744439e-02,-7.995263e-02,-1.152368e-02,-5.121579e-02,-2.283490e-01,-5.000000e-01,-3.100000e+00,-2.000000e+00
5.530828e-02,-2.363421e-01,3.218421e-01,6.431579e-03,-3.635381e+00,-7.190000e+01,2.853000e+02,-7.300000e+01,-6.686549e-02,-8.045263e-02,-6.423684e-03,-4.831579e-02,-1.481068e-01,-3.000000e-01,-4.500000e+00,-2.700000e+00
6.796505e-02,-1.504421e-01,3.785421e-01,-4.826842e-02,-4.895909e+00,-6.010000e+01,2.725000e+02,-7.600000e+01,-6.671358e-02,-8.255263e-02,-1.923684e-03,-4.621579e-02,-3.542297e-01,-1.400000e+00,-5.200000e+00,-3.300000e+00
7.944227e-02,-5.064211e-02,3.679421e-01,-7.236842e-02,-4.176119e+00,-4.450000e+01,2.600000e+02,-7.780000e+01,-6.657983e-02,-8.315263e-02,-1.023684e-03,-4.621579e-02,-8.717024e-01,-1.500000e+00,-5.400000e+00,-4.000000e+00
8.022179e-02,3.145789e-02,3.560421e-01,-8.876842e-02,-3.671747e+00,-4.450000e+01,2.600000e+02,-7.780000e+01,-6.424887e-02,-8.025263e-02,-4.523684e-03,-4.631579e-02,-2.543652e-01,-1.300000e+00,-6.300000e+00,-3.800000e+00
8.954156e-02,9.965789e-02,3.654421e-01,-9.006842e-02,-5.459577e+00,-2.750000e+01,2.445000e+02,-8.020000e+01,-6.460993e-02,-8.065263e-02,-3.923684e-03,-4.701579e-02,-7.181509e-01,-2.400000e+00,-5.600000e+00,-3.900000e+00
1.006593e-01,1.556579e-01,3.817421e-01,-8.146842e-02,-8.203669e+00,-2.330000e+01,2.351000e+02,-8.160000e+01,-6.501818e-02,-7.895263e-02,-1.823684e-03,-4.711579e-02,-1.667883e-01,-1.300000e+00,-7.200000e+00,-4.200000e+00
1.072481e-01,2.021579e-01,3.881421e-01,-6.676842e-02,-1.018549e+01,-2.020000e+01,2.281000e+02,-8.250000e+01,-6.289353e-02,-7.635263e-02,-4.923684e-03,-4.721579e-02,-8.909708e-01,-2.600000e+00,-6.700000e+00,-4.700000e+00
1.086675e-01,2.386579e-01,3.833421e-01,-4.786842e-02,-9.637372e+00,-1.480000e+01,2.224000e+02,-8.130000e+01,-6.224447e-02,-7.455263e-02,-6.423684e-03,-4.811579e-02,-9.464523e-01,-2.200000e+00,-7.100000e+00,-5.000000e+00
1.063657e-01,2.592579e-01,3.693421e-01,-2.486842e-02,-6.404487e+00,-6.800000e+00,2.198000e+02,-7.830000e+01,-5.970205e-02,-7.315263e-02,-6.623684e-03,-4.621579e-02,-9.924389e-01,-0.000000e+00,-8.100000e+00,-5.700000e+00
9.962585e-02,2.682579e-01,3.485421e-01,-1.268421e-03,-1.225231e+00,1.000000e-01,2.187000e+02,-7.330000e+01,-5.666803e-02,-6.975263e-02,-8.923684e-03,-4.511579e-02,1.235989e-02,-3.000000e-01,-1.000000e+01,-5.600000e+00
9.542945e-02,2.749579e-01,3.274421e-01,2.703158e-02,8.543633e+00,4.200000e+00,2.192000e+02,-6.360000e+01,-5.308561e-02,-6.855263e-02,-9.523684e-03,-4.241579e-02,-3.509298e-01,5.000000e-01,-1.080000e+01,-6.500000e+00
8.955214e-02,2.860579e-01,3.082421e-01,5.533158e-02,1.540729e+01,1.080000e+01,2.226000e+02,-5.770000e+01,-4.934717e-02,-6.715263e-02,-9.423684e-03,-3.931579e-02,2.990921e-01,-0.000000e+00,-1.360000e+01,-7.300000e+00
8.074908e-02,2.973579e-01,2.910421e-01,8.223158e-02,2.594987e+01,1.980000e+01,2.257000e+02,-4.740000e+01,-4.402684e-02,-6.675263e-02,-8.923684e-03,-3.431579e-02,1.930826e+00,-0.000000e+00,-1.730000e+01,-7.500000e+00
6.859217e-02,3.151579e-01,2.734421e-01,1.092316e-01,3.502439e+01,3.010000e+01,2.296000e+02,-3.840000e+01,-3.684822e-02,-6.625263e-02,-6.123684e-03,-2.631579e-02,4.956542e+00,5.000000e-01,-2.470000e+01,-8.200000e+00
4.494866e-02,3.313579e-01,2.518421e-01,1.281316e-01,3.839495e+01,3.910000e+01,2.295000e+02,-3.380000e+01,-2.774822e-02,-6.675263e-02,-1.182368e-02,-2.141579e-02,6.180430e+00,1.000000e+00,-3.430000e+01,-1.220000e+01
1.555353e-02,3.467579e-01,2.273421e-01,1.452316e-01,3.858588e+01,3.910000e+01,2.295000e+02,-3.380000e+01,-2.483025e-02,-7.385263e-02,-1.782368e-02,-2.351579e-02,6.969865e+00,5.000000e-01,-4.010000e+01,-1.450000e+01
-1.895104e-02,3.631579e-01,2.059421e-01,1.593316e-01,3.875102e+01,3.910000e+01,2.295000e+02,-3.380000e+01,-7.786047e-04,-7.005263e-02,-3.582368e-02,-8.715789e-03,1.546319e+01,6.000000e+00,-4.250000e+01,-6.500000e+00
-5.787537e-02,3.798579e-01,1.891421e-01,1.703316e-01,3.889704e+01,3.910000e+01,2.295000e+02,-3.380000e+01,2.138158e-02,-7.895263e-02,-3.922368e-02,1.258421e-02,9.321922e+00,1.110000e+01,-4.900000e+01,-1.760000e+01
-1.010146e-01,3.985579e-01,1.784421e-01,1.782316e-01,3.902977e+01,3.910000e+01,2.295000e+02,-3.380000e+01,4.122745e-02,-8.745263e-02,-4.322368e-02,3.118421e-02,9.304930e+00,1.110000e+01,-4.900000e+01,-1.760000e+01
-2.114839e-01,5.218579e-01,1.694421e-01,1.363316e-01,3.386945e+01,3.390000e+01,1.662000e+02,-1.630000e+01,5.681865e-02,-8.935263e-02,-3.052368e-02,5.198421e-02,2.907631e+01,1.370000e+01,-8.740000e+01,-1.640000e+01
-3.551948e-01,6.598579e-01,1.460421e-01,6.263158e-02,3.233522e+01,3.950000e+01,1.263000e+02,3.000000e-01,6.916791e-02,-8.925263e-02,-1.112368e-02,7.218421e-02,4.052839e+01,1.210000e+01,-1.050000e+02,-1.270000e+01
-5.166286e-01,8.140579e-01,1.215421e-01,-2.866842e-02,2.829906e+01,2.830000e+01,9.610000e+01,3.700000e+00,8.458534e-02,-8.935263e-02,6.763158e-04,9.168421e-02,4.940412e+01,7.400000e+00,-1.227000e+02,-1.150000e+01
-6.945018e-01,9.807579e-01,9.714211e-02,-1.444684e-01,1.751208e+01,2.820000e+01,5.260000e+01,9.700000e+00,9.867116e-02,-8.835263e-02,1.077632e-02,1.085842e-01,6.009151e+01,4.800000e+00,-1.435000e+02,-1.010000e+01
-8.920100e-01,1.180958e+00,6.824211e-02,-2.832684e-01,-2.974038e+00,2.790000e+01,-2.200000e+00,9.500000e+00,1.088234e-01,-8.965263e-02,2.237632e-02,1.227842e-01,6.425203e+01,2.600000e+00,-1.537000e+02,-1.040000e+01
-1.128239e+00,1.420358e+00,2.334211e-02,-4.577684e-01,-1.862473e+01,2.330000e+01,-4.040000e+01,6.100000e+00,1.162312e-01,-8.805263e-02,4.307632e-02,1.389842e-01,7.480821e+01,-2.800000e+00,-1.746000e+02,-8.400000e+00
-1.469897e+00,1.659658e+00,-7.957895e-03,-8.102684e-01,-6.587280e+01,-2.380000e+01,-1.734000e+02,-9.200000e+00,1.297778e-01,-8.185263e-02,6.217632e-02,1.617842e-01,8.458651e+01,-1.390000e+01,-1.976000e+02,-6.900000e+00
-1.463449e+00,1.775158e+00,-7.055789e-02,-9.170684e-01,-1.446501e+02,-1.410000e+01,-4.589000e+02,2.900000e+01,1.222032e-01,-8.745263e-02,9.297632e-02,1.717842e-01,9.416305e+01,-2.320000e+01,-2.235000e+02,-7.400000e+00
-1.278668e+00,1.831858e+00,-4.119579e-01,-7.024684e-01,-1.879010e+02,1.312000e+02,-3.925000e+02,-6.200000e+00,1.204704e-01,-8.125263e-02,1.067763e-01,1.784842e-01,1.054989e+02,-3.540000e+01,-2.559000e+02,-8.300000e+00
-1.024699e+00,1.854158e+00,-3.579579e-01,-5.947684e-01,-2.403866e+01,-5.580000e+01,-3.237000e+02,1.055000e+02,1.213665e-01,-7.935263e-02,1.104763e-01,1.878842e-01,1.151714e+02,-4.530000e+01,-2.915000e+02,-1.360000e+01
-8.897880e-01,1.746858e+00,-3.631579e-01,-5.940684e-01,2.716847e+01,-2.320000e+01,-2.756000e+02,1.458000e+02,1.295620e-01,-8.715263e-02,8.937632e-02,2.007842e-01,1.125464e+02,-5.230000e+01,-3.138000e+02,-2.730000e+01
-7.070103e-01,1.847158e+00,-5.659579e-01,-4.276684e-01,-5.743238e+00,1.610000e+01,-2.698000e+02,1.106000e+02,1.378057e-01,-1.027526e-01,5.767632e-02,2.202842e-01,1.284367e+02,-5.750000e+01,-3.649000e+02,-3.650000e+01
-4.689486e-01,1.755158e+00,-3.580579e-01,-3.358684e-01,3.432369e+01,-1.223000e+02,-1.306000e+02,9.050000e+01,1.432312e-01,-1.106526e-01,3.337632e-02,2.521842e-01,1.345651e+02,-7.490000e+01,-4.274000e+02,-5.950000e+01
-2.845054e-01,1.602758e+00,-2.466579e-01,-2.085684e-01,1.801052e+01,-8.010000e+01,-4.070000e+01,3.640000e+01,1.790398e-01,-7.975263e-02,6.276316e-03,3.189842e-01,1.398303e+02,-9.410000e+01,-4.853000e+02,-7.950000e+01
-1.704302e-01,1.372058e+00,-3.074579e-01,-6.766842e-02,1.442894e+01,-5.170000e+01,7.000000e-01,1.610000e+01,2.652881e-01,2.914737e-02,-3.102368e-02,4.061842e-01,1.298811e+02,-1.212000e+02,-4.997000e+02,-8.250000e+01
-2.705343e-02,1.097158e+00,-3.386579e-01,9.913158e-02,6.619161e+00,-3.080000e+01,1.030000e+01,3.800000e+00,3.509057e-01,1.250474e-01,-9.532368e-02,5.010842e-01,1.052738e+02,-1.487000e+02,-4.901000e+02,-8.690000e+01
2.959098e-01,8.171579e-01,-3.201579e-01,4.391316e-01,5.455214e+00,-2.240000e+01,9.900000e+00,2.600000e+00,4.499587e-01,2.092474e-01,-2.145237e-01,6.052842e-01,5.521285e+01,-1.623000e+02,-4.542000e+02,-1.297000e+02
3.862140e-01,6.584579e-01,-2.846579e-01,5.235316e-01,1.778766e+00,-1.450000e+01,1.010000e+01,-1.500000e+00,5.179540e-01,2.674474e-01,-3.581237e-01,6.939842e-01,1.517020e+01,-1.803000e+02,-4.308000e+02,-1.627000e+02
2.770617e-01,5.541579e-01,5.514211e-02,2.858316e-01,2.796889e+00,-1.470000e+01,1.070000e+01,-6.000000e-01,6.061324e-01,3.576474e-01,-5.151237e-01,7.826842e-01,-2.023791e+01,-1.588000e+02,-3.762000e+02,-2.267000e+02
1.373568e-01,4.841579e-01,-2.757895e-03,1.587316e-01,4.120899e+00,-1.480000e+01,9.700000e+00,1.200000e+00,6.291930e-01,4.034474e-01,-5.992237e-01,8.681842e-01,3.307561e+01,-5.470000e+01,-2.993000e+02,-2.093000e+02
1.605151e-01,4.415579e-01,-1.825789e-02,1.887316e-01,2.888509e+00,-1.170000e+01,7.900000e+00,5.000000e-01,5.195676e-01,2.952474e-01,-6.320237e-01,9.259842e-01,5.558508e+00,-3.780000e+01,-1.513000e+02,-1.151000e+02
1.197920e-01,1.759579e-01,1.849421e-01,7.873158e-02,1.316294e+00,-7.300000e+00,6.900000e+00,-9.000000e-01,6.202970e-01,3.194474e-01,-8.292237e-01,9.693842e-01,4.206906e+01,-1.840000e+01,-9.860000e+01,5.850000e+01
3.037267e-02,8.175789e-02,-1.495789e-02,5.593158e-02,1.374013e+00,-5.900000e+00,5.900000e+00,-5.000000e-01,6.462931e-01,2.289474e-01,-9.717237e-01,1.013184e+00,1.015702e+02,1.042000e+02,1.850000e+01,8.650000e+01
-3.734003e-02,3.025789e-02,-1.141579e-01,1.953158e-02,1.324326e+00,-6.800000e+00,5.000000e+00,-2.000000e-01,5.299769e-01,3.944737e-02,-1.022424e+00,9.833842e-01,1.053391e+02,1.215000e+02,2.590000e+01,5.540000e+01
-3.822305e-02,1.705789e-02,-3.655789e-02,-8.868421e-03,1.984034e+00,-7.500000e+00,4.800000e+00,6.000000e-01,3.605042e-01,-1.682526e-01,-1.009224e+00,9.288842e-01,6.028601e+01,7.780000e+01,3.720000e+01,4.480000e+01
-3.302002e-02,1.857895e-03,2.474211e-02,-2.466842e-02,2.414425e+00,-7.800000e+00,5.000000e+00,1.000000e+00,2.322868e-01,-3.210526e-01,-9.626237e-01,8.723842e-01,-2.343371e+01,7.000000e+00,9.530000e+01,5.590000e+01
-4.454462e-02,-8.742105e-03,2.404211e-02,-3.656842e-02,2.746106e+00,-8.900000e+00,6.100000e+00,1.000000e+00,1.217262e-01,-4.661526e-01,-9.016237e-01,8.047842e-01,-8.170178e+01,-2.720000e+01,1.742000e+02,8.270000e+01
-4.221987e-02,-1.604211e-02,3.484211e-02,-3.776842e-02,3.476537e+00,-1.020000e+01,6.700000e+00,1.600000e+00,5.101078e-02,-5.836526e-01,-8.494237e-01,7.320842e-01,-8.219985e+01,-3.600000e+00,2.238000e+02,9.740000e+01
-4.649498e-02,-1.974211e-02,2.044211e-02,-3.736842e-02,3.654555e+00,-1.140000e+01,6.200000e+00,2.000000e+00,-3.647318e-02,-7.167526e-01,-7.820237e-01,6.399842e-01,-5.677789e+01,4.440000e+01,2.569000e+02,1.094000e+02
-5.292169e-02,-2.284211e-02,4.642105e-03,-3.886842e-02,4.029887e+00,-1.090000e+01,5.900000e+00,2.500000e+00,-5.241494e-02,-7.859526e-01,-7.513237e-01,5.418842e-01,-5.073783e+01,6.540000e+01,2.896000e+02,1.276000e+02
-5.459676e-02,-2.564211e-02,8.242105e-03,-4.206842e-02,3.688666e+00,-9.800000e+00,4.800000e+00,2.500000e+00,6.762950e-02,-6.823526e-01,-7.375237e-01,4.637842e-01,-5.401114e+01,6.770000e+01,3.054000e+02,1.359000e+02
-5.487315e-02,-2.624211e-02,6.842105e-03,-4.216842e-02,2.480278e+00,-8.000000e+00,3.300000e+00,1.700000e+00,3.327110e-03,-6.946526e-01,-5.476237e-01,3.882842e-01,-7.078029e+01,6.580000e+01,3.392000e+02,1.422000e+02
-5.473863e-02,-2.694211e-02,1.542105e-03,-4.056842e-02,2.145778e+00,-6.600000e+00,1.900000e+00,1.800000e+00,2.136873e-02,-5.911526e-01,-4.114237e-01,2.994842e-01,-9.267013e+01,6.450000e+01,3.700000e+02,1.347000e+02
-5.465124e-02,-2.654211e-02,-4.957895e-03,-3.876842e-02,1.548840e+00,-4.200000e+00,-1.000000e-01,1.800000e+00,1.262408e-01,-4.205526e-01,-3.587237e-01,2.520842e-01,-1.188577e+02,6.490000e+01,4.036000e+02,1.216000e+02
-5.295818e-02,-2.634211e-02,-1.135789e-02,-3.536842e-02,1.662428e+00,-2.900000e+00,-1.000000e+00,2.200000e+00,2.119741e-01,-3.020526e-01,-3.561237e-01,2.137842e-01,-1.515719e+02,5.780000e+01,4.378000e+02,1.065000e+02
-5.179859e-02,-2.664211e-02,-1.675789e-02,-3.296842e-02,9.533170e-01,-2.400000e+00,-2.900000e+00,2.100000e+00,2.585407e-01,-2.212526e-01,-3.540237e-01,1.766842e-01,-1.853200e+02,4.440000e+01,4.680000e+02,9.160000e+01
-4.929625e-02,-2.644211e-02,-2.305789e-02,-2.896842e-02,5.864561e-01,-9.000000e-01,-5.300000e+00,2.500000e+00,2.673602e-01,-1.325526e-01,-3.108237e-01,1.455842e-01,-2.159766e+02,3.610000e+01,4.987000e+02,7.810000e+01
-4.634089e-02,-2.694211e-02,-2.595789e-02,-2.556842e-02,-7.805335e-02,-0.000000e+00,-5.400000e+00,1.800000e+00,2.527386e-01,-4.105263e-02,-2.388237e-01,1.358842e-01,-2.236555e+02,2.090000e+01,4.968000e+02,7.310000e+01
-4.480851e-02,-2.724211e-02,-2.745789e-02,-2.416842e-02,-3.998005e-01,1.100000e+00,-6.500000e+00,1.800000e+00,2.329286e-01,3.334737e-02,-1.730237e-01,1.480842e-01,-2.287084e+02,1.090000e+01,4.992000e+02,7.090000e+01
-4.398073e-02,-2.764211e-02,-2.535789e-02,-2.476842e-02,-8.650367e-02,8.000000e-01,-7.800000e+00,2.600000e+00,2.171182e-01,8.694737e-02,-1.341237e-01,1.726842e-01,-2.152712e+02,4.300000e+00,4.896000e+02,8.160000e+01
-4.312777e-02,-2.804211e-02,-2.265789e-02,-2.546842e-02,-8.912643e-02,8.000000e-01,-7.800000e+00,2.600000e+00,2.111552e-01,1.214474e-01,-1.231237e-01,2.094842e-01,-1.886318e+02,3.000000e-01,4.704000e+02,1.008000e+02
-4.362328e-02,-2.914211e-02,-1.925789e-02,-2.786842e-02,3.625682e-01,5.000000e-01,-9.800000e+00,3.800000e+00,2.114001e-01,1.478474e-01,-1.196237e-01,2.628842e-01,-1.511326e+02,-5.000000e-01,4.444000e+02,1.279000e+02
-4.340334e-02,-2.724211e-02,-1.635789e-02,-2.956842e-02,1.299748e+00,-2.000000e-01,-1.140000e+01,5.400000e+00,2.210376e-01,1.691474e-01,-1.266237e-01,3.327842e-01,-1.155368e+02,1.200000e+00,4.202000e+02,1.540000e+02
-4.235189e-02,-2.644211e-02,-1.435789e-02,-2.996842e-02,1.773136e+00,-1.200000e+00,-1.150000e+01,6.000000e+00,2.373509e-01,1.987474e-01,-1.450237e-01,4.181842e-01,-1.014226e+02,5.100000e+00,4.118000e+02,1.655000e+02
-4.201362e-02,-2.604211e-02,-1.055789e-02,-3.176842e-02,2.017861e+00,-3.200000e+00,-1.240000e+01,6.700000e+00,2.503470e-01,2.445474e-01,-1.815237e-01,5.076842e-01,-8.618503e+01,1.880000e+01,4.027000e+02,1.806000e+02
-3.919664e-02,-2.514211e-02,-4.957895e-03,-3.166842e-02,2.165656e+00,-4.100000e+00,-1.430000e+01,7.600000e+00,2.481505e-01,3.016474e-01,-2.344237e-01,5.902842e-01,-9.120588e+01,3.900000e+01,4.000000e+02,1.783000e+02
-3.579816e-02,-2.634211e-02,3.042105e-03,-3.166842e-02,4.350001e+00,-4.800000e+00,-1.490000e+01,1.020000e+01,2.069153e-01,4.065474e-01,-2.916237e-01,6.616842e-01,-9.979745e+01,5.900000e+01,3.877000e+02,1.665000e+02
-3.185108e-02,-2.794211e-02,1.484211e-02,-3.256842e-02,8.608207e+00,-5.200000e+00,-1.720000e+01,1.560000e+01,1.320301e-01,5.783474e-01,-3.707237e-01,7.199842e-01,-1.153687e+02,7.890000e+01,3.388000e+02,1.220000e+02
-3.107206e-02,-2.024211e-02,3.764211e-02,-4.166842e-02,1.088807e+01,-7.900000e+00,-1.960000e+01,1.910000e+01,-6.803986e-02,8.245474e-01,-3.877237e-01,7.086842e-01,-8.282443e+01,1.740000e+01,2.807000e+02,9.000000e+01
-1.351668e-02,-3.454211e-02,3.724211e-02,-2.286842e-02,1.686911e+01,-1.720000e+01,-1.670000e+01,2.510000e+01,-3.393396e-01,1.078947e+00,-3.766237e-01,6.362842e-01,-6.237544e+01,-7.000000e+00,2.466000e+02,7.870000e+01
-4.814752e-03,-3.044211e-02,3.344211e-02,-1.456842e-02,1.685723e+01,-1.010000e+01,-3.470000e+01,3.100000e+01,-6.269692e-01,1.291247e+00,-3.451237e-01,5.330842e-01,-4.275663e+01,-1.020000e+01,2.204000e+02,8.600000e+01
1.016286e-02,-3.014211e-02,2.424211e-02,2.431579e-03,1.043845e+01,-1.700000e+01,-4.190000e+01,2.730000e+01,-9.136101e-01,1.546447e+00,-3.390237e-01,4.088842e-01,-2.520761e+01,3.210000e+01,1.263000e+02,7.870000e+01
3.156855e-02,-3.064211e-02,1.714211e-02,2.533158e-02,7.506573e+00,-1.710000e+01,-4.930000e+01,2.680000e+01,-1.239096e+00,1.810447e+00,-3.140237e-01,2.012842e-01,-5.974060e+00,-5.000000e+00,5.670000e+01,2.690000e+01
5.683248e-02,-3.654211e-02,1.304211e-02,5.113158e-02,1.156382e+00,-1.870000e+01,-6.710000e+01,2.640000e+01,-1.606720e+00,2.058347e+00,-1.710237e-01,-2.491579e-02,8.969677e+00,-8.000000e-01,1.250000e+01,2.160000e+01
8.278709e-02,-4.124211e-02,6.742105e-03,7.773158e-02,-2.679555e+00,-1.350000e+01,-8.750000e+01,2.880000e+01,-1.879789e+00,2.282747e+00,-8.162368e-02,-2.457158e-01,3.665188e+00,2.820000e+01,-8.680000e+01,-3.150000e+01
1.109256e-01,-4.744211e-02,3.542105e-03,1.054316e-01,-6.052004e+00,-9.600000e+00,-1.096000e+02,3.230000e+01,-2.171225e+00,2.491047e+00,5.507632e-02,-5.274158e-01,8.093171e+01,-2.580000e+01,-1.808000e+02,-2.790000e+01
1.565567e-01,-6.074211e-02,8.142105e-03,1.502316e-01,-9.232211e+00,-7.100000e+00,-1.382000e+02,3.830000e+01,-2.497713e+00,2.512047e+00,2.690763e-01,-9.282158e-01,4.879327e+01,-1.450000e+01,-1.436000e+02,-3.990000e+01
2.091798e-01,-7.514211e-02,1.374211e-02,2.031316e-01,-1.507672e+01,-1.070000e+01,-1.852000e+02,4.860000e+01,-2.003454e+00,2.053547e+00,3.639763e-01,-8.388158e-01,2.301262e+02,-9.930000e+01,-6.229000e+02,-1.737000e+02
2.516981e-01,-1.097421e-01,1.164211e-02,2.551316e-01,-1.216951e+01,-1.880000e+01,-2.083000e+02,6.110000e+01,-1.619262e+00,2.068047e+00,2.554763e-01,-6.226158e-01,9.063369e+01,6.270000e+01,-3.997000e+02,-1.168000e+02
2.784520e-01,-1.157421e-01,2.634211e-02,2.820316e-01,-1.557286e+01,-2.270000e+01,-2.525000e+02,7.310000e+01,-1.441311e+00,1.953847e+00,4.283763e-01,-5.084158e-01,7.246698e+01,-2.690000e+01,-3.082000e+02,-1.210000e+02
2.998860e-01,-1.377421e-01,3.714211e-02,3.156316e-01,-7.403251e+00,-1.810000e+01,-3.019000e+02,9.700000e+01,-1.179155e+00,1.774847e+00,4.467763e-01,-3.839158e-01,-8.651752e+00,7.100000e+00,-2.431000e+02,-1.672000e+02
3.078941e-01,-1.565421e-01,5.254211e-02,3.418316e-01,-4.541716e+00,-2.380000e+01,-3.461000e+02,1.166000e+02,-9.507443e-01,1.531547e+00,3.674763e-01,-3.480158e-01,2.645935e+01,1.000000e-01,-2.357000e+02,-1.212000e+02
3.128539e-01,-1.521421e-01,6.854211e-02,3.662316e-01,5.929297e+00,-1.210000e+01,-3.867000e+02,1.366000e+02,-6.600900e-01,1.285047e+00,2.454763e-01,-2.310158e-01,7.902425e+01,9.100000e+00,-2.446000e+02,-6.070000e+01
3.445707e-01,-1.017421e-01,9.154211e-02,4.053316e-01,2.488495e+01,2.060000e+01,-4.127000e+02,1.504000e+02,-2.511336e-01,1.095947e+00,2.087632e-02,-5.615789e-03,7.953007e+01,3.530000e+01,-2.417000e+02,-5.320000e+01
4.332436e-01,1.625789e-02,1.171421e-01,4.719316e-01,4.532634e+01,6.540000e+01,-3.997000e+02,1.438000e+02,-3.739229e-02,9.740474e-01,6.776316e-03,1.376842e-01,3.008397e+01,1.010000e+02,-2.281000e+02,-9.430000e+01
5.197395e-01,1.351579e-01,1.583421e-01,5.259316e-01,6.450441e+01,9.150000e+01,-3.761000e+02,1.418000e+02,2.517371e-01,6.849474e-01,-5.442368e-02,3.936842e-01,-4.655055e+01,8.190000e+01,-2.400000e+01,-6.200000e+01
5.607164e-01,2.071579e-01,1.841421e-01,5.610316e-01,9.995444e+01,1.112000e+02,-3.428000e+02,1.617000e+02,6.289901e-01,5.965474e-01,-2.079237e-01,7.133842e-01,4.770334e+00,4.370000e+01,-6.890000e+01,-3.170000e+01
5.556259e-01,2.282579e-01,2.135421e-01,5.819316e-01,1.452075e+02,1.347000e+02,-3.159000e+02,1.943000e+02,4.908513e-01,8.575474e-01,-1.991237e-01,5.623842e-01,-4.029201e+00,3.470000e+01,-2.310000e+01,-1.600000e+01
5.394057e-01,2.531579e-01,2.209421e-01,5.931316e-01,1.784634e+02,1.402000e+02,-2.781000e+02,2.248000e+02,2.339818e-01,5.723474e-01,-3.792368e-02,3.378842e-01,-1.971323e+00,1.800000e+01,-1.060000e+01,-7.400000e+00
5.136745e-01,2.714579e-01,2.347421e-01,6.019316e-01,1.784453e+02,1.402000e+02,-2.781000e+02,2.248000e+02,2.565775e-01,4.118474e-01,-1.925237e-01,2.640842e-01,4.477521e+00,1.210000e+01,-1.680000e+01,-3.800000e+00
4.845661e-01,2.872579e-01,2.557421e-01,6.147316e-01,1.784352e+02,1.402000e+02,-2.781000e+02,2.248000e+02,2.182907e-01,3.604474e-01,-2.181237e-01,2.003842e-01,6.884595e+00,-4.000000e-01,-1.240000e+01,9.000000e-01
5.247287e-01,2.921579e-01,3.849421e-01,6.461316e-01,2.266732e+01,-5.000000e-01,-2.610000e+01,5.340000e+01,1.991532e-01,3.270474e-01,-1.188237e-01,2.308842e-01,9.918804e+00,-9.700000e+00,-1.140000e+01,4.600000e+00
4.615486e-01,2.100579e-01,4.586421e-01,6.281316e-01,-2.235707e+01,-4.090000e+01,3.300000e+00,2.040000e+01,1.527020e-01,2.825474e-01,1.707632e-02,2.513842e-01,1.370813e+01,-1.580000e+01,-1.310000e+01,7.800000e+00
2.998401e-01,5.805789e-02,4.620421e-01,5.497316e-01,-8.463229e+01,-8.400000e+01,1.050000e+01,-3.250000e+01,1.743483e-02,1.804474e-01,1.397763e-01,1.616842e-01,1.988306e+01,-2.750000e+01,-1.830000e+01,1.160000e+01
8.658672e-02,-1.395421e-01,4.379421e-01,4.496316e-01,-8.673147e+01,-5.740000e+01,3.000000e-01,-7.370000e+01,1.297522e-02,1.184737e-02,1.100763e-01,1.350842e-01,2.139572e+01,-3.090000e+01,-1.650000e+01,1.430000e+01
-9.085833e-02,-3.068421e-01,3.745421e-01,3.717316e-01,-6.232652e+01,-1.820000e+01,2.120000e+01,-9.540000e+01,-4.109487e-02,1.034737e-02,8.657632e-02,5.948421e-02,2.039517e+01,-3.200000e+01,-1.450000e+01,1.430000e+01
-2.197368e-01,-4.268421e-01,3.334421e-01,2.892316e-01,-3.393320e+01,1.340000e+01,6.120000e+01,-1.054000e+02,-5.138992e-02,-5.535263e-02,8.147632e-02,4.368421e-02,2.189577e+01,-3.410000e+01,-1.570000e+01,1.530000e+01
-3.017380e-01,-4.936421e-01,2.918421e-01,2.070316e-01,-2.175829e+01,1.420000e+01,9.580000e+01,-9.830000e+01,-6.465720e-02,-6.055263e-02,5.677632e-02,1.418421e-02,2.319031e+01,-3.270000e+01,-1.580000e+01,1.680000e+01
-3.592869e-01,-5.452421e-01,2.585421e-01,1.414316e-01,-1.413329e+01,1.800000e+00,1.241000e+02,-7.940000e+01,-6.488817e-02,-6.725263e-02,2.337632e-02,-5.615789e-03,2.211638e+01,-3.290000e+01,-1.440000e+01,1.640000e+01
-4.156768e-01,-5.878421e-01,2.130421e-01,7.193158e-02,-8.412091e+00,-2.100000e+00,1.392000e+02,-7.090000e+01,-6.436370e-02,-7.185263e-02,-1.123684e-03,-1.961579e-02,2.015455e+01,-3.030000e+01,-1.470000e+01,1.400000e+01
-4.695338e-01,-6.218421e-01,1.615421e-01,-2.468421e-03,1.048088e+01,2.900000e+00,1.679000e+02,-5.820000e+01,-6.675153e-02,-7.735263e-02,-1.172368e-02,-2.871579e-02,2.013009e+01,-3.050000e+01,-1.500000e+01,1.380000e+01
-5.534965e-01,-6.368421e-01,7.542105e-03,-1.004684e-01,3.104408e+01,1.620000e+01,1.948000e+02,-5.240000e+01,-6.628252e-02,-8.125263e-02,-2.202368e-02,-3.431579e-02,2.086633e+01,-3.330000e+01,-1.650000e+01,1.370000e+01
-5.496112e-01,-5.815421e-01,-8.485789e-02,-1.575684e-01,4.368368e+01,2.460000e+01,2.149000e+02,-5.060000e+01,-6.728707e-02,-8.315263e-02,-3.892368e-02,-4.591579e-02,2.078376e+01,-3.430000e+01,-1.730000e+01,1.310000e+01
-4.828058e-01,-4.917421e-01,-1.090579e-01,-1.751684e-01,4.717520e+01,2.390000e+01,2.277000e+02,-5.010000e+01,-6.753062e-02,-8.605263e-02,-5.702368e-02,-5.761579e-02,1.942796e+01,-3.420000e+01,-1.700000e+01,1.170000e+01
-4.278292e-01,-4.184421e-01,-1.034579e-01,-1.974684e-01,4.422235e+01,1.690000e+01,2.343000e+02,-5.060000e+01,-6.725520e-02,-8.985263e-02,-7.032368e-02,-6.601579e-02,1.629140e+01,-3.040000e+01,-1.690000e+01,8.100000e+00
-3.940623e-01,-3.689421e-01,-7.725789e-02,-2.288684e-01,4.175297e+01,1.340000e+01,2.354000e+02,-5.150000e+01,-6.931241e-02,-9.325263e-02,-8.022368e-02,-7.531579e-02,1.347708e+01,-2.670000e+01,-1.720000e+01,4.600000e+00
-3.528050e-01,-3.023421e-01,-6.475789e-02,-2.497684e-01,3.459215e+01,7.600000e+00,2.355000e+02,-5.660000e+01,-6.977970e-02,-9.475263e-02,-9.072368e-02,-8.341579e-02,1.103680e+01,-2.200000e+01,-1.770000e+01,1.400000e+00
-3.035831e-01,-2.270421e-01,-5.485789e-02,-2.566684e-01,2.217305e+01,2.000000e-01,2.342000e+02,-6.690000e+01,-7.068055e-02,-9.405263e-02,-9.622368e-02,-8.891579e-02,9.118604e+00,-1.600000e+01,-1.700000e+01,-4.000000e-01
-2.514742e-01,-1.541421e-01,-2.885789e-02,-2.563684e-01,4.841383e+00,-9.700000e+00,2.318000e+02,-8.140000e+01,-7.286176e-02,-9.205263e-02,-9.852368e-02,-9.411579e-02,5.801959e+00,-9.800000e+00,-1.690000e+01,-4.300000e+00
-1.947070e-01,-8.584211e-02,1.564211e-02,-2.472684e-01,-1.266832e+01,-1.990000e+01,2.284000e+02,-9.570000e+01,-7.192344e-02,-8.995263e-02,-1.018237e-01,-9.631579e-02,5.194737e+00,-7.900000e+00,-1.700000e+01,-5.100000e+00
-1.346359e-01,-2.174211e-02,7.224211e-02,-2.296684e-01,-3.182219e+01,-3.070000e+01,2.215000e+02,-1.105000e+02,-7.106299e-02,-8.505263e-02,-1.117237e-01,-1.032158e-01,4.492800e+00,-4.500000e+00,-1.750000e+01,-6.300000e+00
-7.496764e-02,4.115789e-02,1.291421e-01,-2.052684e-01,-4.911907e+01,-3.900000e+01,2.155000e+02,-1.249000e+02,-6.957483e-02,-8.005263e-02,-1.218237e-01,-1.096158e-01,4.128580e+00,-2.300000e+00,-1.770000e+01,-6.900000e+00
-2.245461e-02,9.645789e-02,1.777421e-01,-1.763684e-01,-4.874011e+01,-3.900000e+01,2.155000e+02,-1.249000e+02,-6.741845e-02,-7.485263e-02,-1.288237e-01,-1.133158e-01,3.398579e+00,7.000000e-01,-1.840000e+01,-8.300000e+00
3.446191e-02,1.560579e-01,2.370421e-01,-1.417684e-01,-6.805748e+01,-4.440000e+01,2.093000e+02,-1.429000e+02,-6.655962e-02,-6.815263e-02,-1.283237e-01,-1.136158e-01,2.865692e+00,1.600000e+00,-1.800000e+01,-8.700000e+00
8.400590e-02,2.097579e-01,2.985421e-01,-1.082684e-01,-7.351982e+01,-4.400000e+01,2.059000e+02,-1.483000e+02,-6.568177e-02,-6.085263e-02,-1.257237e-01,-1.125158e-01,1.940620e+00,2.300000e+00,-1.690000e+01,-9.100000e+00
1.253793e-01,2.573579e-01,3.604421e-01,-7.716842e-02,-7.263655e+01,-3.680000e+01,2.010000e+02,-1.477000e+02,-6.531574e-02,-5.305263e-02,-1.207237e-01,-1.105158e-01,1.927339e+00,2.600000e+00,-1.700000e+01,-9.200000e+00
1.569197e-01,2.979579e-01,4.160421e-01,-4.926842e-02,-6.277622e+01,-1.910000e+01,1.966000e+02,-1.392000e+02,-6.417837e-02,-4.685263e-02,-1.138237e-01,-1.062158e-01,1.755932e+00,1.300000e+00,-1.600000e+01,-8.700000e+00
1.789083e-01,3.289579e-01,4.624421e-01,-2.486842e-02,-4.378703e+01,1.030000e+01,1.953000e+02,-1.230000e+02,-6.298515e-02,-4.245263e-02,-1.056237e-01,-1.010158e-01,3.584092e+00,1.000000e+00,-1.780000e+01,-7.700000e+00
1.944118e-01,3.543579e-01,4.976421e-01,-1.968421e-03,-2.077148e+01,4.390000e+01,1.963000e+02,-1.026000e+02,-6.035414e-02,-3.865263e-02,-9.652368e-02,-9.351579e-02,6.176691e+00,5.000000e-01,-1.980000e+01,-5.900000e+00
2.027779e-01,3.724579e-01,5.227421e-01,1.913158e-02,-8.848626e+00,5.950000e+01,1.965000e+02,-9.130000e+01,-5.859007e-02,-3.575263e-02,-8.842368e-02,-8.781579e-02,8.162438e+00,-7.000000e-01,-2.240000e+01,-5.200000e+00
2.042977e-01,3.834579e-01,5.363421e-01,3.753158e-02,1.151187e+01,8.810000e+01,1.985000e+02,-7.130000e+01,-5.510720e-02,-3.295263e-02,-7.932368e-02,-7.951579e-02,1.170560e+01,-9.000000e-01,-2.610000e+01,-3.400000e+00
1.993110e-01,3.859579e-01,5.367421e-01,5.383158e-02,2.585760e+01,1.098000e+02,1.953000e+02,-5.450000e+01,-5.067831e-02,-3.185263e-02,-7.522368e-02,-7.331579e-02,1.339446e+01,-5.300000e+00,-2.830000e+01,-2.600000e+00
1.935013e-01,3.902579e-01,5.292421e-01,7.333158e-02,3.850137e+01,1.268000e+02,1.946000e+02,-3.990000e+01,-4.741924e-02,-2.965263e-02,-6.832368e-02,-6.691579e-02,1.588118e+01,-3.800000e+00,-3.190000e+01,-2.100000e+00
1.765203e-01,3.992579e-01,4.960421e-01,9.543158e-02,4.743857e+01,1.401000e+02,1.943000e+02,-2.910000e+01,-4.260150e-02,-2.765263e-02,-6.432368e-02,-6.051579e-02,1.811322e+01,-9.700000e+00,-3.500000e+01,-1.100000e+00
1.480664e-01,4.022579e-01,4.520421e-01,1.130316e-01,5.859347e+01,1.483000e+02,1.955000e+02,-1.650000e+01,-3.689811e-02,-2.955263e-02,-6.902368e-02,-5.861579e-02,1.754920e+01,-1.870000e+01,-3.850000e+01,-3.500000e+00
1.098545e-01,4.091579e-01,4.006421e-01,1.277316e-01,7.475685e+01,1.494000e+02,1.965000e+02,1.400000e+00,-3.357585e-02,-3.055263e-02,-6.642368e-02,-5.471579e-02,2.023232e+01,-3.360000e+01,-4.750000e+01,-5.200000e+00
5.945686e-02,4.179579e-01,3.432421e-01,1.369316e-01,8.466163e+01,1.495000e+02,1.990000e+02,1.130000e+01,-2.480560e-02,-3.065263e-02,-7.132368e-02,-4.981579e-02,2.438918e+01,-2.360000e+01,-5.230000e+01,-4.300000e+00
-6.377515e-03,4.287579e-01,2.775421e-01,1.369316e-01,1.028913e+02,1.500000e+02,2.012000e+02,3.170000e+01,-2.089651e-02,-3.195263e-02,-7.242368e-02,-4.801579e-02,2.532427e+01,-3.650000e+01,-5.950000e+01,-6.900000e+00
-8.513417e-02,4.444579e-01,2.079421e-01,1.277316e-01,1.178133e+02,1.495000e+02,1.996000e+02,5.080000e+01,-1.717207e-02,-3.065263e-02,-7.192368e-02,-4.541579e-02,2.818587e+01,-3.960000e+01,-6.300000e+01,-5.500000e+00
-1.735199e-01,4.710579e-01,1.414421e-01,1.093316e-01,1.246699e+02,1.473000e+02,1.929000e+02,6.340000e+01,-1.577166e-02,-2.845263e-02,-7.162368e-02,-4.601579e-02,3.347293e+01,-4.270000e+01,-7.100000e+01,-4.300000e+00
-2.680581e-01,5.088579e-01,8.364211e-02,8.043158e-02,1.205125e+02,1.353000e+02,1.797000e+02,6.390000e+01,-1.584841e-02,-2.745263e-02,-7.302368e-02,-4.931579e-02,3.856664e+01,-5.220000e+01,-7.900000e+01,-2.500000e+00
-3.681774e-01,5.555579e-01,3.654211e-02,3.573158e-02,9.882348e+01,1.129000e+02,1.530000e+02,4.830000e+01,-1.681011e-02,-2.405263e-02,-7.052368e-02,-5.101579e-02,4.604310e+01,-5.850000e+01,-8.820000e+01,1.000000e+00
-4.822816e-01,6.168579e-01,-7.757895e-03,-2.656842e-02,8.126433e+01,1.006000e+02,1.353000e+02,3.440000e+01,-1.281350e-02,-2.105263e-02,-7.522368e-02,-5.221579e-02,5.646395e+01,-5.700000e+01,-1.024000e+02,3.200000e+00
-6.010109e-01,6.746579e-01,-4.415789e-02,-1.095684e-01,3.180617e+01,7.460000e+01,9.110000e+01,-6.400000e+00,-9.733809e-03,-1.695263e-02,-7.942368e-02,-5.481579e-02,6.437047e+01,-5.480000e+01,-1.147000e+02,3.400000e+00
-7.270766e-01,7.545579e-01,-8.505789e-02,-1.938684e-01,-2.817134e+01,5.450000e+01,4.120000e+01,-5.490000e+01,-9.719280e-03,-9.052632e-03,-7.402368e-02,-5.461579e-02,7.107070e+01,-5.660000e+01,-1.255000e+02,3.900000e+00
-8.592499e-01,8.421579e-01,-1.321579e-01,-2.789684e-01,-8.838765e+01,4.140000e+01,-4.100000e+00,-1.054000e+02,-8.163752e-03,-2.352632e-03,-7.542368e-02,-5.751579e-02,7.526296e+01,-5.690000e+01,-1.314000e+02,4.700000e+00
-9.567028e-01,9.196579e-01,-1.392579e-01,-3.571684e-01,-1.377620e+02,2.250000e+01,-4.330000e+01,-1.491000e+02,-1.474825e-02,4.247368e-03,-6.712368e-02,-6.281579e-02,8.353540e+01,-6.240000e+01,-1.434000e+02,7.100000e+00
-1.082855e+00,1.057358e+00,-1.479579e-01,-4.680684e-01,-1.507924e+02,-1.281000e+02,-1.167000e+02,-1.725000e+02,-1.821029e-02,1.244737e-02,-6.172368e-02,-6.621579e-02,9.276830e+01,-7.010000e+01,-1.565000e+02,1.050000e+01
-1.252903e+00,1.269558e+00,-2.117579e-01,-5.728684e-01,-1.846809e+02,-2.010000e+02,-1.826000e+02,-1.971000e+02,-2.406463e-02,1.814737e-02,-5.502368e-02,-6.961579e-02,1.050885e+02,-8.260000e+01,-1.714000e+02,1.810000e+01
-1.395947e+00,1.239258e+00,-3.411579e-01,-7.133684e-01,-2.148257e+02,-2.510000e+02,-2.243000e+02,-2.270000e+02,-2.817097e-02,2.264737e-02,-4.742368e-02,-6.731579e-02,1.187095e+02,-9.730000e+01,-1.906000e+02,2.460000e+01
-1.266273e+00,1.113958e+00,-6.561579e-01,-5.247684e-01,-2.786691e+02,-1.543000e+02,-4.619000e+02,-1.044000e+02,-3.494814e-02,1.864737e-02,-3.622368e-02,-5.771579e-02,1.428794e+02,-1.259000e+02,-2.279000e+02,3.440000e+01
-1.089164e+00,1.318658e+00,-9.313579e-01,-2.607684e-01,-1.857163e+02,-7.350000e+01,-4.926000e+02,5.500000e+01,-2.785716e-02,7.247368e-03,-3.262368e-02,-2.521579e-02,1.580932e+02,-1.435000e+02,-2.531000e+02,3.890000e+01
-9.343668e-01,1.359358e+00,-1.169358e+00,-8.906842e-02,-8.710750e+00,-8.530000e+01,-3.326000e+02,1.668000e+02,-1.605033e-02,-1.565263e-02,-4.152368e-02,1.788421e-02,1.846509e+02,-1.671000e+02,-3.041000e+02,3.590000e+01
-7.531248e-01,1.368458e+00,-1.279058e+00,7.633158e-02,3.495858e+01,1.710000e+01,-2.462000e+02,1.830000e+02,-1.455370e-02,-3.835263e-02,-5.012368e-02,6.208421e-02,2.013260e+02,-1.989000e+02,-3.549000e+02,2.060000e+01
-3.957352e-01,1.483858e+00,-9.585579e-01,2.016316e-01,3.568712e+00,-7.010000e+01,-2.119000e+02,1.193000e+02,-1.318419e-02,-3.795263e-02,-5.762368e-02,1.176842e-01,2.147669e+02,-2.321000e+02,-4.036000e+02,1.900000e+00
-2.552970e-01,1.374658e+00,-8.666579e-01,2.474316e-01,6.661155e+00,-6.090000e+01,-1.034000e+02,6.280000e+01,1.393532e-02,2.247368e-03,-9.292368e-02,1.782842e-01,2.145203e+02,-2.573000e+02,-4.246000e+02,-1.020000e+01
-1.486359e-01,1.329358e+00,-9.652579e-01,3.563316e-01,9.968989e+00,-8.920000e+01,-9.860000e+01,6.360000e+01,8.773297e-02,7.354737e-02,-1.819237e-01,2.420842e-01,1.761375e+02,-2.801000e+02,-4.115000e+02,-5.160000e+01
-3.107121e-03,1.163458e+00,-9.005579e-01,4.614316e-01,1.899531e+01,-7.810000e+01,-8.200000e+00,2.680000e+01,1.837522e-01,1.352474e-01,-3.089237e-01,3.109842e-01,1.360818e+02,-2.681000e+02,-3.890000e+02,-1.276000e+02
1.533417e-01,9.084579e-01,-8.258579e-01,5.823316e-01,8.518871e+00,-6.440000e+01,-9.700000e+00,1.560000e+01,2.905214e-01,2.016474e-01,-4.520237e-01,3.893842e-01,1.324680e+02,-2.366000e+02,-3.757000e+02,-1.587000e+02
3.686568e-01,8.766579e-01,-6.778579e-01,7.366316e-01,1.303868e+01,-5.800000e+01,9.600000e+00,1.120000e+01,4.246760e-01,3.014474e-01,-6.054237e-01,4.766842e-01,1.050770e+02,-1.945000e+02,-3.135000e+02,-1.633000e+02
3.693346e-01,9.273579e-01,-3.212579e-01,5.606316e-01,1.111982e+01,-5.360000e+01,9.300000e+00,9.200000e+00,5.180186e-01,3.582474e-01,-7.431237e-01,5.483842e-01,6.539675e+01,-1.672000e+02,-2.461000e+02,-1.778000e+02
2.754401e-01,6.455579e-01,-3.495789e-02,3.288316e-01,1.105246e+01,-5.080000e+01,7.000000e+00,1.020000e+01,5.848323e-01,4.046474e-01,-8.350237e-01,6.095842e-01,-1.165736e+00,-1.176000e+02,-1.193000e+02,-1.686000e+02
2.636306e-01,5.086579e-01,2.038421e-01,2.116316e-01,1.007242e+01,-4.560000e+01,7.000000e+00,9.100000e+00,6.389725e-01,3.606474e-01,-9.647237e-01,6.543842e-01,-3.073329e+01,-4.990000e+01,-2.560000e+01,-1.880000e+02
2.137563e-01,3.940579e-01,3.233421e-01,1.079316e-01,6.161019e+00,-3.110000e+01,5.200000e+00,5.300000e+00,8.220841e-01,5.106474e-01,-1.032924e+00,7.681842e-01,-1.530907e+02,-1.280000e+01,1.725000e+02,-1.942000e+02
3.492750e-02,1.553579e-01,2.254211e-02,4.763158e-02,4.112424e+00,-2.330000e+01,3.800000e+00,3.500000e+00,9.292595e-01,4.777474e-01,-1.144724e+00,8.716842e-01,-1.479636e+02,4.040000e+01,2.160000e+02,-1.951000e+02
3.347649e-02,1.289579e-01,-4.605789e-02,7.473158e-02,2.632666e+00,-1.600000e+01,2.400000e+00,2.300000e+00,8.895246e-01,3.017474e-01,-1.207824e+00,8.696842e-01,-1.316332e+02,7.940000e+01,2.319000e+02,-1.947000e+02
3.067972e-02,4.585789e-02,4.444211e-02,3.583158e-02,2.626741e+00,-1.600000e+01,2.400000e+00,2.300000e+00,7.922736e-01,9.864737e-02,-1.225224e+00,8.341842e-01,-1.008691e+02,1.093000e+02,2.307000e+02,-1.462000e+02
8.650288e-03,2.075789e-02,-4.557895e-03,3.253158e-02,-6.377683e-01,-6.500000e+00,-2.200000e+00,4.000000e-01,7.295864e-01,-5.465263e-02,-1.211524e+00,8.091842e-01,-5.691986e+01,1.587000e+02,2.495000e+02,-5.480000e+01
-7.015060e-03,4.057895e-03,-1.457895e-03,1.453158e-02,-1.072479e+00,-3.500000e+00,-2.100000e+00,-2.000000e-01,6.592714e-01,-2.128526e-01,-1.195224e+00,7.331842e-01,-9.017791e+00,2.055000e+02,2.578000e+02,1.690000e+01
-1.617258e-02,-2.442105e-03,-1.657895e-03,4.631579e-03,-1.603110e+00,-2.400000e+00,-3.100000e+00,-4.000000e-01,5.630324e-01,-3.793526e-01,-1.151124e+00,6.386842e-01,1.810713e+01,2.354000e+02,2.706000e+02,6.040000e+01
-2.671399e-02,-3.742105e-03,-2.865789e-02,3.831579e-03,-2.408601e+00,-1.100000e+00,-5.100000e+00,-5.000000e-01,4.840449e-01,-4.737526e-01,-1.054424e+00,5.515842e-01,1.120712e+01,2.347000e+02,2.922000e+02,7.930000e+01
-3.052901e-02,-9.042105e-03,-3.045789e-02,1.315789e-04,-1.874354e+00,-7.000000e-01,-5.700000e+00,3.000000e-01,4.252827e-01,-5.387526e-01,-9.851237e-01,4.493842e-01,-3.538634e+00,2.261000e+02,3.081000e+02,8.160000e+01
-3.617557e-02,-1.154211e-02,-1.785789e-02,-1.136842e-02,-2.415172e+00,3.000000e-01,-6.000000e+00,-2.000000e-01,3.958237e-01,-4.917526e-01,-8.663237e-01,3.514842e-01,-4.505582e+01,2.027000e+02,3.443000e+02,7.210000e+01
-3.836787e-02,-1.534211e-02,-1.375789e-02,-1.566842e-02,-2.818030e+00,1.600000e+00,-7.200000e+00,-2.000000e-01,2.439375e-01,-6.332526e-01,-8.145237e-01,1.835842e-01,-8.955767e+01,1.859000e+02,3.815000e+02,5.030000e+01
-3.848494e-02,-1.854211e-02,-9.957895e-03,-1.766842e-02,-3.720436e+00,1.600000e+00,-8.900000e+00,-5.000000e-01,1.373095e-01,-6.131526e-01,-7.221237e-01,1.258421e-02,-1.352522e+02,1.705000e+02,4.178000e+02,2.460000e+01
-3.882539e-02,-2.154211e-02,3.742105e-03,-2.386842e-02,-4.112264e+00,2.500000e+00,-1.030000e+01,-4.000000e-01,1.376070e-01,-4.931526e-01,-6.556237e-01,-5.991579e-02,-1.732776e+02,1.492000e+02,4.429000e+02,5.300000e+00
-4.020818e-02,-2.454211e-02,1.724211e-02,-3.106842e-02,-4.338329e+00,2.800000e+00,-1.120000e+01,-3.000000e-01,1.328392e-01,-3.789526e-01,-5.841237e-01,-1.019158e-01,-1.740300e+02,1.492000e+02,4.429000e+02,5.300000e+00
-4.037017e-02,-2.664211e-02,1.924211e-02,-3.246842e-02,-4.997181e+00,2.300000e+00,-1.320000e+01,-2.000000e-01,8.629362e-02,-3.085526e-01,-5.167237e-01,-1.599158e-01,-2.063719e+02,9.830000e+01,4.575000e+02,-1.600000e+00
-4.072015e-02,-2.704211e-02,2.284211e-02,-3.486842e-02,-5.295054e+00,2.600000e+00,-1.530000e+01,3.000000e-01,5.793234e-02,-2.371526e-01,-4.411237e-01,-1.729158e-01,-2.022265e+02,8.530000e+01,4.514000e+02,5.500000e+00
-4.291738e-02,-2.624211e-02,2.274211e-02,-3.786842e-02,-5.383716e+00,2.000000e+00,-1.600000e+01,5.000000e-01,2.984173e-02,-1.880526e-01,-3.788237e-01,-1.750158e-01,-1.868510e+02,5.550000e+01,4.376000e+02,2.500000e+01
-4.417164e-02,-2.554211e-02,2.284211e-02,-4.006842e-02,-6.327711e+00,1.300000e+00,-1.850000e+01,5.000000e-01,3.283644e-02,-1.589526e-01,-3.857237e-01,-1.683158e-01,-1.624076e+02,1.910000e+01,4.193000e+02,5.110000e+01
-4.583579e-02,-2.474211e-02,2.734211e-02,-4.446842e-02,-6.879425e+00,8.000000e-01,-1.920000e+01,2.000000e-01,4.822811e-02,-1.423526e-01,-4.062237e-01,-1.475158e-01,-1.315361e+02,-1.560000e+01,3.988000e+02,8.000000e+01
-4.680187e-02,-2.334211e-02,3.424211e-02,-4.906842e-02,-6.583141e+00,1.200000e+00,-1.920000e+01,5.000000e-01,7.150181e-02,-1.337526e-01,-4.239237e-01,-1.103158e-01,-9.767831e+01,-4.060000e+01,3.809000e+02,1.106000e+02
-4.854201e-02,-2.144211e-02,3.964211e-02,-5.396842e-02,-5.574738e+00,1.000000e-01,-1.960000e+01,1.800000e+00,1.014862e-01,-1.249526e-01,-4.319237e-01,-5.311579e-02,-6.853049e+01,-5.330000e+01,3.653000e+02,1.356000e+02
-4.999525e-02,-1.834211e-02,4.294211e-02,-5.786842e-02,-4.041641e+00,-8.000000e-01,-2.010000e+01,3.700000e+00,1.395498e-01,-1.074526e-01,-4.321237e-01,2.868421e-02,-5.897793e+01,-5.780000e+01,3.619000e+02,1.450000e+02
-5.218501e-02,-1.544211e-02,4.564211e-02,-6.236842e-02,-3.103617e+00,-2.800000e+00,-2.030000e+01,4.900000e+00,1.745814e-01,-7.055263e-02,-4.234237e-01,1.295842e-01,-4.934125e+01,-6.330000e+01,3.568000e+02,1.528000e+02
-5.215851e-02,-1.194211e-02,4.794211e-02,-6.446842e-02,-1.435249e+00,-4.200000e+00,-2.110000e+01,7.100000e+00,1.986745e-01,-1.405263e-02,-4.145237e-01,2.417842e-01,-6.031307e+01,-6.380000e+01,3.652000e+02,1.450000e+02
-5.218741e-02,-9.142105e-03,5.104211e-02,-6.696842e-02,2.852343e-01,-5.200000e+00,-2.130000e+01,9.100000e+00,1.955861e-01,6.674737e-02,-4.005237e-01,3.554842e-01,-8.071860e+01,-6.080000e+01,3.731000e+02,1.259000e+02
-5.046500e-02,-5.142105e-03,5.554211e-02,-6.826842e-02,2.968519e+00,-4.800000e+00,-2.110000e+01,1.190000e+01,1.581114e-01,1.771474e-01,-3.917237e-01,4.617842e-01,-1.041192e+02,-5.170000e+01,3.788000e+02,1.037000e+02
-4.484259e-02,-4.742105e-03,5.974211e-02,-6.496842e-02,3.691446e+00,-7.100000e+00,-2.050000e+01,1.260000e+01,6.972689e-02,3.343474e-01,-3.860237e-01,5.523842e-01,-1.172157e+02,-4.790000e+01,3.720000e+02,8.330000e+01
-3.940954e-02,-1.042105e-03,6.304211e-02,-6.206842e-02,2.609494e+00,-1.020000e+01,-2.590000e+01,1.380000e+01,-8.023008e-02,5.406474e-01,-3.881237e-01,6.081842e-01,-1.148610e+02,-4.980000e+01,3.453000e+02,6.540000e+01
-3.415600e-02,3.157895e-03,6.374211e-02,-5.836842e-02,2.599263e+00,-1.020000e+01,-2.590000e+01,1.380000e+01,-3.008092e-01,7.837474e-01,-3.946237e-01,6.081842e-01,-1.111038e+02,-4.880000e+01,3.232000e+02,5.440000e+01
-2.924201e-02,6.457895e-03,6.344211e-02,-5.456842e-02,2.590774e+00,-1.020000e+01,-2.590000e+01,1.380000e+01,-5.811902e-01,1.052947e+00,-3.843237e-01,5.438842e-01,-9.221191e+01,-4.880000e+01,2.597000e+02,3.110000e+01
-1.360746e-02,4.557895e-03,5.834211e-02,-3.816842e-02,-2.461386e+00,-2.610000e+01,-4.720000e+01,1.800000e+01,-9.013335e-01,1.322747e+00,-3.401237e-01,4.208842e-01,-5.484212e+01,-5.940000e+01,1.877000e+02,1.910000e+01
2.291780e-03,1.957895e-03,5.514211e-02,-2.206842e-02,-2.437615e+00,-2.610000e+01,-4.720000e+01,1.800000e+01,-1.238095e+00,1.598447e+00,-2.813237e-01,2.557842e-01,1.941208e+00,-8.520000e+01,1.115000e+02,1.930000e+01
1.766469e-02,-5.421053e-04,5.064211e-02,-5.968421e-03,-2.405886e+00,-2.610000e+01,-4.720000e+01,1.800000e+01,-1.564548e+00,1.857947e+00,-2.093237e-01,6.688421e-02,4.302405e+01,-1.068000e+02,5.110000e+01,1.020000e+01
3.182414e-02,-3.642105e-03,4.674211e-02,8.731579e-03,-2.369629e+00,-2.610000e+01,-4.720000e+01,1.800000e+01,-1.852775e+00,2.092447e+00,-1.482237e-01,-1.266158e-01,6.011028e+01,-9.260000e+01,1.900000e+00,7.400000e+00
4.677437e-02,-6.042105e-03,4.294211e-02,2.423158e-02,-2.329762e+00,-2.610000e+01,-4.720000e+01,1.800000e+01,-2.097403e+00,2.290547e+00,-1.057237e-01,-3.200158e-01,5.903068e+01,-7.320000e+01,-2.000000e+01,4.700000e+00
5.987372e-02,-9.942105e-03,3.684211e-02,3.883158e-02,-2.286701e+00,-2.610000e+01,-4.720000e+01,1.800000e+01,-2.292597e+00,2.428647e+00,-5.362368e-02,-5.100158e-01,5.954304e+01,-3.150000e+01,-6.550000e+01,4.700000e+00
7.028197e-02,-1.064211e-02,3.144211e-02,4.993158e-02,-2.242271e+00,-2.610000e+01,-4.720000e+01,1.800000e+01,-2.425494e+00,2.485247e+00,5.876316e-03,-6.823158e-01,8.592806e+01,-1.980000e+01,-1.085000e+02,2.050000e+01
9.527568e-02,-1.764211e-02,3.144211e-02,7.103158e-02,-3.246905e+01,-1.570000e+01,-1.660000e+02,2.680000e+01,-2.292482e+00,2.212547e+00,8.276316e-03,-7.075158e-01,4.624143e+01,1.581000e+02,-9.970000e+01,1.496000e+02
1.189734e-01,-2.464211e-02,3.154211e-02,9.213158e-02,-3.244500e+01,-1.570000e+01,-1.660000e+02,2.680000e+01,-2.133397e+00,2.011347e+00,-7.992368e-02,-7.683158e-01,1.630835e+02,1.696000e+02,-2.850000e+02,1.873000e+02
1.808318e-01,-4.594211e-02,4.274211e-02,1.543316e-01,-2.726788e+01,-1.840000e+01,-2.116000e+02,4.900000e+01,-1.644170e+00,1.382147e+00,1.730763e-01,-5.817158e-01,2.424373e+02,-2.250000e+01,-5.056000e+02,-4.650000e+01
2.198124e-01,-6.474211e-02,6.094211e-02,1.925316e-01,-4.157584e+01,-2.220000e+01,-2.679000e+02,5.410000e+01,-1.373276e+00,1.398947e+00,1.863763e-01,-4.313158e-01,1.851121e+02,3.560000e+01,-5.849000e+02,-1.474000e+02
2.457757e-01,-1.008421e-01,8.874211e-02,2.254316e-01,-4.480348e+01,-3.950000e+01,-3.178000e+02,7.280000e+01,-1.241693e+00,1.277947e+00,5.246763e-01,-3.200158e-01,2.038824e+02,5.110000e+01,-5.782000e+02,-1.074000e+02
2.720918e-01,-1.032421e-01,9.794211e-02,2.640316e-01,-1.969426e+01,-1.180000e+01,-3.721000e+02,1.098000e+02,-9.816735e-01,1.088047e+00,6.153763e-01,-1.438158e-01,1.331489e+02,-5.570000e+01,-3.763000e+02,-1.096000e+02
3.047801e-01,-9.964211e-02,1.209421e-01,3.150316e-01,-4.479521e+00,7.600000e+00,-4.208000e+02,1.356000e+02,-6.393139e-01,8.541474e-01,6.809763e-01,1.220842e-01,8.808542e+00,-2.370000e+01,-3.390000e+02,-2.293000e+02
3.652927e-01,-2.814211e-02,1.364421e-01,3.769316e-01,-7.597833e+00,9.000000e-01,-4.585000e+02,1.484000e+02,-4.478964e-01,6.825474e-01,7.032763e-01,2.423842e-01,-1.591617e+00,-6.270000e+01,-2.884000e+02,-2.175000e+02
4.577423e-01,1.070579e-01,1.444421e-01,4.389316e-01,-5.820461e+00,2.650000e+01,-4.418000e+02,1.287000e+02,-1.277474e-01,5.256474e-01,5.477763e-01,4.125842e-01,3.572101e+01,2.480000e+01,-2.968000e+02,-1.597000e+02
5.340881e-01,1.945579e-01,1.573421e-01,5.136316e-01,5.390644e+00,5.210000e+01,-4.234000e+02,1.176000e+02,2.280425e-01,6.089474e-01,3.091763e-01,5.913842e-01,4.127193e+01,1.838000e+02,-2.574000e+02,-1.061000e+02
5.985292e-01,2.842579e-01,1.656421e-01,5.793316e-01,5.332218e+00,5.210000e+01,-4.234000e+02,1.176000e+02,2.261419e-01,6.946474e-01,3.622763e-01,6.133842e-01,-1.127964e+02,1.275000e+02,8.330000e+01,-7.310000e+01
6.073811e-01,2.981579e-01,1.745421e-01,6.455316e-01,5.451329e+01,9.440000e+01,-3.612000e+02,1.232000e+02,1.929186e-01,7.292474e-01,5.557763e-01,6.673842e-01,-5.953349e+00,6.190000e+01,-4.300000e+01,-2.940000e+01
5.884622e-01,3.263579e-01,1.721421e-01,6.706316e-01,5.446008e+01,9.440000e+01,-3.612000e+02,1.232000e+02,2.044946e-01,1.090347e+00,3.200763e-01,5.382842e-01,-8.224239e+00,4.780000e+01,-2.540000e+01,-2.230000e+01
5.436061e-01,3.140579e-01,1.985421e-01,6.806316e-01,4.644536e+01,4.830000e+01,-2.719000e+02,1.333000e+02,1.734095e-01,8.064474e-01,3.158763e-01,4.762842e-01,-1.163193e+01,3.160000e+01,-8.000000e+00,-1.680000e+01
6.314110e-01,4.030579e-01,2.785421e-01,7.186316e-01,1.500637e+01,2.420000e+01,-1.346000e+02,5.060000e+01,3.505145e-01,6.443474e-01,-4.422368e-02,4.609842e-01,-1.031449e+01,2.410000e+01,-1.400000e+00,-1.180000e+01
6.915843e-01,4.583579e-01,3.771421e-01,7.510316e-01,1.498623e+01,2.420000e+01,-1.346000e+02,5.060000e+01,3.662672e-01,5.469474e-01,-1.773237e-01,3.952842e-01,-5.331110e+00,1.800000e+01,-4.000000e+00,-7.800000e+00
6.113284e-01,3.518579e-01,3.910421e-01,7.327316e-01,-1.354237e+02,-1.507000e+02,5.350000e+01,-4.270000e+01,2.719296e-01,4.993474e-01,-2.621237e-01,2.345842e-01,-4.227765e+00,1.160000e+01,0.000000e+00,-4.500000e+00
3.986860e-01,1.252579e-01,3.648421e-01,6.614316e-01,-1.419491e+02,-1.545000e+02,6.470000e+01,-5.430000e+01,2.721084e-01,4.020474e-01,-2.758237e-01,2.216842e-01,-8.910669e-01,4.800000e+00,-2.500000e+00,-2.300000e+00
1.915530e-01,-9.884211e-02,3.317421e-01,6.003316e-01,-1.101774e+02,-1.055000e+02,5.050000e+01,-6.490000e+01,1.418560e-01,3.187474e-01,-1.186237e-01,1.565842e-01,2.568218e+00,-4.500000e+00,-3.600000e+00,8.000000e-01
7.197429e-02,-2.249421e-01,2.962421e-01,5.389316e-01,-5.412442e+01,-4.400000e+01,8.730000e+01,-6.850000e+01,-3.451751e-02,2.704737e-02,1.050763e-01,7.228421e-02,5.963185e+00,-1.020000e+01,-6.200000e+00,3.100000e+00
-4.735306e-02,-3.511421e-01,2.607421e-01,4.775316e-01,-5.412244e+01,-4.400000e+01,8.730000e+01,-6.850000e+01,-7.248293e-02,1.384737e-02,9.637632e-02,2.278421e-02,7.004497e+00,-1.150000e+01,-6.700000e+00,4.000000e+00
-1.040742e-01,-4.194421e-01,2.847421e-01,3.887316e-01,-7.270755e+00,-1.950000e+01,1.948000e+02,-6.280000e+01,-4.664859e-02,-5.705263e-02,3.157632e-02,1.358421e-02,5.242394e+00,-8.100000e+00,-6.100000e+00,2.400000e+00
-1.540438e-01,-4.698421e-01,2.961421e-01,2.926316e-01,-9.272110e+00,-4.180000e+01,2.243000e+02,-4.910000e+01,-7.360745e-02,-5.405263e-02,4.327632e-02,-1.131579e-02,3.496949e+00,-4.100000e+00,-3.600000e+00,1.900000e+00
-1.609409e-01,-4.587421e-01,2.542421e-01,2.190316e-01,-5.850476e+00,-4.500000e+01,2.380000e+02,-4.520000e+01,-7.635410e-02,-6.145263e-02,3.057632e-02,-2.231579e-02,2.951022e+00,-4.200000e+00,-2.500000e+00,1.900000e+00
-2.627475e-01,-5.315421e-01,1.490421e-01,1.228316e-01,-5.733328e+00,-4.500000e+01,2.380000e+02,-4.520000e+01,-7.251792e-02,-7.135263e-02,3.117632e-02,-1.831579e-02,3.726891e+00,-4.600000e+00,-4.600000e+00,1.600000e+00
-3.504050e-01,-5.800421e-01,5.024211e-02,1.753158e-02,3.028410e+01,-6.100000e+00,2.852000e+02,-4.760000e+01,-7.537372e-02,-7.545263e-02,2.987632e-02,-2.301579e-02,4.338700e+00,-5.700000e+00,-6.000000e+00,1.500000e+00
-2.993098e-01,-4.664421e-01,3.494211e-02,-5.476842e-02,4.233581e+01,8.900000e+00,2.989000e+02,-4.890000e+01,-7.363013e-02,-8.025263e-02,1.517632e-02,-3.001579e-02,3.659110e+00,-5.500000e+00,-5.700000e+00,9.000000e-01
-1.853254e-01,-2.949421e-01,7.564211e-02,-8.566842e-02,4.531526e+01,1.030000e+01,3.037000e+02,-4.780000e+01,-7.152966e-02,-8.215263e-02,-4.323684e-03,-3.941579e-02,3.003365e+00,-4.400000e+00,-6.700000e+00,-4.000000e-01
-1.232983e-01,-1.813421e-01,1.292421e-01,-1.243684e-01,4.331055e+01,6.500000e+00,3.015000e+02,-4.720000e+01,-7.109968e-02,-8.245263e-02,-2.062368e-02,-4.891579e-02,1.720481e+00,-4.600000e+00,-6.400000e+00,-1.700000e+00
-1.102262e-01,-1.180421e-01,1.803421e-01,-1.754684e-01,4.359718e+01,6.500000e+00,3.015000e+02,-4.720000e+01,-7.106882e-02,-8.135263e-02,-3.062368e-02,-5.531579e-02,1.532742e+00,-3.400000e+00,-6.400000e+00,-1.900000e+00
-9.611977e-02,-3.794211e-02,2.243421e-01,-2.193684e-01,4.315038e+01,1.180000e+01,2.943000e+02,-4.880000e+01,-7.081728e-02,-8.185263e-02,-3.512368e-02,-5.841579e-02,1.672999e+00,-3.000000e+00,-7.400000e+00,-2.300000e+00
-7.961822e-02,6.025789e-02,2.082421e-01,-2.362684e-01,4.363340e+01,1.180000e+01,2.943000e+02,-4.880000e+01,-6.945289e-02,-8.195263e-02,-2.942368e-02,-5.451579e-02,6.581418e-01,-2.000000e+00,-8.000000e+00,-3.800000e+00
-7.132089e-02,1.405579e-01,2.047421e-01,-2.459684e-01,4.418506e+01,1.180000e+01,2.943000e+02,-4.880000e+01,-6.801583e-02,-8.235263e-02,-2.572368e-02,-5.171579e-02,-8.869041e-01,-5.000000e-01,-7.700000e+00,-5.400000e+00
-4.913581e-02,2.161579e-01,2.334421e-01,-2.408684e-01,4.923743e+01,4.620000e+01,2.795000e+02,-5.110000e+01,-6.805045e-02,-8.105263e-02,-2.632368e-02,-5.301579e-02,-9.525064e-01,-9.000000e-01,-7.400000e+00,-5.300000e+00
-3.523192e-02,2.918579e-01,2.620421e-01,-2.356684e-01,4.973887e+01,4.620000e+01,2.795000e+02,-5.110000e+01,-6.838546e-02,-7.865263e-02,-3.092368e-02,-5.701579e-02,-1.314196e+00,-0.000000e+00,-7.900000e+00,-6.000000e+00
-2.129478e-02,3.382579e-01,2.816421e-01,-2.148684e-01,2.829262e+01,4.910000e+01,2.566000e+02,-6.780000e+01,-6.841183e-02,-7.715263e-02,-3.222368e-02,-5.881579e-02,-1.913723e+00,-0.000000e+00,-8.100000e+00,-6.800000e+00
-8.543912e-03,3.804579e-01,2.784421e-01,-1.815684e-01,2.193125e+01,5.070000e+01,2.497000e+02,-7.300000e+01,-6.805749e-02,-7.525263e-02,-3.142368e-02,-5.901579e-02,-2.112082e+00,-9.000000e-01,-8.600000e+00,-7.300000e+00
3.013994e-03,4.206579e-01,2.609421e-01,-1.397684e-01,1.139971e+01,5.860000e+01,2.379000e+02,-8.160000e+01,-6.834494e-02,-7.265263e-02,-3.162368e-02,-6.051579e-02,-2.801006e+00,-2.000000e-01,-7.900000e+00,-7.700000e+00
1.038714e-02,4.538579e-01,2.410421e-01,-9.626842e-02,4.378312e+00,6.570000e+01,2.296000e+02,-8.710000e+01,-6.816429e-02,-6.995263e-02,-3.122368e-02,-6.111579e-02,-3.047868e+00,-9.000000e-01,-7.600000e+00,-7.800000e+00
1.324802e-02,4.874579e-01,2.179421e-01,-5.136842e-02,3.825155e+00,6.840000e+01,2.261000e+02,-8.680000e+01,-6.918623e-02,-6.805263e-02,-2.832368e-02,-6.161579e-02,-3.894265e+00,-3.000000e-01,-6.400000e+00,-8.100000e+00
4.897903e-03,5.043579e-01,1.952421e-01,-1.506842e-02,9.194710e+00,6.830000e+01,2.194000e+02,-7.860000e+01,-6.914687e-02,-6.515263e-02,-2.782368e-02,-6.231579e-02,-3.955869e+00,1.900000e+00,-6.200000e+00,-8.100000e+00
-9.602282e-03,5.235579e-01,1.672421e-01,1.923158e-02,1.829667e+01,6.610000e+01,2.133000e+02,-6.650000e+01,-6.947769e-02,-6.225263e-02,-2.452368e-02,-6.181579e-02,-4.225622e+00,8.000000e-01,-5.700000e+00,-8.100000e+00
-2.913125e-02,5.458579e-01,1.368421e-01,5.163158e-02,2.754873e+01,6.270000e+01,2.074000e+02,-5.430000e+01,-6.767456e-02,-6.045263e-02,-2.222368e-02,-5.941579e-02,-4.046566e+00,1.000000e-01,-6.100000e+00,-8.100000e+00
-6.493048e-02,5.573579e-01,9.544211e-02,7.243158e-02,3.150307e+01,6.200000e+01,2.034000e+02,-4.840000e+01,-6.581654e-02,-5.935263e-02,-2.012368e-02,-5.711579e-02,-3.916645e+00,-8.000000e-01,-7.300000e+00,-8.600000e+00
-1.048445e-01,5.715579e-01,5.104211e-02,9.163158e-02,3.775390e+01,6.090000e+01,1.965000e+02,-3.860000e+01,-6.258597e-02,-5.785263e-02,-1.762368e-02,-5.311579e-02,-3.606086e+00,-3.000000e+00,-9.300000e+00,-9.300000e+00
-1.557929e-01,5.933579e-01,6.242105e-03,1.015316e-01,3.971063e+01,6.050000e+01,1.891000e+02,-3.310000e+01,-5.911336e-02,-5.695263e-02,-1.432368e-02,-4.851579e-02,-2.391129e+00,-4.400000e+00,-1.240000e+01,-9.600000e+00
-2.134524e-01,6.172579e-01,-2.975789e-02,1.011316e-01,3.744070e+01,6.260000e+01,1.794000e+02,-3.060000e+01,-5.445150e-02,-5.635263e-02,-1.222368e-02,-4.351579e-02,-2.443663e+00,-8.300000e+00,-1.770000e+01,-1.250000e+01
-2.808047e-01,6.423579e-01,-5.945789e-02,8.753158e-02,3.400412e+01,6.310000e+01,1.704000e+02,-3.000000e+01,-4.561636e-02,-5.535263e-02,-1.622368e-02,-3.761579e-02,-3.558802e+00,-1.220000e+01,-2.440000e+01,-1.740000e+01
-3.576461e-01,6.716579e-01,-8.655789e-02,6.203158e-02,3.053729e+01,6.180000e+01,1.584000e+02,-2.830000e+01,-3.405081e-02,-5.575263e-02,-1.392368e-02,-2.521579e-02,4.046498e+00,-5.200000e+00,-3.080000e+01,-1.260000e+01
-4.422373e-01,7.060579e-01,-1.155579e-01,2.973158e-02,2.962380e+01,6.180000e+01,1.502000e+02,-2.510000e+01,-2.210758e-02,-5.795263e-02,-9.223684e-03,-1.111579e-02,6.929077e+00,-7.000000e+00,-3.720000e+01,-1.280000e+01
-5.322766e-01,7.450579e-01,-1.423579e-01,-1.086842e-02,2.367851e+01,6.180000e+01,1.349000e+02,-2.390000e+01,-1.577753e-02,-4.825263e-02,-1.523684e-03,-3.115789e-03,1.338631e+01,-7.600000e+00,-4.880000e+01,-1.190000e+01
-6.254524e-01,7.841579e-01,-1.664579e-01,-6.056842e-02,1.903668e+01,6.030000e+01,1.174000e+02,-2.030000e+01,7.132101e-03,-6.175263e-02,-1.062368e-02,1.598421e-02,2.301297e+01,-6.000000e+00,-5.830000e+01,-6.300000e+00
-7.209496e-01,8.264579e-01,-1.948579e-01,-1.155684e-01,1.160955e+01,5.590000e+01,9.350000e+01,-1.740000e+01,1.572919e-02,-5.885263e-02,-7.223684e-03,2.368421e-02,2.302399e+01,-1.310000e+01,-7.550000e+01,-1.550000e+01
-8.166391e-01,8.719579e-01,-2.253579e-01,-1.740684e-01,2.403444e+00,5.190000e+01,7.100000e+01,-1.720000e+01,2.944798e-02,-5.745263e-02,-5.823684e-03,3.608421e-02,2.899992e+01,-9.300000e+00,-8.350000e+01,-1.350000e+01
-9.084140e-01,9.168579e-01,-2.508579e-01,-2.370684e-01,-6.098225e+00,4.450000e+01,4.950000e+01,-1.810000e+01,4.213108e-02,-5.595263e-02,-1.623684e-03,4.868421e-02,3.628379e+01,-1.010000e+01,-9.580000e+01,-1.200000e+01
-9.934475e-01,9.575579e-01,-2.727579e-01,-3.026684e-01,-1.415073e+01,3.440000e+01,2.690000e+01,-1.890000e+01,5.557654e-02,-5.475263e-02,7.763158e-04,6.088421e-02,4.410120e+01,-1.110000e+01,-1.120000e+02,-1.210000e+01
-1.056229e+00,9.938579e-01,-2.576579e-01,-3.688684e-01,-1.789800e+01,2.830000e+01,1.620000e+01,-1.980000e+01,6.725451e-02,-5.335263e-02,4.376316e-03,7.188421e-02,4.708771e+01,-1.320000e+01,-1.207000e+02,-1.330000e+01
-1.152868e+00,1.053858e+00,-2.827579e-01,-4.597684e-01,-1.586238e+01,-2.520000e+01,-3.130000e+01,-1.210000e+01,7.485662e-02,-5.275263e-02,1.407632e-02,8.218421e-02,5.474058e+01,-2.080000e+01,-1.375000e+02,-1.280000e+01
-1.262295e+00,1.195958e+00,-3.091579e-01,-5.451684e-01,-3.123890e+01,-5.350000e+01,-8.050000e+01,-1.370000e+01,8.136595e-02,-5.005263e-02,1.687632e-02,8.738421e-02,6.106911e+01,-3.200000e+01,-1.558000e+02,-1.390000e+01
-1.420286e+00,1.238058e+00,-3.801579e-01,-7.346684e-01,-6.503926e+01,-1.057000e+02,-1.664000e+02,-2.650000e+01,8.974526e-02,-4.925263e-02,1.637632e-02,9.428421e-02,6.772170e+01,-4.520000e+01,-1.775000e+02,-1.600000e+01
-1.310799e+00,1.085358e+00,-5.247579e-01,-6.886684e-01,-1.167681e+02,-3.640000e+01,-3.519000e+02,4.430000e+01,1.071280e-01,-6.335263e-02,1.707632e-02,1.193842e-01,7.598878e+01,-6.440000e+01,-2.056000e+02,-1.830000e+01
-1.024152e+00,1.059858e+00,-4.917579e-01,-4.958684e-01,-1.256148e+02,2.360000e+01,-3.951000e+02,7.690000e+01,1.239960e-01,-6.195263e-02,2.867632e-02,1.507842e-01,8.985277e+01,-8.760000e+01,-2.495000e+02,-2.220000e+01
-8.397600e-01,1.059758e+00,-5.201579e-01,-3.854684e-01,-4.752869e+01,-2.360000e+01,-3.538000e+02,1.337000e+02,1.489396e-01,-8.405263e-02,2.127632e-02,1.946842e-01,9.561926e+01,-9.690000e+01,-2.768000e+02,-2.980000e+01
-6.475757e-01,1.053058e+00,-5.452579e-01,-2.702684e-01,-4.728407e+01,-2.360000e+01,-3.538000e+02,1.337000e+02,1.651668e-01,-1.090526e-01,1.127632e-02,2.397842e-01,1.153183e+02,-1.218000e+02,-3.390000e+02,-3.750000e+01
-4.521151e-01,1.044258e+00,-5.724579e-01,-1.490684e-01,-4.696787e+01,-2.360000e+01,-3.538000e+02,1.337000e+02,1.912932e-01,-1.116526e-01,7.763158e-04,3.071842e-01,1.285841e+02,-1.546000e+02,-4.142000e+02,-5.950000e+01
-2.553192e-01,1.037158e+00,-6.001579e-01,-2.266842e-02,-4.657509e+01,-2.360000e+01,-3.538000e+02,1.337000e+02,2.512865e-01,-4.665263e-02,-1.412368e-02,4.016842e-01,1.363003e+02,-1.888000e+02,-4.565000e+02,-6.210000e+01
-7.602615e-02,1.030058e+00,-6.634579e-01,1.077316e-01,-4.609458e+01,-2.360000e+01,-3.538000e+02,1.337000e+02,3.473227e-01,5.504737e-02,-6.012368e-02,5.150842e-01,1.201876e+02,-2.102000e+02,-4.475000e+02,-6.280000e+01
1.352653e-01,9.942579e-01,-6.869579e-01,2.678316e-01,-4.553807e+01,-2.360000e+01,-3.538000e+02,1.337000e+02,4.387134e-01,1.180474e-01,-1.567237e-01,6.178842e-01,7.391029e+01,-2.047000e+02,-4.109000e+02,-1.092000e+02
3.141056e-01,8.711579e-01,-7.077579e-01,4.302316e-01,-4.492916e+01,-2.360000e+01,-3.538000e+02,1.337000e+02,5.209168e-01,1.707474e-01,-2.779237e-01,6.983842e-01,3.197537e+01,-1.857000e+02,-3.689000e+02,-1.615000e+02
5.160547e-01,7.428579e-01,-5.875579e-01,6.354316e-01,-2.626983e+00,-3.000000e+01,9.100000e+00,1.300000e+00,5.903492e-01,2.269474e-01,-3.997237e-01,7.761842e-01,3.199151e+01,-1.857000e+02,-3.689000e+02,-1.615000e+02
6.031685e-01,8.044579e-01,-3.894579e-01,6.147316e-01,-2.633391e+00,-3.000000e+01,9.100000e+00,1.300000e+00,6.360488e-01,2.632474e-01,-4.853237e-01,8.384842e-01,5.273114e+01,-5.060000e+01,-2.735000e+02,-1.951000e+02
4.635250e-01,7.365579e-01,-3.661579e-01,4.584316e-01,-2.643201e+00,-3.000000e+01,9.100000e+00,1.300000e+00,5.330231e-01,1.339474e-01,-5.054237e-01,8.687842e-01,2.242192e+01,1.000000e-01,-1.363000e+02,-1.574000e+02
4.103825e-01,6.308579e-01,-2.970579e-01,3.941316e-01,6.741955e-01,-4.900000e+00,4.800000e+00,-1.000000e-01,7.084860e-01,2.012474e-01,-6.938237e-01,9.587842e-01,7.321983e+00,3.750000e+01,-4.570000e+01,-1.329000e+02
3.526014e-01,5.269579e-01,-2.285579e-01,3.244316e-01,-1.560186e+00,-2.800000e+00,-8.000000e-01,-6.000000e-01,7.087437e-01,1.207474e-01,-7.331237e-01,1.004184e+00,4.432822e+00,1.228000e+02,8.740000e+01,-1.174000e+02
2.931448e-01,4.238579e-01,-1.703579e-01,2.581316e-01,-1.543066e+00,3.000000e-01,-1.800000e+00,-1.000000e+00,6.341117e-01,-4.655263e-02,-7.909237e-01,9.836842e-01,1.497306e+00,1.425000e+02,1.253000e+02,-1.116000e+02
2.333133e-01,3.206579e-01,-1.122579e-01,1.918316e-01,-1.542010e+00,3.000000e-01,-1.800000e+00,-1.000000e+00,5.217334e-01,-2.397526e-01,-8.573237e-01,9.097842e-01,2.338297e+00,1.411000e+02,1.423000e+02,-8.500000e+01
1.727626e-01,2.152579e-01,-4.475789e-02,1.213316e-01,-2.413604e+00,4.600000e+00,-4.400000e+00,-2.000000e+00,3.683237e-01,-4.383526e-01,-8.848237e-01,8.025842e-01,1.823291e+01,1.416000e+02,1.383000e+02,-5.310000e+01
1.110502e-01,1.105579e-01,1.664211e-02,5.223158e-02,-1.792615e+00,5.500000e+00,-4.700000e+00,-1.400000e+00,2.588271e-01,-5.885526e-01,-8.751237e-01,7.133842e-01,2.403210e+01,1.366000e+02,1.847000e+02,1.410000e+01
4.962808e-02,4.657895e-03,8.244211e-02,-1.836842e-02,-2.222117e+00,7.600000e+00,-4.000000e+00,-2.800000e+00,1.593477e-01,-7.310526e-01,-8.479237e-01,6.250842e-01,4.520829e+01,1.513000e+02,2.136000e+02,6.140000e+01
3.449649e-02,-2.142105e-03,5.884211e-02,-2.226842e-02,-2.487114e+00,7.500000e+00,-3.700000e+00,-3.200000e+00,4.908113e-02,-8.642526e-01,-7.910237e-01,5.195842e-01,4.911542e+01,1.506000e+02,2.320000e+02,8.530000e+01
1.988311e-02,-9.442105e-03,3.824211e-02,-2.686842e-02,-2.441781e+00,5.800000e+00,-3.400000e+00,-2.800000e+00,-1.774470e-02,-9.551526e-01,-7.501237e-01,4.201842e-01,3.830236e+01,1.318000e+02,2.528000e+02,1.051000e+02
2.944896e-03,-1.664211e-02,1.634211e-02,-3.356842e-02,-2.598466e+00,5.800000e+00,-4.600000e+00,-2.400000e+00,6.469350e-02,-8.589526e-01,-7.633237e-01,3.350842e-01,1.466035e+01,1.058000e+02,2.777000e+02,1.123000e+02
-4.030741e-03,-1.784211e-02,1.684211e-02,-4.126842e-02,-3.576266e+00,3.500000e+00,-5.800000e+00,-2.300000e+00,-8.985650e-02,-9.433526e-01,-6.032237e-01,1.883842e-01,1.739334e+00,9.480000e+01,2.907000e+02,1.120000e+02
-6.705812e-03,-2.134211e-02,1.634211e-02,-4.296842e-02,-3.661973e+00,3.300000e+00,-6.300000e+00,-2.100000e+00,-7.004625e-02,-8.757526e-01,-5.904237e-01,8.598421e-02,-2.634089e+01,8.020000e+01,3.230000e+02,1.046000e+02
-8.042684e-03,-2.474211e-02,2.664211e-02,-4.836842e-02,-3.803517e+00,1.700000e+00,-7.600000e+00,-1.200000e+00,8.415776e-03,-7.157526e-01,-5.737237e-01,2.738421e-02,-5.032489e+01,7.070000e+01,3.462000e+02,9.320000e+01
-9.941012e-03,-2.754211e-02,3.624211e-02,-5.426842e-02,-3.808381e+00,9.000000e-01,-8.200000e+00,-7.000000e-01,5.155113e-02,-6.070526e-01,-5.357237e-01,-6.515789e-03,-7.440598e+01,6.550000e+01,3.619000e+02,7.470000e+01
-1.129841e-02,-2.784211e-02,3.634211e-02,-5.576842e-02,-3.865372e+00,-3.000000e-01,-8.700000e+00,-2.000000e-01,8.117916e-02,-5.284526e-01,-4.992237e-01,-2.441579e-02,-1.015149e+02,4.440000e+01,3.773000e+02,6.050000e+01
-1.213343e-02,-2.884211e-02,4.274211e-02,-5.946842e-02,-3.882792e+00,1.000000e-01,-9.400000e+00,0.000000e+00,9.175113e-02,-4.514526e-01,-4.495237e-01,-4.241579e-02,-1.243025e+02,1.370000e+01,3.915000e+02,5.370000e+01
-1.270382e-02,-2.834211e-02,4.614211e-02,-6.186842e-02,-3.927306e+00,-1.000000e+00,-9.300000e+00,2.000000e-01,1.011008e-01,-3.730526e-01,-3.920237e-01,-4.081579e-02,-1.248370e+02,1.370000e+01,3.915000e+02,5.370000e+01
-1.370130e-02,-2.734211e-02,4.884211e-02,-6.456842e-02,-2.712358e+00,-1.400000e+00,-8.900000e+00,1.500000e+00,1.379396e-01,-2.998526e-01,-3.749237e-01,-1.251579e-02,-1.247866e+02,-1.880000e+01,3.941000e+02,6.360000e+01
-1.510064e-02,-2.574211e-02,4.854211e-02,-6.646842e-02,-2.707746e+00,-1.400000e+00,-8.900000e+00,1.500000e+00,1.670161e-01,-2.462526e-01,-3.812237e-01,1.268421e-02,-1.254547e+02,-1.880000e+01,3.941000e+02,6.360000e+01
-1.569936e-02,-2.234211e-02,4.864211e-02,-6.816842e-02,-1.309233e+00,-3.900000e+00,-7.700000e+00,3.200000e+00,2.066072e-01,-1.972526e-01,-3.908237e-01,6.018421e-02,-8.091424e+01,-4.800000e+01,3.782000e+02,1.090000e+02
-1.798948e-02,-1.934211e-02,4.914211e-02,-7.186842e-02,-2.473008e-01,-5.600000e+00,-6.300000e+00,4.200000e+00,2.457383e-01,-1.510526e-01,-3.975237e-01,1.218842e-01,-5.730260e+01,-6.010000e+01,3.706000e+02,1.325000e+02
-1.930636e-02,-1.694211e-02,5.244211e-02,-7.556842e-02,8.833631e-01,-7.300000e+00,-4.100000e+00,4.900000e+00,2.772010e-01,-9.455263e-02,-3.958237e-01,1.953842e-01,-4.169731e+01,-6.980000e+01,3.654000e+02,1.473000e+02
-2.155498e-02,-1.494211e-02,5.414211e-02,-7.946842e-02,2.202830e+00,-9.300000e+00,-3.200000e+00,6.500000e+00,2.996485e-01,-5.285263e-02,-3.777237e-01,2.820842e-01,-3.726947e+01,-7.550000e+01,3.617000e+02,1.498000e+02
-2.175583e-02,-1.504211e-02,5.864211e-02,-8.176842e-02,3.159958e+00,-1.070000e+01,-2.900000e+00,7.800000e+00,3.149032e-01,1.634737e-02,-3.695237e-01,3.797842e-01,-4.032978e+01,-7.560000e+01,3.620000e+02,1.465000e+02
-2.251126e-02,-1.154211e-02,5.684211e-02,-8.276842e-02,3.724405e+00,-1.180000e+01,-3.100000e+00,8.800000e+00,3.143294e-01,1.080474e-01,-3.747237e-01,4.793842e-01,-5.247356e+01,-6.780000e+01,3.585000e+02,1.322000e+02
-2.234133e-02,-9.042105e-03,5.334211e-02,-8.166842e-02,3.638828e+00,-1.310000e+01,-2.400000e+00,8.700000e+00,2.843983e-01,2.216474e-01,-3.833237e-01,5.740842e-01,-6.874070e+01,-5.760000e+01,3.570000e+02,1.151000e+02
-2.165362e-02,-6.542105e-03,4.934211e-02,-7.976842e-02,3.470515e+00,-1.390000e+01,-2.200000e+00,8.600000e+00,2.151903e-01,3.772474e-01,-3.981237e-01,6.621842e-01,-8.548517e+01,-4.400000e+01,3.529000e+02,9.750000e+01
-1.938079e-02,-5.042105e-03,4.194211e-02,-7.436842e-02,2.545708e+00,-1.610000e+01,-3.300000e+00,8.600000e+00,7.395142e-02,5.619474e-01,-3.981237e-01,7.062842e-01,-1.010132e+02,-3.400000e+01,3.402000e+02,7.410000e+01
-1.425036e-02,-3.142105e-03,3.534211e-02,-6.636842e-02,1.637773e+00,-1.570000e+01,-6.800000e+00,9.000000e+00,-1.236842e-01,7.709474e-01,-3.861237e-01,7.035842e-01,-1.070755e+02,-2.100000e+01,2.969000e+02,4.430000e+01
-6.839234e-03,1.457895e-03,3.784211e-02,-6.066842e-02,7.465570e-01,-1.320000e+01,-1.130000e+01,9.300000e+00,-3.876775e-01,1.007147e+00,-3.570237e-01,6.198842e-01,-8.626969e+01,-2.270000e+01,2.203000e+02,1.800000e+01
9.379605e-03,-9.642105e-03,3.964211e-02,-4.076842e-02,3.023925e+00,-1.460000e+01,-1.450000e+01,1.360000e+01,-7.208856e-01,1.263747e+00,-2.863237e-01,4.719842e-01,-6.321965e+01,-3.590000e+01,1.788000e+02,1.090000e+01
2.468186e-02,-1.994211e-02,4.024211e-02,-2.156842e-02,3.057528e+00,-1.460000e+01,-1.450000e+01,1.360000e+01,-1.078719e+00,1.523547e+00,-1.845237e-01,2.845842e-01,-5.040376e+00,-6.200000e+01,1.019000e+02,1.820000e+01
4.081453e-02,-3.034211e-02,4.194211e-02,-1.868421e-03,3.091222e+00,-1.460000e+01,-1.450000e+01,1.360000e+01,-1.432208e+00,1.779247e+00,-8.042368e-02,7.418421e-02,4.133541e+01,-7.940000e+01,3.900000e+01,2.500000e+01
5.552519e-02,-3.934211e-02,4.164211e-02,1.673158e-02,3.125020e+00,-1.460000e+01,-1.450000e+01,1.360000e+01,-1.753273e+00,2.017447e+00,8.876316e-03,-1.480158e-01,5.447072e+01,-6.770000e+01,-1.400000e+01,1.310000e+01
7.850460e-02,-4.464211e-02,3.524211e-02,4.553158e-02,-1.478037e+01,-7.100000e+00,-7.050000e+01,1.530000e+01,-2.027836e+00,2.225647e+00,8.687632e-02,-3.730158e-01,5.197936e+01,-3.340000e+01,-6.730000e+01,-4.000000e+00
1.025446e-01,-4.924211e-02,3.554211e-02,7.273158e-02,-2.021765e+01,-6.500000e+00,-8.750000e+01,1.620000e+01,-2.248352e+00,2.354847e+00,1.688763e-01,-5.940158e-01,4.966084e+01,6.950000e+01,-1.219000e+02,3.840000e+01
1.288289e-01,-6.054211e-02,3.614211e-02,1.049316e-01,-2.641715e+01,-8.200000e+00,-1.081000e+02,1.840000e+01,-2.293549e+00,2.382447e+00,1.115763e-01,-7.583158e-01,4.503413e+01,2.020000e+02,-1.991000e+02,8.200000e+01
1.647210e-01,-7.634211e-02,4.454211e-02,1.477316e-01,-3.161464e+01,-4.800000e+00,-1.391000e+02,2.450000e+01,-2.287271e+00,2.166547e+00,2.511763e-01,-9.287158e-01,1.961441e+02,6.170000e+01,-3.096000e+02,1.134000e+02
2.192584e-01,-9.924211e-02,5.404211e-02,2.167316e-01,-3.654346e+01,-4.600000e+00,-1.602000e+02,2.770000e+01,-1.744255e+00,1.630847e+00,3.696763e-01,-7.233158e-01,2.944809e+02,-8.460000e+01,-6.001000e+02,-4.220000e+01
2.533182e-01,-1.331421e-01,7.254211e-02,2.685316e-01,-5.389538e+01,-1.220000e+01,-2.183000e+02,3.520000e+01,-1.488136e+00,1.678847e+00,4.129763e-01,-5.890158e-01,1.536536e+02,5.040000e+01,-5.437000e+02,-1.159000e+02
2.736989e-01,-1.505421e-01,9.014211e-02,3.062316e-01,-5.466114e+01,-1.520000e+01,-2.658000e+02,5.570000e+01,-1.139512e+00,1.700947e+00,4.124763e-01,-4.053158e-01,1.537576e+02,5.040000e+01,-5.437000e+02,-1.159000e+02
2.831455e-01,-1.686421e-01,9.764211e-02,3.468316e-01,-4.434865e+01,-5.300000e+00,-3.128000e+02,8.320000e+01,-7.659180e-01,1.514847e+00,3.848763e-01,-2.153158e-01,2.321839e+01,-1.100000e+01,-3.809000e+02,-1.956000e+02
2.805024e-01,-1.841421e-01,1.034421e-01,3.866316e-01,-4.742897e+01,-7.700000e+00,-3.608000e+02,1.013000e+02,-3.411436e-01,1.353647e+00,3.279763e-01,7.248421e-02,-4.970002e+00,-3.900000e+00,-3.124000e+02,-1.874000e+02
2.831765e-01,-1.741421e-01,1.057421e-01,4.357316e-01,-4.049141e+01,9.300000e+00,-4.027000e+02,1.173000e+02,1.038633e-01,1.233847e+00,2.050763e-01,3.703842e-01,9.781442e+00,7.890000e+01,-3.025000e+02,-1.539000e+02
3.240231e-01,-9.454211e-02,1.086421e-01,4.939316e-01,-3.257968e+01,2.690000e+01,-4.175000e+02,1.211000e+02,3.777083e-01,1.240247e+00,-9.382368e-02,4.866842e-01,-6.339590e+01,1.158000e+02,-2.420000e+01,-8.000000e+01
4.259067e-01,3.815789e-02,1.357421e-01,5.849316e-01,-1.829713e+01,6.180000e+01,-4.154000e+02,1.096000e+02,5.748944e-01,1.053347e+00,-7.202368e-02,6.927842e-01,-2.000648e+01,5.840000e+01,-3.210000e+01,-3.750000e+01
4.708176e-01,1.130579e-01,1.739421e-01,6.398316e-01,1.961714e+01,9.670000e+01,-3.577000e+02,1.033000e+02,5.969216e-01,8.944474e-01,7.077632e-02,7.753842e-01,-1.124713e+01,3.160000e+01,-1.410000e+01,-1.910000e+01
4.551182e-01,1.333579e-01,2.013421e-01,6.703316e-01,4.513707e+01,1.023000e+02,-3.284000e+02,1.232000e+02,7.611602e-01,9.265474e-01,-3.632368e-02,8.930842e-01,-7.988516e+00,1.490000e+01,-2.410000e+01,-2.100000e+01
3.816247e-01,1.212579e-01,2.023421e-01,6.570316e-01,5.498374e+01,8.900000e+01,-2.932000e+02,1.391000e+02,6.084783e-01,1.263347e+00,-1.209237e-01,6.741842e-01,-8.912126e+00,7.900000e+00,-1.180000e+01,-1.590000e+01
2.411522e-01,1.915789e-02,1.754421e-01,6.544316e-01,6.020240e+01,6.760000e+01,-2.222000e+02,1.406000e+02,5.541515e-01,9.792474e-01,-1.856237e-01,5.689842e-01,-9.181784e+00,1.410000e+01,-1.030000e+01,-1.540000e+01
2.890497e-01,1.003579e-01,2.071421e-01,6.370316e-01,8.519752e+01,6.470000e+01,-7.350000e+01,1.087000e+02,4.796564e-01,6.999474e-01,-1.984237e-01,4.755842e-01,-1.341505e+01,1.850000e+01,1.080000e+01,-9.500000e+00
3.401580e-01,1.822579e-01,2.488421e-01,6.169316e-01,8.524987e+01,6.470000e+01,-7.350000e+01,1.087000e+02,4.407398e-01,6.011474e-01,-2.172237e-01,4.185842e-01,-1.652289e+00,1.700000e+00,-4.900000e+00,-4.300000e+00
2.413247e-01,6.535789e-02,2.811421e-01,5.915316e-01,-4.506747e+01,-8.960000e+01,1.510000e+01,5.720000e+01,3.041136e-01,4.722474e-01,-2.240237e-01,2.590842e-01,1.436469e+00,-5.900000e+00,-6.400000e+00,-1.600000e+00
1.089328e-01,-5.904211e-02,2.772421e-01,5.287316e-01,-6.856704e+01,-1.032000e+02,1.160000e+01,3.330000e+01,1.213905e-01,3.017474e-01,-1.610237e-01,8.418421e-02,4.868249e-01,-5.900000e+00,-5.100000e+00,-2.000000e+00
-5.103048e-02,-2.212421e-01,2.939421e-01,4.552316e-01,-5.694967e+01,-6.380000e+01,2.350000e+01,-1.820000e+01,9.833709e-03,1.164737e-02,9.957632e-02,9.098421e-02,1.997644e+00,-5.800000e+00,-6.700000e+00,-1.100000e+00
-2.465428e-01,-4.160421e-01,2.872421e-01,3.543316e-01,-4.432459e+01,-3.660000e+01,6.310000e+01,-5.880000e+01,-3.838978e-02,-3.525263e-02,3.887632e-02,5.784211e-03,1.569700e+00,-6.200000e+00,-4.000000e+00,-2.000000e-01
-3.762521e-01,-5.469421e-01,2.681421e-01,2.838316e-01,-4.432911e+01,-3.660000e+01,6.310000e+01,-5.880000e+01,-3.690780e-02,-5.195263e-02,6.676316e-03,-9.615789e-03,2.621951e+00,-7.800000e+00,-6.000000e+00,0.000000e+00
-4.498011e-01,-6.177421e-01,2.540421e-01,2.240316e-01,-4.433204e+01,-3.660000e+01,6.310000e+01,-5.880000e+01,-5.009340e-02,-4.945263e-02,1.527632e-02,-2.101579e-02,3.183927e+00,-8.200000e+00,-6.300000e+00,5.000000e-01
-4.562638e-01,-6.262421e-01,2.567421e-01,1.571316e-01,-7.085315e+01,-6.540000e+01,1.372000e+02,-1.010000e+02,-5.032526e-02,-5.735263e-02,1.267632e-02,-2.331579e-02,1.938403e+00,-6.300000e+00,-4.500000e+00,0.000000e+00
-3.699187e-01,-5.226421e-01,2.597421e-01,9.963158e-02,-6.301747e+01,-6.380000e+01,1.599000e+02,-1.000000e+02,-5.241435e-02,-6.445263e-02,4.297632e-02,-1.101579e-02,1.635743e+00,-6.000000e+00,-6.400000e+00,-1.300000e+00
-4.264491e-01,-5.920421e-01,2.091421e-01,5.463158e-02,-4.094715e+01,-4.740000e+01,1.837000e+02,-9.500000e+01,-4.206849e-02,-7.585263e-02,2.387632e-02,-9.815789e-03,1.193147e+00,-5.400000e+00,-6.600000e+00,-1.900000e+00
-4.838413e-01,-6.615421e-01,1.584421e-01,9.531579e-03,-4.091585e+01,-4.740000e+01,1.837000e+02,-9.500000e+01,-4.827496e-02,-7.285263e-02,3.176316e-03,-2.841579e-02,1.240492e+00,-5.100000e+00,-7.100000e+00,-2.100000e+00
-3.710013e-01,-5.108421e-01,1.417421e-01,-3.096842e-02,-1.123387e+01,-2.960000e+01,2.162000e+02,-8.320000e+01,-4.771580e-02,-7.355263e-02,-8.023684e-03,-3.451579e-02,1.756701e+00,-6.000000e+00,-8.300000e+00,-2.100000e+00
-2.436245e-01,-3.699421e-01,1.692421e-01,-4.206842e-02,-9.679178e+00,-3.360000e+01,2.225000e+02,-7.950000e+01,-4.758150e-02,-7.405263e-02,-5.523684e-03,-3.411579e-02,2.519748e+00,-6.000000e+00,-9.600000e+00,-1.900000e+00
-1.572826e-01,-2.607421e-01,1.867421e-01,-6.336842e-02,-8.399091e+00,-3.500000e+01,2.248000e+02,-7.740000e+01,-4.613501e-02,-7.435263e-02,-8.523684e-03,-3.511579e-02,3.228373e+00,-4.900000e+00,-1.070000e+01,-1.700000e+00
-9.826077e-02,-1.713421e-01,1.984421e-01,-8.976842e-02,-8.294602e+00,-3.500000e+01,2.248000e+02,-7.740000e+01,-4.800626e-02,-7.645263e-02,-1.082368e-02,-3.941579e-02,2.348992e+00,-5.900000e+00,-1.100000e+01,-2.800000e+00
-4.026481e-02,-7.024211e-02,2.100421e-01,-1.142684e-01,-2.041186e+00,-2.520000e+01,2.240000e+02,-7.670000e+01,-4.597977e-02,-7.575263e-02,-1.682368e-02,-4.141579e-02,2.740916e+00,-5.300000e+00,-1.220000e+01,-3.000000e+00
8.074858e-03,3.095789e-02,2.244421e-01,-1.397684e-01,2.322314e+00,-1.480000e+01,2.210000e+02,-7.760000e+01,-4.472364e-02,-7.575263e-02,-1.552368e-02,-4.051579e-02,2.766911e+00,-3.800000e+00,-1.290000e+01,-3.400000e+00
5.504457e-02,1.067579e-01,2.474421e-01,-1.428684e-01,4.151711e+00,-5.200000e+00,2.151000e+02,-7.950000e+01,-4.485269e-02,-7.395263e-02,-1.682368e-02,-4.261579e-02,1.810502e+00,-4.300000e+00,-1.280000e+01,-4.400000e+00
9.236556e-02,1.644579e-01,2.788421e-01,-1.429684e-01,5.448016e+00,3.700000e+00,2.091000e+02,-8.110000e+01,-4.637619e-02,-7.105263e-02,-1.582368e-02,-4.521579e-02,2.346565e+00,-3.600000e+00,-1.370000e+01,-4.300000e+00
1.212191e-01,2.103579e-01,3.024421e-01,-1.381684e-01,1.035924e+01,1.400000e+01,2.035000e+02,-7.880000e+01,-4.847975e-02,-6.825263e-02,-1.622368e-02,-4.911579e-02,1.092125e+00,-3.100000e+00,-1.170000e+01,-4.700000e+00
1.469278e-01,2.548579e-01,3.216421e-01,-1.297684e-01,1.402267e+01,2.030000e+01,2.016000e+02,-7.710000e+01,-5.052260e-02,-6.515263e-02,-1.902368e-02,-5.411579e-02,1.771410e-01,-1.900000e+00,-9.200000e+00,-4.500000e+00
1.547233e-01,2.757579e-01,3.130421e-01,-1.163684e-01,2.282331e+01,3.030000e+01,1.997000e+02,-7.080000e+01,-5.291680e-02,-6.165263e-02,-2.042368e-02,-5.891579e-02,-3.285598e-01,-1.000000e+00,-9.900000e+00,-5.500000e+00
1.556708e-01,2.871579e-01,2.969421e-01,-1.011684e-01,3.372639e+01,3.960000e+01,1.998000e+02,-6.230000e+01,-5.526081e-02,-5.795263e-02,-2.192368e-02,-6.361579e-02,-1.165652e+00,-1.000000e-01,-7.400000e+00,-5.200000e+00
1.533525e-01,2.892579e-01,2.786421e-01,-8.346842e-02,4.569035e+01,4.680000e+01,1.993000e+02,-5.130000e+01,-5.708018e-02,-5.475263e-02,-2.262368e-02,-6.721579e-02,-2.577846e+00,5.000000e-01,-5.600000e+00,-5.900000e+00
1.513475e-01,2.915579e-01,2.564421e-01,-6.216842e-02,5.797729e+01,5.260000e+01,2.001000e+02,-3.990000e+01,-5.812055e-02,-5.115263e-02,-2.232368e-02,-6.941579e-02,-2.925619e+00,8.000000e-01,-4.800000e+00,-5.900000e+00
1.445223e-01,2.811579e-01,2.325421e-01,-4.106842e-02,6.963961e+01,5.760000e+01,2.016000e+02,-2.920000e+01,-5.704002e-02,-4.905263e-02,-2.352368e-02,-6.991579e-02,-3.376795e+00,1.200000e+00,-4.900000e+00,-6.500000e+00
1.380930e-01,2.686579e-01,2.029421e-01,-1.606842e-02,7.713498e+01,6.270000e+01,2.029000e+02,-2.280000e+01,-5.775674e-02,-4.515263e-02,-2.092368e-02,-7.071579e-02,-3.972128e+00,1.700000e+00,-6.000000e+00,-7.800000e+00
1.301413e-01,2.599579e-01,1.692421e-01,9.631579e-03,7.957648e+01,6.590000e+01,2.028000e+02,-2.060000e+01,-5.899835e-02,-4.225263e-02,-1.652368e-02,-7.101579e-02,-3.662911e+00,-0.000000e+00,-5.600000e+00,-7.100000e+00
1.215012e-01,2.557579e-01,1.346421e-01,3.583158e-02,7.990933e+01,7.170000e+01,2.010000e+02,-2.020000e+01,-5.687033e-02,-4.095263e-02,-1.132368e-02,-6.701579e-02,-1.440947e+00,3.100000e+00,-7.200000e+00,-5.700000e+00
1.125392e-01,2.576579e-01,1.007421e-01,6.273158e-02,7.890383e+01,7.850000e+01,1.994000e+02,-2.130000e+01,-5.203855e-02,-4.375263e-02,-1.032368e-02,-6.171579e-02,-1.524147e+00,2.000000e+00,-7.200000e+00,-5.700000e+00
1.011074e-01,2.664579e-01,6.784211e-02,8.863158e-02,7.538498e+01,8.240000e+01,1.982000e+02,-2.490000e+01,-4.824649e-02,-4.345263e-02,-7.123684e-03,-5.691579e-02,7.985087e-01,1.600000e+00,-1.170000e+01,-5.400000e+00
8.486012e-02,2.790579e-01,3.734211e-02,1.107316e-01,7.267306e+01,8.090000e+01,1.970000e+02,-2.710000e+01,-4.311194e-02,-4.465263e-02,-4.923684e-03,-5.091579e-02,1.039068e+00,7.000000e-01,-1.200000e+01,-5.200000e+00
6.190659e-02,2.983579e-01,7.242105e-03,1.273316e-01,6.672290e+01,7.480000e+01,1.901000e+02,-2.980000e+01,-4.078316e-02,-4.335263e-02,-6.223684e-03,-5.031579e-02,3.080147e+00,1.000000e+00,-1.520000e+01,-4.600000e+00
3.194156e-02,3.300579e-01,-2.195789e-02,1.375316e-01,5.958827e+01,6.550000e+01,1.794000e+02,-3.190000e+01,-2.868350e-02,-5.025263e-02,-9.823684e-03,-3.901579e-02,2.310782e+00,1.800000e+00,-1.680000e+01,-6.400000e+00
-2.513791e-03,3.614579e-01,-4.705789e-02,1.440316e-01,5.948828e+01,6.550000e+01,1.794000e+02,-3.190000e+01,-2.299088e-02,-4.925263e-02,-8.323684e-03,-3.361579e-02,4.836331e+00,1.000000e-01,-2.660000e+01,-8.500000e+00
-4.088489e-02,3.940579e-01,-7.045789e-02,1.488316e-01,5.939940e+01,6.550000e+01,1.794000e+02,-3.190000e+01,-1.318741e-02,-5.045263e-02,-8.323684e-03,-2.431579e-02,7.733761e+00,-3.000000e+00,-3.430000e+01,-8.900000e+00
-1.111419e-01,4.601579e-01,-9.585789e-02,1.150316e-01,2.966840e+01,2.640000e+01,1.316000e+02,-4.190000e+01,-9.201663e-04,-5.485263e-02,-1.092368e-02,-1.351579e-02,1.201377e+01,-6.200000e+00,-4.600000e+01,-9.800000e+00
-1.969940e-01,5.402579e-01,-1.273579e-01,6.643158e-02,1.365456e+01,1.780000e+01,1.024000e+02,-4.400000e+01,1.411332e-02,-5.755263e-02,-1.202368e-02,8.842105e-04,1.479589e+01,-4.800000e+00,-5.300000e+01,-1.050000e+01
-2.980110e-01,6.348579e-01,-1.649579e-01,3.631579e-03,-2.347155e+00,1.870000e+01,7.350000e+01,-4.500000e+01,2.838439e-02,-5.985263e-02,-1.232368e-02,1.448421e-02,2.128706e+01,-6.900000e+00,-6.720000e+01,-1.030000e+01
-4.120651e-01,7.340579e-01,-2.119579e-01,-7.176842e-02,-1.476984e+01,2.420000e+01,4.450000e+01,-4.090000e+01,4.572203e-02,-5.905263e-02,-1.122368e-02,3.148421e-02,2.939703e+01,-7.800000e+00,-8.440000e+01,-1.000000e+01
-5.291466e-01,8.357579e-01,-2.490579e-01,-1.595684e-01,-1.466948e+01,2.300000e+01,2.970000e+01,-3.180000e+01,6.405825e-02,-6.065263e-02,-1.012368e-02,4.978421e-02,3.697995e+01,-1.160000e+01,-1.044000e+02,-1.130000e+01
-6.606104e-01,9.637579e-01,-3.034579e-01,-2.625684e-01,-2.581360e+01,8.300000e+00,-1.660000e+01,-1.890000e+01,8.427081e-02,-6.295263e-02,-8.223684e-03,7.088421e-02,4.496844e+01,-1.840000e+01,-1.277000e+02,-1.330000e+01
-7.785807e-01,1.107858e+00,-3.450579e-01,-3.674684e-01,-3.315527e+01,-8.600000e+00,-5.060000e+01,-9.500000e+00,1.078459e-01,-6.935263e-02,-1.236842e-04,1.009842e-01,5.391653e+01,-3.000000e+01,-1.536000e+02,-1.450000e+01
-9.173158e-01,1.339058e+00,-3.863579e-01,-5.076684e-01,-4.000507e+01,-4.850000e+01,-1.031000e+02,8.100000e+00,1.252035e-01,-6.965263e-02,1.117632e-02,1.259842e-01,6.386828e+01,-4.860000e+01,-1.861000e+02,-1.630000e+01
-1.114986e+00,1.314058e+00,-5.608579e-01,-7.276684e-01,-5.115610e+01,-8.490000e+01,-2.244000e+02,6.320000e+01,1.507358e-01,-8.275263e-02,1.847632e-02,1.651842e-01,6.940570e+01,-6.100000e+01,-2.066000e+02,-1.790000e+01
-9.592163e-01,1.364858e+00,-5.944579e-01,-6.478684e-01,-6.309813e+01,5.770000e+01,-3.370000e+02,1.295000e+02,1.805202e-01,-1.009526e-01,2.907632e-02,2.200842e-01,8.346398e+01,-8.970000e+01,-2.590000e+02,-2.250000e+01
-6.118791e-01,1.389458e+00,-4.282579e-01,-4.515684e-01,-5.399805e+01,2.890000e+01,-2.841000e+02,1.074000e+02,2.173311e-01,-1.296526e-01,3.747632e-02,3.008842e-01,1.015303e+02,-1.285000e+02,-3.324000e+02,-3.080000e+01
-2.482776e-01,1.398458e+00,-2.525579e-01,-2.413684e-01,-5.375561e+01,2.890000e+01,-2.841000e+02,1.074000e+02,2.434129e-01,-1.662526e-01,3.367632e-02,3.901842e-01,1.252362e+02,-1.673000e+02,-4.219000e+02,-4.190000e+01
-1.325705e-02,1.494758e+00,-1.293579e-01,-1.672684e-01,-5.236344e+01,-6.880000e+01,-2.798000e+02,1.159000e+02,2.658930e-01,-1.736526e-01,2.027632e-02,4.852842e-01,1.384022e+02,-1.887000e+02,-4.819000e+02,-5.550000e+01
2.383896e-01,1.581758e+00,6.442105e-03,-8.346842e-02,-5.232998e+01,-6.880000e+01,-2.798000e+02,1.159000e+02,3.066913e-01,-1.023526e-01,4.176316e-03,5.744842e-01,1.170647e+02,-2.068000e+02,-4.632000e+02,-5.920000e+01
4.941209e-01,1.660658e+00,1.358421e-01,9.931579e-03,-5.232527e+01,-6.880000e+01,-2.798000e+02,1.159000e+02,3.650349e-01,-1.995263e-02,-5.202368e-02,6.594842e-01,6.726222e+01,-2.149000e+02,-4.322000e+02,-1.036000e+02
7.615472e-01,1.708858e+00,2.852421e-01,1.188316e-01,-5.236763e+01,-6.880000e+01,-2.798000e+02,1.159000e+02,3.899449e-01,2.944737e-02,-1.142237e-01,7.163842e-01,1.730075e+01,-2.161000e+02,-3.636000e+02,-1.202000e+02
1.013219e+00,1.735858e+00,4.242421e-01,2.321316e-01,-5.247246e+01,-6.880000e+01,-2.798000e+02,1.159000e+02,4.393048e-01,9.924737e-02,-2.052237e-01,7.552842e-01,-1.658318e+01,-1.911000e+02,-3.070000e+02,-1.524000e+02
1.247139e+00,1.664758e+00,5.655421e-01,3.849316e-01,-5.264468e+01,-6.880000e+01,-2.798000e+02,1.159000e+02,4.959405e-01,1.544474e-01,-2.874237e-01,7.943842e-01,1.671077e+00,-8.030000e+01,-2.212000e+02,-1.646000e+02
1.688843e+00,1.849858e+00,8.399421e-01,6.174316e-01,-5.289351e+01,-6.880000e+01,-2.798000e+02,1.159000e+02,3.973938e-01,4.584737e-02,-2.837237e-01,7.900842e-01,-1.531942e+01,-1.280000e+01,-8.160000e+01,-1.268000e+02
1.797202e+00,1.959258e+00,9.735421e-01,5.501316e-01,-5.323019e+01,-6.880000e+01,-2.798000e+02,1.159000e+02,5.086940e-01,5.234737e-02,-4.127237e-01,8.526842e-01,-7.701707e+01,5.500000e+01,5.870000e+01,-2.047000e+02
1.768728e+00,2.063158e+00,9.119421e-01,4.019316e-01,-5.358372e+01,-6.880000e+01,-2.798000e+02,1.159000e+02,5.373578e-01,2.064737e-02,-4.257237e-01,8.805842e-01,-1.388844e+02,8.440000e+01,1.885000e+02,-2.387000e+02
1.751015e+00,2.167058e+00,8.504421e-01,2.537316e-01,-5.394978e+01,-6.880000e+01,-2.798000e+02,1.159000e+02,4.923209e-01,-9.315263e-02,-4.882237e-01,8.311842e-01,-1.501203e+02,9.470000e+01,2.133000e+02,-2.524000e+02
1.805464e+00,2.167058e+00,8.504421e-01,2.537316e-01,-5.426325e+01,-6.880000e+01,-2.798000e+02,1.159000e+02,3.819749e-01,-2.418526e-01,-5.601237e-01,7.181842e-01,-1.348276e+02,1.030000e+02,2.113000e+02,-2.348000e+02
1.852288e+00,2.167058e+00,8.504421e-01,2.537316e-01,-5.453644e+01,-6.880000e+01,-2.798000e+02,1.159000e+02,2.316111e-01,-4.377526e-01,-6.227237e-01,6.019842e-01,-1.184313e+02,7.980000e+01,2.366000e+02,-1.505000e+02
1.663248e+00,1.949658e+00,7.626421e-01,2.275316e-01,-3.544650e+00,-6.000000e+00,-4.100000e+00,2.500000e+00,8.953793e-02,-6.364526e-01,-6.863237e-01,4.889842e-01,-6.998127e+01,7.500000e+01,2.454000e+02,-5.180000e+01
1.473087e+00,1.731658e+00,6.762421e-01,1.994316e-01,-2.195449e+00,-3.300000e+00,-4.600000e+00,2.100000e+00,-1.886340e-02,-8.000526e-01,-7.474237e-01,3.774842e-01,-1.849613e+01,6.910000e+01,2.356000e+02,3.520000e+01
1.283470e+00,1.513658e+00,5.907421e-01,1.716316e-01,-1.401944e+00,-5.000000e-01,-4.900000e+00,7.000000e-01,-1.220167e-01,-9.618526e-01,-7.598237e-01,2.799842e-01,1.747274e+01,5.250000e+01,2.346000e+02,1.094000e+02
1.092773e+00,1.294958e+00,5.066421e-01,1.423316e-01,-1.253309e+00,6.000000e-01,-5.200000e+00,0.000000e+00,-1.870006e-01,-1.081053e+00,-7.690237e-01,1.807842e-01,3.705438e+01,3.610000e+01,2.436000e+02,1.601000e+02
9.021593e-01,1.076258e+00,4.235421e-01,1.127316e-01,-9.552677e-01,1.300000e+00,-5.700000e+00,0.000000e+00,-8.707795e-02,-1.015653e+00,-8.502237e-01,1.168842e-01,4.038533e+01,2.810000e+01,2.518000e+02,1.768000e+02
7.114874e-01,8.576579e-01,3.404421e-01,8.303158e-02,-9.595566e-01,1.300000e+00,-5.700000e+00,0.000000e+00,-1.633008e-01,-1.046353e+00,-7.837237e-01,-2.901579e-02,3.454850e+01,1.190000e+01,2.715000e+02,1.927000e+02
5.206888e-01,6.392579e-01,2.580421e-01,5.263158e-02,-1.336451e+00,1.300000e+00,-5.800000e+00,-5.000000e-01,-1.638505e-01,-1.012453e+00,-8.122237e-01,-1.626158e-01,7.646733e+00,-8.900000e+00,2.958000e+02,1.851000e+02
3.298554e-01,4.208579e-01,1.756421e-01,2.213158e-02,-1.340175e+00,1.300000e+00,-5.800000e+00,-5.000000e-01,-1.067699e-01,-8.767526e-01,-7.733237e-01,-2.227158e-01,-3.788889e+01,-3.350000e+01,3.239000e+02,1.572000e+02
1.391591e-01,2.024579e-01,9.324211e-02,-8.268421e-03,-1.343441e+00,1.300000e+00,-5.800000e+00,-5.000000e-01,-2.047542e-02,-7.246526e-01,-7.175237e-01,-2.166158e-01,-8.485456e+01,-5.380000e+01,3.510000e+02,1.244000e+02
-5.151091e-02,-1.594211e-02,1.084211e-02,-3.876842e-02,-1.346249e+00,1.300000e+00,-5.800000e+00,-5.000000e-01,5.137489e-02,-5.958526e-01,-6.674237e-01,-1.953158e-01,-1.279581e+02,-7.030000e+01,3.732000e+02,9.170000e+01
-5.443742e-02,-1.704211e-02,1.724211e-02,-4.526842e-02,-1.416344e+00,-4.000000e-01,-5.300000e+00,8.000000e-01,8.894797e-02,-4.688526e-01,-5.781237e-01,-1.654158e-01,-1.448419e+02,-7.650000e+01,3.815000e+02,7.880000e+01
-5.619298e-02,-1.704211e-02,2.194211e-02,-5.046842e-02,-2.341439e+00,-2.600000e+00,-3.900000e+00,9.000000e-01,1.292628e-01,-3.309526e-01,-4.812237e-01,-1.028158e-01,-1.740135e+02,-9.090000e+01,3.959000e+02,5.680000e+01
-5.843019e-02,-1.714211e-02,2.554211e-02,-5.576842e-02,-2.396952e+00,-3.100000e+00,-3.700000e+00,1.200000e+00,1.601448e-01,-2.051526e-01,-3.968237e-01,-2.921579e-02,-1.955304e+02,-1.136000e+02,4.036000e+02,4.050000e+01
-5.962665e-02,-1.584211e-02,2.814211e-02,-6.056842e-02,-1.800142e+00,-3.800000e+00,-1.700000e+00,1.800000e+00,1.781137e-01,-9.765263e-02,-3.214237e-01,5.178421e-02,-2.124523e+02,-1.387000e+02,4.093000e+02,2.710000e+01
-6.091057e-02,-1.504211e-02,2.974211e-02,-6.456842e-02,-1.856700e+00,-4.300000e+00,-1.300000e+00,2.000000e+00,1.934375e-01,-5.752632e-03,-2.631237e-01,1.435842e-01,-2.226714e+02,-1.559000e+02,4.080000e+02,1.450000e+01
-6.137609e-02,-1.384211e-02,3.234211e-02,-6.826842e-02,-1.477745e+00,-4.800000e+00,-4.000000e-01,2.600000e+00,2.061555e-01,1.076474e-01,-2.270237e-01,2.434842e-01,-2.224317e+02,-1.743000e+02,3.991000e+02,7.600000e+00
-6.174309e-02,-1.364211e-02,3.514211e-02,-7.096842e-02,-1.490984e+00,-5.400000e+00,-1.000000e-01,3.000000e+00,2.104361e-01,2.262474e-01,-2.094237e-01,3.472842e-01,-2.187956e+02,-1.860000e+02,3.887000e+02,2.900000e+00
-6.219202e-02,-1.344211e-02,3.794211e-02,-7.376842e-02,-1.482475e+00,-5.400000e+00,-1.000000e-01,3.000000e+00,1.899233e-01,3.589474e-01,-2.008237e-01,4.427842e-01,-2.160017e+02,-1.899000e+02,3.808000e+02,-6.000000e-01
-6.258992e-02,-1.314211e-02,4.074211e-02,-7.656842e-02,-1.473966e+00,-5.400000e+00,-1.000000e-01,3.000000e+00,1.288157e-01,5.027474e-01,-1.910237e-01,5.109842e-01,-2.090513e+02,-1.975000e+02,3.583000e+02,-1.330000e+01
-6.306586e-02,-1.294211e-02,4.354211e-02,-7.936842e-02,-1.465435e+00,-5.400000e+00,-1.000000e-01,3.000000e+00,9.216483e-02,6.666474e-01,-2.140237e-01,5.816842e-01,-1.826453e+02,-1.275000e+02,2.829000e+02,-2.620000e+01
-6.148560e-02,-1.354211e-02,4.404211e-02,-7.716842e-02,-2.868709e+00,-9.300000e+00,-2.700000e+00,5.800000e+00,-6.889864e-02,8.977474e-01,-1.702237e-01,5.650842e-01,-1.353574e+02,-1.516000e+02,2.202000e+02,-3.050000e+01
-5.948934e-02,-1.444211e-02,4.494211e-02,-7.426842e-02,-2.854102e+00,-9.300000e+00,-2.700000e+00,5.800000e+00,-2.975866e-01,1.106647e+00,-7.562368e-02,4.961842e-01,-7.634445e+01,-1.497000e+02,1.686000e+02,5.100000e+00
-5.760736e-02,-1.534211e-02,4.614211e-02,-7.166842e-02,-2.839489e+00,-9.300000e+00,-2.700000e+00,5.800000e+00,-5.304136e-01,1.297347e+00,2.176316e-03,3.715842e-01,-1.223063e+01,-1.440000e+02,9.110000e+01,1.980000e+01
-5.554261e-02,-1.684211e-02,4.694211e-02,-6.806842e-02,-2.824870e+00,-9.300000e+00,-2.700000e+00,5.800000e+00,-7.801084e-01,1.491047e+00,9.997632e-02,2.308842e-01,1.694939e+01,-1.266000e+02,5.300000e+01,3.030000e+01
-5.359555e-02,-1.794211e-02,4.764211e-02,-6.496842e-02,-2.810271e+00,-9.300000e+00,-2.700000e+00,5.800000e+00,-1.009461e+00,1.692447e+00,1.888763e-01,7.208421e-02,6.367765e+01,-5.440000e+01,-2.850000e+01,4.380000e+01
-5.238472e-02,-1.954211e-02,4.744211e-02,-6.206842e-02,-2.795648e+00,-9.300000e+00,-2.700000e+00,5.800000e+00,-1.199826e+00,1.865347e+00,2.643763e-01,-8.831579e-02,9.565009e+01,2.390000e+01,-9.110000e+01,5.990000e+01
-5.109741e-02,-2.034211e-02,4.624211e-02,-5.936842e-02,-2.781034e+00,-9.300000e+00,-2.700000e+00,5.800000e+00,-1.344140e+00,1.962547e+00,3.138763e-01,-2.679158e-01,1.271751e+02,1.519000e+02,-1.529000e+02,1.036000e+02
-4.970334e-02,-2.114211e-02,4.514211e-02,-5.656842e-02,-2.766424e+00,-9.300000e+00,-2.700000e+00,5.800000e+00,-1.485209e+00,2.032747e+00,3.639763e-01,-4.470158e-01,1.274861e+02,1.519000e+02,-1.529000e+02,1.036000e+02
-4.833348e-02,-2.194211e-02,4.394211e-02,-5.376842e-02,-2.751813e+00,-9.300000e+00,-2.700000e+00,5.800000e+00,-1.279102e+00,1.707847e+00,4.639763e-01,-3.540158e-01,2.611868e+02,1.297000e+02,-4.064000e+02,1.550000e+01
-2.312458e-02,-3.294211e-02,2.654211e-02,8.031579e-03,-1.403609e+01,7.800000e+00,-9.360000e+01,1.310000e+01,-1.319517e+00,1.665547e+00,7.469763e-01,-3.626158e-01,1.743356e+02,1.538000e+02,-3.988000e+02,-9.830000e+01
-8.844971e-03,-5.144211e-02,3.474211e-02,5.703158e-02,-2.026823e+01,1.740000e+01,-1.337000e+02,1.250000e+01,-1.333717e+00,1.519047e+00,1.040476e+00,-3.458158e-01,1.580187e+02,1.360000e+02,-3.812000e+02,-1.096000e+02
2.924031e-03,-6.984211e-02,4.294211e-02,1.060316e-01,-2.030061e+01,1.740000e+01,-1.337000e+02,1.250000e+01,-1.106705e+00,1.395647e+00,1.052976e+00,-1.926158e-01,1.000850e+02,1.860000e+01,-2.975000e+02,-1.344000e+02
2.520484e-03,-9.394211e-02,4.374211e-02,1.638316e-01,-3.191928e+01,2.310000e+01,-2.160000e+02,2.680000e+01,-6.940576e-01,1.263147e+00,8.862763e-01,6.378421e-02,1.337711e+01,6.630000e+01,-2.231000e+02,-1.785000e+02
-1.004090e-02,-1.208421e-01,4.964211e-02,2.229316e-01,-3.908494e+01,2.610000e+01,-2.684000e+02,3.720000e+01,-3.669571e-01,1.185947e+00,6.589763e-01,1.574842e-01,2.597285e+01,1.661000e+02,-2.126000e+02,-1.475000e+02
-3.048067e-02,-1.477421e-01,5.564211e-02,2.819316e-01,-3.911866e+01,2.610000e+01,-2.684000e+02,3.720000e+01,-1.686637e-01,1.082447e+00,5.630763e-01,2.552842e-01,2.658479e+00,1.321000e+02,-1.159000e+02,-9.610000e+01
-7.505977e-02,-1.708421e-01,5.874211e-02,3.316316e-01,-4.213711e+01,3.430000e+01,-3.465000e+02,6.210000e+01,-4.001873e-02,8.492474e-01,5.063763e-01,3.677842e-01,-4.910432e+01,7.560000e+01,3.240000e+01,-4.080000e+01
-1.194106e-01,-1.617421e-01,4.654211e-02,3.710316e-01,-4.447667e+01,4.250000e+01,-3.874000e+02,6.810000e+01,6.916802e-02,6.675474e-01,4.564763e-01,4.540842e-01,-1.880625e+01,6.580000e+01,-8.900000e+00,-3.410000e+01
-1.326022e-01,-9.874211e-02,1.674211e-02,4.072316e-01,-3.743241e+01,5.830000e+01,-3.947000e+02,5.910000e+01,1.738656e-01,4.807474e-01,4.312763e-01,5.591842e-01,-1.625474e+01,5.900000e+01,-3.200000e+00,-2.620000e+01
-1.183521e-01,-3.042105e-03,-2.325789e-02,4.330316e-01,-2.180632e+01,7.520000e+01,-3.472000e+02,2.750000e+01,1.169476e-01,6.681474e-01,3.324763e-01,3.907842e-01,-8.522788e+00,3.870000e+01,-8.500000e+00,-1.930000e+01
-1.365908e-01,6.355789e-02,-2.765789e-02,3.739316e-01,-1.004432e+01,8.200000e+01,-2.932000e+02,-7.000000e-01,1.950746e-01,5.488474e-01,8.777632e-02,3.085842e-01,-1.303542e+01,3.510000e+01,-1.500000e+00,-1.960000e+01
-1.550047e-01,1.184579e-01,-4.235789e-02,3.162316e-01,-2.575382e+01,5.580000e+01,-2.577000e+02,-7.600000e+00,3.491434e-01,4.562474e-01,-1.972237e-01,2.961842e-01,-1.429197e+01,3.430000e+01,7.200000e+00,-1.490000e+01
-1.760322e-01,1.602579e-01,-4.785789e-02,2.541316e-01,-4.162752e+01,3.490000e+01,-2.444000e+02,-9.300000e+00,2.989380e-01,3.466474e-01,-2.571237e-01,1.973842e-01,-5.904825e+00,1.920000e+01,8.000000e-01,-8.100000e+00
-1.964375e-01,1.935579e-01,-4.165789e-02,1.735316e-01,-7.329639e+01,-2.300000e+00,-2.321000e+02,-1.210000e+01,9.675508e-02,2.582474e-01,-1.530237e-01,2.748421e-02,-2.585850e+00,9.900000e+00,-1.800000e+00,-5.200000e+00
-2.106308e-01,2.296579e-01,-4.055789e-02,9.173158e-02,-7.333223e+01,-2.300000e+00,-2.321000e+02,-1.210000e+01,1.532255e-03,1.041474e-01,-1.012368e-02,2.178421e-02,-3.200953e+00,8.200000e+00,-9.000000e-01,-5.200000e+00
-2.611730e-01,2.256579e-01,-7.925789e-02,-3.976842e-02,-1.215419e+02,-7.260000e+01,-1.593000e+02,-3.880000e+01,-2.114982e-02,-3.265263e-02,1.127632e-02,1.898421e-02,-1.953902e+00,6.500000e+00,-7.000000e-01,-3.400000e+00
-3.064522e-01,1.710579e-01,-5.665789e-02,-3.366842e-02,-1.461100e+02,-1.255000e+02,-5.950000e+01,-8.200000e+01,-4.664229e-02,-4.355263e-02,9.176316e-03,-1.341579e-02,-1.992168e+00,3.400000e+00,-7.000000e-01,-3.200000e+00
-3.717078e-01,8.615789e-02,-4.925789e-02,-2.726842e-02,-1.575220e+02,-1.650000e+02,1.710000e+01,-6.690000e+01,-5.386176e-02,-5.075263e-02,3.257632e-02,-5.815789e-03,-1.779224e+00,2.400000e+00,1.000000e-01,-2.300000e+00
-4.799053e-01,-5.254211e-02,-2.425789e-02,-1.766842e-02,-1.575547e+02,-1.650000e+02,1.710000e+01,-6.690000e+01,-6.121161e-02,-5.295263e-02,2.937632e-02,-1.721579e-02,-3.808448e-01,-5.000000e-01,-1.400000e+00,-1.400000e+00
-6.572670e-01,-2.624421e-01,-1.145789e-02,-4.476842e-02,-1.523744e+02,-1.759000e+02,5.370000e+01,-4.320000e+01,-6.646627e-02,-5.575263e-02,4.357632e-02,-1.371579e-02,7.294510e-01,-2.700000e+00,-1.600000e+00,0.000000e+00
-7.453748e-01,-3.859421e-01,3.742105e-03,-3.766842e-02,-1.265083e+02,-1.545000e+02,7.250000e+01,-4.520000e+01,-6.817205e-02,-6.305263e-02,5.637632e-02,-6.515789e-03,5.798752e-01,-2.000000e+00,-1.400000e+00,-1.000000e-01
-7.894664e-01,-4.764421e-01,3.554211e-02,-2.846842e-02,-1.094118e+02,-1.450000e+02,1.083000e+02,-6.620000e+01,-6.225122e-02,-6.725263e-02,3.147632e-02,-1.641579e-02,5.828595e-01,-2.200000e+00,-1.000000e+00,2.000000e-01
-8.020531e-01,-5.450421e-01,7.884211e-02,-2.316842e-02,-1.168476e+02,-1.574000e+02,1.354000e+02,-9.230000e+01,-6.278435e-02,-6.645263e-02,6.576316e-03,-3.461579e-02,9.723873e-01,-2.900000e+00,-2.200000e+00,-1.000000e-01
-7.750369e-01,-5.774421e-01,1.180421e-01,-1.216842e-02,-1.401595e+02,-1.810000e+02,1.477000e+02,-1.187000e+02,-6.498308e-02,-6.875263e-02,3.776316e-03,-3.911579e-02,2.842559e-01,-3.400000e+00,-1.200000e+00,-2.000000e-01
-6.513908e-01,-5.009421e-01,1.609421e-01,-1.646842e-02,-1.673104e+02,-1.978000e+02,1.414000e+02,-1.549000e+02,-6.446379e-02,-7.075263e-02,-3.236842e-04,-4.121579e-02,6.314747e-01,-3.100000e+00,-1.200000e+00,2.000000e-01
-5.047431e-01,-4.165421e-01,2.418421e-01,-1.466842e-02,-1.824757e+02,-2.042000e+02,1.380000e+02,-1.817000e+02,-6.533285e-02,-7.185263e-02,-3.423684e-03,-4.441579e-02,7.545801e-01,-2.500000e+00,-1.200000e+00,3.000000e-01
-3.638798e-01,-2.483421e-01,2.754421e-01,-1.549684e-01,-2.064811e+02,-2.010000e+02,1.067000e+02,-2.235000e+02,-6.526464e-02,-7.355263e-02,-4.123684e-03,-4.461579e-02,6.157025e-01,-3.200000e+00,1.000000e-01,1.100000e+00
-2.070167e-01,-4.964211e-02,3.218421e-01,-2.869684e-01,-2.371152e+02,-2.078000e+02,6.910000e+01,-2.485000e+02,-6.500503e-02,-7.395263e-02,-1.122368e-02,-4.921579e-02,7.472121e-01,-2.600000e+00,-2.000000e-01,1.000000e+00
-6.633060e-02,1.489579e-01,3.683421e-01,-4.189684e-01,-2.371713e+02,-2.078000e+02,6.910000e+01,-2.485000e+02,-6.561836e-02,-7.425263e-02,-1.572368e-02,-5.311579e-02,8.373544e-01,-2.700000e+00,-8.000000e-01,7.000000e-01
1.181285e-01,3.861579e-01,4.372421e-01,-5.038684e-01,-2.372108e+02,-2.078000e+02,6.910000e+01,-2.485000e+02,-6.618595e-02,-7.455263e-02,-1.592368e-02,-5.401579e-02,1.225084e+00,-3.100000e+00,-2.100000e+00,3.000000e-01
1.874304e-01,4.925579e-01,4.574421e-01,-5.475684e-01,-2.196711e+02,-1.775000e+02,3.830000e+01,-2.281000e+02,-6.612186e-02,-7.475263e-02,-1.802368e-02,-5.541579e-02,9.707740e-01,-3.200000e+00,-1.100000e+00,7.000000e-01
2.079858e-01,5.403579e-01,4.593421e-01,-5.692684e-01,-1.723307e+02,-1.633000e+02,6.660000e+01,-1.794000e+02,-6.616083e-02,-7.445263e-02,-1.872368e-02,-5.601579e-02,5.746758e-01,-2.900000e+00,-8.000000e-01,4.000000e-01
2.347254e-01,6.165579e-01,4.393421e-01,-5.860684e-01,-1.523949e+02,-1.632000e+02,7.330000e+01,-1.462000e+02,-6.656477e-02,-7.405263e-02,-1.812368e-02,-5.611579e-02,6.562410e-01,-3.100000e+00,-4.000000e-01,8.000000e-01
2.288909e-01,6.637579e-01,4.048421e-01,-6.047684e-01,-1.281591e+02,-1.681000e+02,7.380000e+01,-9.380000e+01,-6.685961e-02,-7.325263e-02,-1.792368e-02,-5.641579e-02,4.955510e-01,-2.600000e+00,-2.000000e-01,7.000000e-01
1.604858e-01,6.019579e-01,3.756421e-01,-6.085684e-01,-9.741499e+01,-1.416000e+02,7.340000e+01,-6.990000e+01,-6.679521e-02,-7.325263e-02,-1.892368e-02,-5.701579e-02,7.488993e-01,-2.800000e+00,-1.000000e-01,1.100000e+00
1.353787e-01,5.474579e-01,3.701421e-01,-5.682684e-01,-7.654525e+01,-1.141000e+02,8.900000e+01,-7.860000e+01,-6.626780e-02,-7.335263e-02,-2.052368e-02,-5.751579e-02,2.751158e-01,-1.800000e+00,0.000000e+00,5.000000e-01
1.005622e-01,4.638579e-01,3.552421e-01,-5.112684e-01,-6.606356e+01,-9.620000e+01,9.290000e+01,-8.360000e+01,-6.625211e-02,-7.335263e-02,-2.092368e-02,-5.781579e-02,4.357390e-01,-1.500000e+00,-1.000000e-01,6.000000e-01
5.878953e-02,3.458579e-01,3.502421e-01,-4.468684e-01,-5.460232e+01,-8.120000e+01,9.740000e+01,-8.380000e+01,-6.558547e-02,-7.285263e-02,-2.222368e-02,-5.791579e-02,-3.452912e-01,-1.500000e+00,1.400000e+00,7.000000e-01
2.282704e-02,2.277579e-01,3.451421e-01,-3.824684e-01,-5.462015e+01,-8.120000e+01,9.740000e+01,-8.380000e+01,-6.485404e-02,-7.285263e-02,-2.462368e-02,-5.881579e-02,-4.631568e-01,-3.000000e-01,2.000000e-01,-4.000000e-01
-6.995637e-03,1.097579e-01,3.400421e-01,-3.179684e-01,-5.463063e+01,-8.120000e+01,9.740000e+01,-8.380000e+01,-6.456678e-02,-7.295263e-02,-2.562368e-02,-5.921579e-02,-5.323202e-01,-2.000000e-01,9.000000e-01,0.000000e+00
