LAV,LAX,LAY,LAZ,LRV,LRX,LRY,LRZ,RAV,RAX,RAY,RAZ,RRV,RRX,RRY,RRZ
3.202908e-03,7.300000e-03,2.899737e-02,-1.647105e-02,-5.343323e-02,-1.100000e+00,1.400000e+00,-1.000000e-01,-1.020577e-03,2.423421e-02,-1.043526e-01,-5.725789e-02,-6.029697e-01,6.000000e-01,4.000000e-01,-1.100000e+00
-9.675702e-04,4.900000e-03,1.789737e-02,-1.417105e-02,5.547370e-02,-8.000000e-01,1.500000e+00,-2.000000e-01,2.101521e-03,2.433421e-02,-1.055526e-01,-5.365789e-02,-1.516899e-01,5.000000e-01,2.000000e-01,-5.000000e-01
2.105623e-03,4.500000e-03,2.129737e-02,-1.167105e-02,3.354011e-02,-9.000000e-01,1.200000e+00,0.000000e+00,2.054342e-03,2.353421e-02,-1.062526e-01,-5.345789e-02,-1.148012e+00,7.000000e-01,1.400000e+00,-1.400000e+00
1.791431e-03,4.600000e-03,2.149737e-02,-1.227105e-02,-3.470454e-02,-1.000000e+00,8.000000e-01,2.000000e-01,9.091289e-04,2.213421e-02,-1.072526e-01,-5.445789e-02,-6.959106e-01,6.000000e-01,1.200000e+00,-8.000000e-01
1.323563e-03,4.400000e-03,2.259737e-02,-1.337105e-02,2.420648e-01,-9.000000e-01,8.000000e-01,5.000000e-01,9.201293e-04,2.243421e-02,-1.064526e-01,-5.425789e-02,-8.819503e-01,9.000000e-01,1.000000e+00,-1.400000e+00
1.809358e-04,3.800000e-03,2.149737e-02,-1.387105e-02,6.118345e-01,-1.200000e+00,1.700000e+00,7.000000e-01,1.077044e-03,2.343421e-02,-1.055526e-01,-5.435789e-02,-1.181448e-01,1.500000e+00,-1.000000e-01,-1.400000e+00
-1.978005e-04,3.900000e-03,2.279737e-02,-1.517105e-02,-5.393744e-01,-1.800000e+00,4.000000e-01,3.000000e-01,6.730208e-04,2.433421e-02,-1.048526e-01,-5.525789e-02,-7.539272e-02,1.300000e+00,1.200000e+00,-5.000000e-01
7.777661e-05,4.000000e-03,2.279737e-02,-1.487105e-02,-1.945769e-01,-1.600000e+00,8.000000e-01,4.000000e-01,5.704266e-04,2.503421e-02,-1.050526e-01,-5.605789e-02,-2.916690e-02,1.500000e+00,1.000000e+00,-7.000000e-01
-4.780424e-04,3.600000e-03,2.339737e-02,-1.567105e-02,-2.824599e-01,-1.400000e+00,7.000000e-01,2.000000e-01,3.222916e-04,2.473421e-02,-1.048526e-01,-5.605789e-02,-4.897233e-01,1.800000e+00,1.900000e+00,-1.100000e+00
-4.940085e-04,3.700000e-03,2.359737e-02,-1.587105e-02,-7.676848e-01,-2.500000e+00,9.000000e-01,2.000000e-01,8.648977e-04,2.473421e-02,-1.047526e-01,-5.525789e-02,-3.713955e-01,1.800000e+00,1.400000e+00,-1.200000e+00
-1.017470e-03,3.800000e-03,2.329737e-02,-1.647105e-02,-3.493341e-01,-1.900000e+00,1.700000e+00,-1.000000e-01,1.217478e-03,2.473421e-02,-1.041526e-01,-5.445789e-02,-9.845665e-01,1.700000e+00,2.100000e+00,-1.600000e+00
-6.633914e-04,3.700000e-03,2.409737e-02,-1.637105e-02,-7.406218e-01,-2.400000e+00,1.200000e+00,0.000000e+00,1.452835e-03,2.453421e-02,-1.033526e-01,-5.355789e-02,-9.343300e-01,2.100000e+00,2.000000e+00,-1.900000e+00
-1.124506e-03,3.600000e-03,2.419737e-02,-1.697105e-02,-3.843098e-01,-2.000000e+00,1.200000e+00,2.000000e-01,1.791728e-03,2.523421e-02,-1.016526e-01,-5.275789e-02,-6.891908e-01,1.700000e+00,1.900000e+00,-1.300000e+00
-1.196388e-03,3.400000e-03,2.409737e-02,-1.687105e-02,-7.752322e-01,-2.500000e+00,7.000000e-01,3.000000e-01,2.236204e-03,2.573421e-02,-9.995263e-02,-5.165789e-02,-1.341299e+00,1.200000e+00,2.100000e+00,-1.700000e+00
-1.116259e-03,3.300000e-03,2.369737e-02,-1.647105e-02,-5.809101e-01,-2.300000e+00,1.100000e+00,2.000000e-01,2.171400e-03,2.583421e-02,-9.885263e-02,-5.125789e-02,-9.682825e-01,1.200000e+00,1.500000e+00,-1.500000e+00
-6.717948e-04,3.600000e-03,2.349737e-02,-1.597105e-02,-4.818978e-01,-2.300000e+00,1.700000e+00,0.000000e+00,2.450516e-03,2.543421e-02,-9.865263e-02,-5.045789e-02,-7.772330e-01,1.100000e+00,2.000000e+00,-9.000000e-01
-4.190475e-04,3.700000e-03,2.199737e-02,-1.487105e-02,-4.818956e-01,-2.300000e+00,1.700000e+00,0.000000e+00,2.676822e-03,2.443421e-02,-9.845263e-02,-4.925789e-02,-1.747883e+00,5.000000e-01,2.700000e+00,-1.400000e+00
-6.214255e-04,3.500000e-03,2.139737e-02,-1.467105e-02,-6.000516e-02,-1.000000e+00,1.100000e+00,0.000000e+00,2.945242e-03,2.403421e-02,-9.725263e-02,-4.795789e-02,-1.799057e+00,2.000000e-01,1.800000e+00,-1.700000e+00
-7.986194e-04,3.600000e-03,1.939737e-02,-1.387105e-02,-3.678604e-01,-1.000000e+00,9.000000e-01,-3.000000e-01,3.286121e-03,2.393421e-02,-9.675263e-02,-4.715789e-02,-1.820627e+00,3.000000e-01,2.400000e+00,-1.500000e+00
-1.117005e-03,3.400000e-03,1.869737e-02,-1.377105e-02,-4.952899e-01,-6.000000e-01,1.000000e+00,-8.000000e-01,2.978288e-03,2.313421e-02,-9.695263e-02,-4.705789e-02,-2.451671e+00,4.000000e-01,2.100000e+00,-2.600000e+00
-5.057341e-04,3.000000e-03,1.849737e-02,-1.257105e-02,-3.304639e-01,-3.000000e-01,3.000000e-01,-4.000000e-01,2.657640e-03,2.243421e-02,-9.755263e-02,-4.725789e-02,-2.423295e+00,7.000000e-01,1.900000e+00,-2.900000e+00
-6.915941e-04,2.700000e-03,1.769737e-02,-1.217105e-02,-3.304579e-01,-3.000000e-01,3.000000e-01,-4.000000e-01,2.366053e-03,2.133421e-02,-9.865263e-02,-4.735789e-02,-2.628357e+00,6.000000e-01,2.100000e+00,-3.000000e+00
-6.859556e-04,2.400000e-03,1.699737e-02,-1.157105e-02,-3.304542e-01,-3.000000e-01,3.000000e-01,-4.000000e-01,2.379592e-03,2.083421e-02,-9.965263e-02,-4.745789e-02,-2.471576e+00,8.000000e-01,1.400000e+00,-3.300000e+00
-5.828646e-04,2.600000e-03,1.699737e-02,-1.157105e-02,-7.280477e-01,-7.000000e-01,2.000000e-01,-6.000000e-01,2.884628e-03,2.043421e-02,-1.002526e-01,-4.675789e-02,-2.776836e+00,1.100000e+00,1.700000e+00,-3.800000e+00
-6.376520e-04,2.800000e-03,1.679737e-02,-1.167105e-02,-7.280551e-01,-7.000000e-01,2.000000e-01,-6.000000e-01,2.950069e-03,1.913421e-02,-1.012526e-01,-4.615789e-02,-3.931792e+00,1.200000e+00,2.600000e+00,-5.000000e+00
-7.855585e-04,3.000000e-03,1.709737e-02,-1.217105e-02,-7.290226e-01,-3.000000e-01,-3.000000e-01,-6.000000e-01,3.085735e-03,1.923421e-02,-1.022526e-01,-4.655789e-02,-3.032194e+00,2.000000e+00,2.000000e+00,-4.700000e+00
-5.887402e-04,2.900000e-03,1.769737e-02,-1.217105e-02,-7.268362e-01,-1.000000e-01,0.000000e+00,-9.000000e-01,3.077886e-03,1.883421e-02,-1.028526e-01,-4.655789e-02,-3.326789e+00,2.000000e+00,2.200000e+00,-5.000000e+00
-1.220448e-03,3.100000e-03,1.809737e-02,-1.337105e-02,-6.607821e-01,-7.000000e-01,0.000000e+00,-4.000000e-01,2.891463e-03,1.793421e-02,-1.033526e-01,-4.635789e-02,-2.555986e+00,2.700000e+00,1.200000e+00,-5.000000e+00
-4.883819e-04,3.300000e-03,1.979737e-02,-1.347105e-02,-4.995287e-01,1.000000e-01,3.000000e-01,-9.000000e-01,2.676813e-03,1.783421e-02,-1.017526e-01,-4.575789e-02,-2.786066e+00,2.100000e+00,3.000000e-01,-5.300000e+00
1.634063e-04,3.500000e-03,2.039737e-02,-1.307105e-02,-4.994784e-01,1.000000e-01,3.000000e-01,-9.000000e-01,2.963354e-03,1.893421e-02,-9.925263e-02,-4.495789e-02,-2.087255e+00,1.200000e+00,-1.400000e+00,-4.500000e+00
-3.628806e-04,4.000000e-03,2.049737e-02,-1.417105e-02,-8.297849e-01,-3.000000e-01,0.000000e+00,-9.000000e-01,3.390695e-03,1.983421e-02,-9.605263e-02,-4.345789e-02,-1.794401e+00,3.000000e-01,-2.600000e+00,-4.000000e+00
-7.440266e-05,4.500000e-03,2.129737e-02,-1.457105e-02,-7.971321e-01,-8.000000e-01,7.000000e-01,-9.000000e-01,3.628458e-03,2.103421e-02,-9.305263e-02,-4.255789e-02,-1.302858e+00,-5.000000e-01,-2.800000e+00,-2.800000e+00
2.039550e-04,4.900000e-03,2.219737e-02,-1.497105e-02,-7.970837e-01,-8.000000e-01,7.000000e-01,-9.000000e-01,3.753296e-03,2.113421e-02,-9.185263e-02,-4.185789e-02,-8.096104e-01,-1.300000e+00,-4.000000e+00,-2.100000e+00
2.948725e-06,4.900000e-03,2.189737e-02,-1.507105e-02,-8.984039e-01,-2.600000e+00,7.000000e-01,2.000000e-01,3.315276e-03,2.133421e-02,-9.095263e-02,-4.215789e-02,-1.057284e+00,-1.600000e+00,-4.000000e+00,-2.200000e+00
5.487212e-05,5.100000e-03,2.159737e-02,-1.497105e-02,-4.319102e-01,-1.900000e+00,1.500000e+00,-1.000000e-01,3.244356e-03,2.293421e-02,-9.005263e-02,-4.305789e-02,-5.986156e-01,-8.000000e-01,-4.800000e+00,-2.600000e+00
3.108881e-04,4.900000e-03,2.119737e-02,-1.427105e-02,-1.660642e-01,-8.000000e-01,1.500000e+00,-5.000000e-01,2.624535e-03,2.313421e-02,-8.785263e-02,-4.295789e-02,-9.749104e-01,-1.700000e+00,-3.800000e+00,-1.900000e+00
1.626083e-04,4.900000e-03,2.029737e-02,-1.397105e-02,3.537304e-01,-6.000000e-01,1.600000e+00,0.000000e+00,2.836319e-03,2.483421e-02,-8.615263e-02,-4.315789e-02,-1.186016e+00,-1.300000e+00,-3.800000e+00,-2.500000e+00
6.419162e-04,4.900000e-03,1.909737e-02,-1.267105e-02,-7.208844e-02,-2.000000e-01,8.000000e-01,-4.000000e-01,3.063718e-03,2.693421e-02,-8.425263e-02,-4.355789e-02,-9.703263e-01,-1.300000e+00,-4.000000e+00,-2.300000e+00
7.711826e-04,5.000000e-03,1.819737e-02,-1.207105e-02,-1.921713e-01,1.000000e-01,5.000000e-01,-6.000000e-01,2.956503e-03,2.813421e-02,-8.325263e-02,-4.415789e-02,-7.668625e-01,-1.700000e+00,-4.200000e+00,-1.800000e+00
2.311863e-04,4.500000e-03,1.769737e-02,-1.217105e-02,6.357063e-01,1.000000e+00,1.200000e+00,-5.000000e-01,2.625413e-03,2.863421e-02,-8.315263e-02,-4.495789e-02,-5.885221e-01,-2.900000e+00,-4.400000e+00,-7.000000e-01
9.385242e-04,4.400000e-03,1.789737e-02,-1.127105e-02,1.283321e-01,3.000000e-01,3.000000e-01,-2.000000e-01,2.381989e-03,2.903421e-02,-8.325263e-02,-4.565789e-02,5.147908e-01,-2.500000e+00,-5.000000e+00,2.000000e-01
-3.340938e-05,4.000000e-03,1.749737e-02,-1.207105e-02,-1.165311e-01,-0.000000e+00,-1.000000e-01,-1.000000e-01,1.830946e-03,2.953421e-02,-8.355263e-02,-4.695789e-02,7.513932e-01,-2.900000e+00,-6.700000e+00,0.000000e+00
-1.738014e-04,4.100000e-03,1.739737e-02,-1.227105e-02,1.498622e-01,1.000000e-01,6.000000e-01,-2.000000e-01,1.331347e-03,3.043421e-02,-8.335263e-02,-4.825789e-02,8.003006e-01,-3.500000e+00,-6.200000e+00,8.000000e-01
-5.590749e-04,4.000000e-03,1.749737e-02,-1.277105e-02,-5.574652e-01,-5.000000e-01,0.000000e+00,-4.000000e-01,1.276909e-03,3.203421e-02,-8.305263e-02,-4.945789e-02,1.199471e-01,-4.600000e+00,-6.500000e+00,6.000000e-01
-2.379852e-04,3.900000e-03,1.839737e-02,-1.277105e-02,-2.459235e-01,-7.000000e-01,1.000000e+00,-4.000000e-01,1.085235e-03,3.283421e-02,-8.145263e-02,-4.955789e-02,6.678373e-01,-4.400000e+00,-7.100000e+00,9.000000e-01
-4.698746e-04,3.600000e-03,1.929737e-02,-1.337105e-02,-1.564414e-01,-4.000000e-01,3.000000e-01,-1.000000e-01,1.506848e-03,3.443421e-02,-8.025263e-02,-4.965789e-02,9.308493e-01,-4.500000e+00,-7.000000e+00,1.400000e+00
-2.040559e-05,3.800000e-03,2.049737e-02,-1.357105e-02,-2.655363e-01,-1.000000e+00,6.000000e-01,0.000000e+00,1.265349e-03,3.533421e-02,-7.935263e-02,-5.025789e-02,7.534705e-01,-5.600000e+00,-6.500000e+00,2.300000e+00
4.374122e-05,3.800000e-03,2.119737e-02,-1.387105e-02,-2.697006e-01,-6.000000e-01,1.000000e+00,-5.000000e-01,1.083564e-03,3.583421e-02,-8.025263e-02,-5.135789e-02,5.673500e-01,-5.600000e+00,-6.400000e+00,2.100000e+00
5.147143e-04,3.700000e-03,2.209737e-02,-1.367105e-02,-9.972699e-02,-1.000000e+00,1.000000e+00,0.000000e+00,1.488414e-03,3.683421e-02,-8.215263e-02,-5.255789e-02,-4.919619e-02,-5.900000e+00,-5.200000e+00,2.100000e+00
8.374904e-04,4.600000e-03,2.139737e-02,-1.347105e-02,-8.356516e-02,-5.000000e-01,6.000000e-01,-1.000000e-01,1.208513e-03,3.703421e-02,-8.405263e-02,-5.405789e-02,-5.453593e-01,-6.800000e+00,-4.900000e+00,2.300000e+00
4.851254e-04,4.500000e-03,2.139737e-02,-1.387105e-02,5.048133e-01,-0.000000e+00,1.400000e+00,-1.000000e-01,8.580389e-04,3.803421e-02,-8.525263e-02,-5.595789e-02,-4.823396e-01,-6.500000e+00,-4.400000e+00,2.400000e+00
9.471508e-04,4.700000e-03,2.099737e-02,-1.317105e-02,5.501337e-01,-3.000000e-01,1.700000e+00,0.000000e+00,1.250174e-03,3.923421e-02,-8.775263e-02,-5.765789e-02,-3.607527e-01,-5.800000e+00,-4.600000e+00,1.900000e+00
5.207663e-04,4.400000e-03,1.979737e-02,-1.287105e-02,-2.972075e-01,-8.000000e-01,1.000000e+00,-4.000000e-01,1.529361e-03,3.963421e-02,-8.925263e-02,-5.835789e-02,2.358686e-01,-5.100000e+00,-5.700000e+00,1.600000e+00
1.128807e-03,4.400000e-03,1.999737e-02,-1.217105e-02,7.279934e-01,-1.000000e-01,1.700000e+00,1.000000e-01,1.177689e-03,4.013421e-02,-8.965263e-02,-5.945789e-02,7.403482e-01,-4.800000e+00,-6.600000e+00,1.600000e+00
1.271040e-03,4.400000e-03,1.979737e-02,-1.187105e-02,1.888009e-01,-0.000000e+00,1.000000e+00,-3.000000e-01,1.017506e-03,4.083421e-02,-9.005263e-02,-6.045789e-02,5.063308e-01,-5.000000e+00,-5.900000e+00,1.800000e+00
1.742817e-03,4.800000e-03,1.989737e-02,-1.157105e-02,2.943059e-01,-9.000000e-01,1.100000e+00,4.000000e-01,1.006191e-03,4.123421e-02,-9.075263e-02,-6.115789e-02,6.373269e-01,-6.000000e+00,-6.700000e+00,2.400000e+00
1.530847e-03,4.600000e-03,1.999737e-02,-1.177105e-02,6.700655e-01,-9.000000e-01,1.100000e+00,9.000000e-01,9.167041e-04,4.203421e-02,-9.195263e-02,-6.255789e-02,8.556864e-01,-5.800000e+00,-6.200000e+00,2.800000e+00
1.679053e-03,4.700000e-03,2.059737e-02,-1.197105e-02,5.900517e-02,-1.600000e+00,1.400000e+00,4.000000e-01,1.026797e-03,4.263421e-02,-9.265263e-02,-6.325789e-02,6.283473e-01,-6.900000e+00,-6.000000e+00,3.500000e+00
7.742235e-04,4.500000e-03,2.029737e-02,-1.287105e-02,-8.511307e-02,-1.800000e+00,1.300000e+00,4.000000e-01,7.117795e-04,4.243421e-02,-9.425263e-02,-6.435789e-02,1.132289e+00,-5.700000e+00,-6.600000e+00,2.900000e+00
5.013532e-04,4.000000e-03,1.989737e-02,-1.267105e-02,7.625165e-02,-1.500000e+00,1.500000e+00,3.000000e-01,6.943621e-04,4.283421e-02,-9.645263e-02,-6.585789e-02,1.163778e+00,-4.800000e+00,-6.400000e+00,2.300000e+00
7.225472e-04,3.700000e-03,1.989737e-02,-1.217105e-02,5.310054e-01,-1.200000e+00,1.500000e+00,7.000000e-01,7.502135e-04,4.323421e-02,-1.005526e-01,-6.825789e-02,4.251831e-01,-5.000000e+00,-5.500000e+00,1.900000e+00
4.244206e-04,3.500000e-03,1.869737e-02,-1.177105e-02,5.648415e-01,-1.200000e+00,1.400000e+00,8.000000e-01,6.833671e-04,4.453421e-02,-1.011526e-01,-6.975789e-02,3.685351e-01,-3.200000e+00,-4.000000e+00,1.100000e+00
4.340644e-04,3.600000e-03,1.859737e-02,-1.177105e-02,6.940602e-01,-2.000000e-01,1.200000e+00,4.000000e-01,4.204414e-04,4.583421e-02,-1.025526e-01,-7.195789e-02,-2.660704e-01,-1.900000e+00,-2.700000e+00,-2.000000e-01
7.210655e-04,4.000000e-03,1.879737e-02,-1.177105e-02,1.298785e-01,-1.300000e+00,1.200000e+00,4.000000e-01,3.006474e-04,4.623421e-02,-1.040526e-01,-7.325789e-02,-8.116166e-01,-2.000000e+00,-1.400000e+00,-2.000000e-01
-4.000924e-04,3.700000e-03,1.809737e-02,-1.267105e-02,5.374255e-01,-1.400000e+00,1.400000e+00,9.000000e-01,1.154149e-03,4.713421e-02,-1.054526e-01,-7.355789e-02,-4.823092e-01,-2.000000e+00,-1.900000e+00,0.000000e+00
-1.581302e-04,3.600000e-03,1.789737e-02,-1.217105e-02,-2.573004e-01,-1.600000e+00,1.000000e+00,2.000000e-01,1.093735e-03,4.723421e-02,-1.079526e-01,-7.505789e-02,-1.121185e+00,-1.800000e+00,-1.200000e+00,-7.000000e-01
-4.852139e-04,3.300000e-03,1.729737e-02,-1.207105e-02,-5.765800e-02,-2.200000e+00,1.500000e+00,6.000000e-01,1.259860e-03,4.703421e-02,-1.094526e-01,-7.545789e-02,-3.598444e-01,-8.000000e-01,-2.200000e+00,-1.000000e+00
-8.636198e-04,3.500000e-03,1.649737e-02,-1.227105e-02,-1.885614e-01,-2.200000e+00,1.000000e+00,7.000000e-01,1.669814e-03,4.753421e-02,-1.093526e-01,-7.525789e-02,-3.683572e-01,-1.700000e+00,-2.100000e+00,-2.000000e-01
-1.073916e-03,3.400000e-03,1.519737e-02,-1.177105e-02,2.384767e-03,-1.400000e+00,1.200000e+00,3.000000e-01,2.083699e-03,4.873421e-02,-1.081526e-01,-7.505789e-02,1.405177e-01,-2.000000e+00,-2.800000e+00,4.000000e-01
-9.167119e-04,3.600000e-03,1.569737e-02,-1.197105e-02,-3.402332e-01,-1.600000e+00,8.000000e-01,2.000000e-01,2.775329e-03,5.003421e-02,-1.058526e-01,-7.395789e-02,3.410030e-01,-1.500000e+00,-3.100000e+00,1.000000e-01
-1.424452e-03,3.600000e-03,1.409737e-02,-1.177105e-02,-2.588284e-02,-1.000000e+00,1.000000e+00,1.000000e-01,3.065845e-03,5.003421e-02,-1.032526e-01,-7.215789e-02,3.774996e-01,-1.800000e+00,-3.300000e+00,3.000000e-01
-8.934756e-04,3.700000e-03,1.489737e-02,-1.157105e-02,-6.381556e-02,-9.000000e-01,6.000000e-01,2.000000e-01,3.457588e-03,4.963421e-02,-1.017526e-01,-7.045789e-02,1.881851e-01,-2.500000e+00,-4.100000e+00,2.000000e-01
-8.935469e-04,3.500000e-03,1.459737e-02,-1.127105e-02,5.004881e-01,-2.000000e-01,1.100000e+00,2.000000e-01,4.048870e-03,4.973421e-02,-1.005526e-01,-6.905789e-02,-2.108063e-01,-3.100000e+00,-4.000000e+00,2.000000e-01
-1.568027e-03,3.000000e-03,1.339737e-02,-1.117105e-02,5.004688e-01,-2.000000e-01,1.100000e+00,2.000000e-01,4.839685e-03,5.013421e-02,-1.001526e-01,-6.805789e-02,-2.120050e-01,-3.100000e+00,-4.000000e+00,2.000000e-01
-1.304075e-03,2.900000e-03,1.269737e-02,-1.037105e-02,5.004443e-01,-2.000000e-01,1.100000e+00,2.000000e-01,4.753666e-03,5.013421e-02,-1.010526e-01,-6.865789e-02,-1.718640e-02,-2.900000e+00,-4.200000e+00,2.000000e-01
-2.106715e-03,2.900000e-03,1.239737e-02,-1.127105e-02,6.546754e-01,-3.000000e-01,1.600000e+00,2.000000e-01,5.336936e-03,5.113421e-02,-1.004526e-01,-6.835789e-02,-1.144517e-01,-2.700000e+00,-4.000000e+00,0.000000e+00
-1.785317e-03,3.100000e-03,1.219737e-02,-1.087105e-02,8.616073e-02,-5.000000e-01,1.200000e+00,-2.000000e-01,5.202150e-03,5.093421e-02,-1.000526e-01,-6.815789e-02,2.116906e-01,-2.900000e+00,-5.000000e+00,1.000000e-01
-1.592629e-03,2.700000e-03,1.279737e-02,-1.067105e-02,-3.028118e-01,-1.300000e+00,7.000000e-01,1.000000e-01,5.331900e-03,5.113421e-02,-1.006526e-01,-6.845789e-02,-5.951142e-02,-4.100000e+00,-6.200000e+00,1.000000e-01
-6.548810e-04,2.900000e-03,1.409737e-02,-1.027105e-02,-3.220731e-01,-2.100000e+00,1.100000e+00,4.000000e-01,5.398643e-03,5.113421e-02,-9.955263e-02,-6.775789e-02,-3.401470e-01,-5.700000e+00,-6.900000e+00,7.000000e-01
-7.581109e-04,2.700000e-03,1.409737e-02,-1.027105e-02,1.148251e-01,-1.500000e+00,1.600000e+00,3.000000e-01,6.743402e-03,5.243421e-02,-9.865263e-02,-6.645789e-02,1.608332e-01,-6.700000e+00,-7.600000e+00,1.900000e+00
-3.926741e-04,2.400000e-03,1.499737e-02,-1.007105e-02,-6.033395e-01,-2.300000e+00,1.400000e+00,0.000000e+00,8.374750e-03,5.383421e-02,-9.725263e-02,-6.455789e-02,-1.039713e-01,-8.500000e+00,-8.300000e+00,2.700000e+00
-7.195551e-04,2.500000e-03,1.499737e-02,-1.057105e-02,-4.182350e-01,-1.900000e+00,8.000000e-01,3.000000e-01,9.708771e-03,5.333421e-02,-9.775263e-02,-6.245789e-02,5.349638e-01,-9.300000e+00,-1.090000e+01,2.900000e+00
-5.295724e-04,2.700000e-03,1.539737e-02,-1.067105e-02,-4.183763e-01,-1.900000e+00,8.000000e-01,3.000000e-01,1.118875e-02,5.343421e-02,-9.715263e-02,-6.005789e-02,2.737267e+00,-9.400000e+00,-1.300000e+01,5.000000e+00
-6.603448e-04,2.700000e-03,1.489737e-02,-1.057105e-02,1.177005e-01,-1.800000e+00,1.800000e+00,4.000000e-01,1.283141e-02,5.333421e-02,-9.805263e-02,-5.805789e-02,5.598182e+00,-7.700000e+00,-1.580000e+01,6.100000e+00
-3.757938e-04,2.600000e-03,1.479737e-02,-1.007105e-02,5.623239e-02,-1.600000e+00,1.400000e+00,4.000000e-01,1.681385e-02,5.503421e-02,-1.009526e-01,-5.535789e-02,1.148478e+01,-2.700000e+00,-2.000000e+01,7.900000e+00
1.166727e-04,2.500000e-03,1.409737e-02,-8.971053e-03,-1.642540e-01,-1.600000e+00,1.600000e+00,0.000000e+00,1.923435e-02,5.403421e-02,-9.955263e-02,-5.015789e-02,1.831426e+01,2.400000e+00,-2.670000e+01,9.600000e+00
-1.668451e-04,2.200000e-03,1.359737e-02,-8.871053e-03,-1.501948e-01,-1.800000e+00,1.700000e+00,1.000000e-01,2.229884e-02,5.333421e-02,-1.003526e-01,-4.545789e-02,1.872562e+01,2.100000e+00,-2.920000e+01,9.100000e+00
2.163785e-04,2.100000e-03,1.299737e-02,-7.971053e-03,2.543515e-01,-1.600000e+00,1.700000e+00,5.000000e-01,2.521983e-02,5.343421e-02,-1.005526e-01,-4.125789e-02,2.483018e+01,4.200000e+00,-3.660000e+01,1.200000e+01
-7.031798e-06,1.700000e-03,1.239737e-02,-7.671053e-03,2.542362e-01,-1.600000e+00,1.700000e+00,5.000000e-01,3.238219e-02,5.713421e-02,-1.024526e-01,-3.495789e-02,2.853906e+01,3.500000e+00,-4.240000e+01,1.480000e+01
2.640602e-04,1.400000e-03,1.269737e-02,-7.271053e-03,-2.385211e-02,-2.200000e+00,1.400000e+00,7.000000e-01,3.917127e-02,6.233421e-02,-9.925263e-02,-2.755789e-02,3.148451e+01,3.000000e-01,-4.900000e+01,1.830000e+01
4.721993e-04,1.900000e-03,1.239737e-02,-7.171053e-03,-3.041740e-01,-2.600000e+00,1.400000e+00,6.000000e-01,4.781287e-02,7.293421e-02,-9.265263e-02,-2.015789e-02,3.223696e+01,-1.090000e+01,-5.520000e+01,2.610000e+01
4.641308e-04,2.000000e-03,1.169737e-02,-6.871053e-03,3.592440e-01,-2.600000e+00,2.100000e+00,1.100000e+00,6.121223e-02,9.243421e-02,-8.375263e-02,-1.215789e-02,3.720731e+01,-2.330000e+01,-6.180000e+01,4.110000e+01
7.099978e-04,1.800000e-03,1.199737e-02,-6.571053e-03,-4.980874e-02,-2.500000e+00,1.900000e+00,6.000000e-01,7.133779e-02,1.091342e-01,-7.565263e-02,-6.157895e-03,4.504579e+01,-3.350000e+01,-6.770000e+01,5.890000e+01
9.712057e-04,1.800000e-03,1.189737e-02,-6.171053e-03,-5.845666e-01,-3.000000e+00,1.400000e+00,5.000000e-01,7.908271e-02,1.225342e-01,-6.905263e-02,-8.578947e-04,5.184805e+01,-3.400000e+01,-7.080000e+01,6.780000e+01
1.106353e-03,2.100000e-03,1.129737e-02,-5.871053e-03,-1.488070e-01,-3.000000e+00,2.100000e+00,7.000000e-01,7.992305e-02,1.316342e-01,-6.225263e-02,-1.857895e-03,6.136210e+01,-1.800000e+01,-5.860000e+01,7.450000e+01
8.559296e-04,2.100000e-03,1.049737e-02,-5.771053e-03,-1.490365e-01,-3.000000e+00,2.100000e+00,7.000000e-01,8.229605e-02,1.430342e-01,-5.985263e-02,-5.357895e-03,6.134249e+01,-1.800000e+01,-5.860000e+01,7.450000e+01
3.561685e-04,1.600000e-03,9.897368e-03,-5.771053e-03,1.649958e-03,-2.100000e+00,1.900000e+00,4.000000e-01,6.953611e-02,1.411342e-01,-4.905263e-02,-1.395789e-02,9.915073e+01,1.630000e+01,-6.430000e+01,9.560000e+01
4.237566e-04,1.200000e-03,1.019737e-02,-5.571053e-03,6.215498e-01,-1.500000e+00,2.300000e+00,6.000000e-01,6.367365e-02,1.446342e-01,-4.955263e-02,-2.485789e-02,1.056399e+02,2.200000e+01,-6.460000e+01,9.990000e+01
-1.876637e-05,1.200000e-03,9.297368e-03,-5.671053e-03,7.180679e-02,-2.300000e+00,2.700000e+00,2.000000e-01,4.942511e-02,1.406342e-01,-4.915263e-02,-4.135789e-02,1.068975e+02,3.060000e+01,-5.820000e+01,9.770000e+01
1.355587e-04,1.000000e-03,8.997368e-03,-5.171053e-03,5.006671e-01,-1.300000e+00,2.500000e+00,2.000000e-01,3.605300e-02,1.307342e-01,-6.215263e-02,-6.055789e-02,1.085914e+02,3.630000e+01,-5.640000e+01,9.590000e+01
-1.869225e-04,4.000000e-04,8.397368e-03,-4.871053e-03,6.188849e-01,-2.200000e+00,2.800000e+00,8.000000e-01,2.159860e-02,1.201342e-01,-7.705263e-02,-8.305789e-02,1.091644e+02,4.820000e+01,-4.980000e+01,8.950000e+01
1.751452e-04,-1.000000e-04,8.797368e-03,-4.271053e-03,2.584439e-01,-1.200000e+00,1.400000e+00,4.000000e-01,1.736921e-03,1.071342e-01,-8.855263e-02,-1.098579e-01,1.035091e+02,5.450000e+01,-3.930000e+01,8.170000e+01
3.114862e-04,-6.000000e-04,7.697368e-03,-3.171053e-03,-1.734028e-02,-1.900000e+00,1.600000e+00,4.000000e-01,1.193804e-02,9.093421e-02,-1.058526e-01,-9.055789e-02,9.760088e+01,7.570000e+01,-2.060000e+01,6.450000e+01
7.200696e-05,-1.000000e-03,7.797368e-03,-3.271053e-03,3.247777e-01,-1.200000e+00,1.000000e+00,7.000000e-01,-3.599750e-02,6.073421e-02,-2.635263e-02,-8.125789e-02,4.380382e+01,6.370000e+01,2.760000e+01,2.590000e+01
2.771591e-04,-1.300000e-03,8.497368e-03,-3.171053e-03,9.991523e-02,-1.800000e+00,1.200000e+00,7.000000e-01,-3.975054e-02,3.453421e-02,-2.305263e-02,-6.255789e-02,-1.686999e-01,4.930000e+01,5.130000e+01,-1.220000e+01
1.473651e-04,-1.800000e-03,8.997368e-03,-3.271053e-03,-2.803808e-01,-1.800000e+00,1.200000e+00,2.000000e-01,-4.152283e-02,2.053421e-02,-7.152632e-03,-4.645789e-02,-2.311994e+01,6.720000e+01,7.770000e+01,-4.660000e+01
1.048170e-03,-1.400000e-03,9.597368e-03,-2.671053e-03,7.468822e-02,-1.700000e+00,1.200000e+00,6.000000e-01,-4.260804e-02,1.213421e-02,8.747368e-03,-3.545789e-02,-3.703766e+01,6.060000e+01,9.240000e+01,-5.200000e+01
6.513871e-04,-1.000000e-03,8.297368e-03,-2.771053e-03,8.817048e-01,-8.000000e-01,1.500000e+00,9.000000e-01,-5.611342e-02,-2.496579e-02,6.047368e-03,-2.985789e-02,-5.496954e+01,6.790000e+01,1.082000e+02,-7.520000e+01
9.082482e-04,-1.400000e-03,8.497368e-03,-2.271053e-03,8.622395e-02,-1.000000e+00,1.100000e+00,2.000000e-01,-7.300667e-02,-5.576579e-02,1.674737e-02,-2.765789e-02,-6.412739e+01,8.130000e+01,1.035000e+02,-1.024000e+02
7.063974e-04,-1.100000e-03,7.997368e-03,-2.471053e-03,7.829693e-01,-1.900000e+00,1.700000e+00,1.400000e+00,-8.669962e-02,-7.836579e-02,2.864737e-02,-2.755789e-02,-7.606105e+01,8.510000e+01,1.044000e+02,-1.216000e+02
8.063789e-04,-1.200000e-03,7.997368e-03,-2.271053e-03,5.228844e-01,-1.900000e+00,2.000000e+00,9.000000e-01,-9.493017e-02,-1.065658e-01,3.084737e-02,-2.025789e-02,-8.315953e+01,9.040000e+01,1.027000e+02,-1.361000e+02
2.190860e-04,-1.200000e-03,7.297368e-03,-2.671053e-03,4.317222e-01,-2.000000e+00,1.900000e+00,9.000000e-01,-9.675240e-02,-1.308658e-01,2.794737e-02,-9.257895e-03,-8.292327e+01,8.890000e+01,1.002000e+02,-1.354000e+02
2.616260e-04,-9.000000e-04,7.597368e-03,-2.971053e-03,3.700623e-01,-2.200000e+00,2.000000e+00,9.000000e-01,-1.314730e-01,-1.497658e-01,2.854737e-02,-4.285789e-02,-8.094882e+01,8.550000e+01,9.950000e+01,-1.302000e+02
6.005815e-04,-6.000000e-04,7.497368e-03,-2.671053e-03,1.774160e-01,-2.200000e+00,1.900000e+00,7.000000e-01,-1.319512e-01,-1.584658e-01,-6.535263e-02,-6.965789e-02,-6.316810e+01,7.430000e+01,8.760000e+01,-1.032000e+02
3.896145e-04,-4.000000e-04,7.297368e-03,-2.971053e-03,3.534808e-01,-2.800000e+00,3.100000e+00,7.000000e-01,-1.666510e-01,-1.751658e-01,-9.285263e-02,-1.093579e-01,-2.785756e+01,5.850000e+01,6.070000e+01,-5.610000e+01
7.668390e-04,-1.000000e-04,7.297368e-03,-2.671053e-03,1.934259e-01,-3.400000e+00,2.700000e+00,1.100000e+00,-2.100657e-01,-2.041658e-01,-1.468526e-01,-1.591579e-01,1.587623e+01,5.100000e+01,2.250000e+01,-8.000000e+00
7.466620e-04,-2.000000e-04,7.197368e-03,-2.571053e-03,1.105828e+00,-3.600000e+00,3.900000e+00,1.800000e+00,-2.458636e-01,-2.241658e-01,-2.047526e-01,-2.067579e-01,5.343611e+01,4.740000e+01,-1.960000e+01,2.850000e+01
1.061446e-03,-4.000000e-04,7.297368e-03,-2.071053e-03,7.501187e-01,-3.900000e+00,3.200000e+00,1.900000e+00,-2.671008e-01,-2.190658e-01,-2.376526e-01,-2.458579e-01,8.026442e+01,5.100000e+01,-6.360000e+01,4.620000e+01
2.060243e-04,-7.000000e-04,6.697368e-03,-2.671053e-03,7.234727e-01,-3.500000e+00,3.200000e+00,1.600000e+00,-2.285195e-01,-1.667658e-01,-3.103526e-01,-2.504579e-01,7.822096e+01,8.830000e+01,-9.860000e+01,7.200000e+00
1.015154e-03,-1.200000e-03,6.497368e-03,-1.171053e-03,1.479378e-01,-4.000000e+00,2.200000e+00,1.700000e+00,-1.107511e-01,1.873421e-02,-3.327526e-01,-2.346579e-01,8.043540e+01,1.147000e+02,-6.990000e+01,-7.000000e-01
8.197919e-04,-2.000000e-03,5.497368e-03,-3.710526e-04,8.153609e-01,-3.600000e+00,2.600000e+00,2.100000e+00,-3.035619e-02,2.491342e-01,-2.261526e-01,-2.682579e-01,5.836632e+01,6.660000e+01,1.020000e+01,2.820000e+01
1.549895e-03,-2.600000e-03,5.797368e-03,8.289474e-04,6.207992e-01,-3.200000e+00,1.600000e+00,2.100000e+00,-2.333489e-02,3.140342e-01,-1.619526e-01,-2.868579e-01,1.620761e+01,3.000000e-01,4.430000e+01,3.210000e+01
1.859310e-03,-2.800000e-03,5.297368e-03,1.628947e-03,5.588883e-01,-3.400000e+00,1.700000e+00,2.100000e+00,-5.295945e-04,3.470342e-01,-1.579526e-01,-2.812579e-01,1.009739e+01,-1.490000e+01,1.600000e+01,2.770000e+01
1.900057e-03,-3.300000e-03,4.697368e-03,2.328947e-03,3.361937e-01,-4.600000e+00,1.900000e+00,2.500000e+00,2.993901e-02,3.773342e-01,-1.510526e-01,-2.623579e-01,1.667379e+00,-1.940000e+01,2.440000e+01,2.270000e+01
1.988347e-03,-3.700000e-03,3.697368e-03,3.228947e-03,9.104258e-01,-3.700000e+00,2.200000e+00,2.500000e+00,5.823142e-02,3.787342e-01,-1.314526e-01,-2.211579e-01,-1.204525e+01,-3.320000e+01,3.810000e+01,1.920000e+01
1.485871e-03,-4.500000e-03,2.097368e-03,3.928947e-03,8.313597e-01,-3.700000e+00,2.000000e+00,2.500000e+00,8.946583e-02,3.550342e-01,-1.289526e-01,-1.636579e-01,-1.894437e+01,-2.810000e+01,3.650000e+01,6.600000e+00
1.312145e-03,-4.800000e-03,9.736842e-05,4.928947e-03,7.107004e-01,-2.800000e+00,1.900000e+00,1.800000e+00,1.311963e-01,3.600342e-01,-1.152526e-01,-1.105579e-01,-3.194940e+01,-1.600000e+01,2.020000e+01,-2.290000e+01
6.655060e-04,-5.200000e-03,-2.202632e-03,5.528947e-03,9.822061e-01,-2.400000e+00,1.100000e+00,2.300000e+00,1.861507e-01,4.163342e-01,-7.865263e-02,-6.885789e-02,-2.795486e+01,-5.800000e+00,2.440000e+01,-2.370000e+01
1.210276e-03,-5.000000e-03,-4.202632e-03,7.128947e-03,4.772589e-01,-1.800000e+00,8.000000e-01,1.400000e+00,1.760592e-01,4.071342e-01,-5.526316e-04,-5.025789e-02,-1.707581e+01,2.700000e+00,3.340000e+01,-1.330000e+01
3.004713e-04,-4.800000e-03,-5.802632e-03,6.628947e-03,8.921248e-01,-6.000000e-01,7.000000e-01,1.200000e+00,8.187825e-02,2.358342e-01,4.404737e-02,-3.695789e-02,-9.289013e+00,1.200000e+00,2.280000e+01,-5.700000e+00
2.288492e-04,-4.100000e-03,-6.302632e-03,6.328947e-03,4.672817e-01,-3.000000e-01,6.000000e-01,5.000000e-01,3.072627e-02,2.623421e-02,-3.645263e-02,1.824211e-02,-4.923443e+00,-2.200000e+00,1.640000e+01,2.000000e-01
2.394734e-04,-3.300000e-03,-7.702632e-03,6.528947e-03,6.469501e-01,-4.000000e-01,6.000000e-01,8.000000e-01,4.173734e-02,-2.736579e-02,-8.285263e-02,5.404211e-02,-2.138836e+00,-2.900000e+00,1.280000e+01,3.100000e+00
-1.847574e-04,-3.600000e-03,-8.202632e-03,6.428947e-03,1.164683e+00,-3.000000e-01,1.400000e+00,1.000000e+00,3.606116e-02,-4.776579e-02,-6.985263e-02,6.414211e-02,-1.220073e+00,-1.000000e+00,1.050000e+01,2.300000e+00
-3.339600e-04,-3.200000e-03,-9.102632e-03,6.428947e-03,5.047612e-01,-3.000000e-01,5.000000e-01,6.000000e-01,2.867598e-02,-5.726579e-02,-5.855263e-02,6.434211e-02,-9.855414e-01,1.400000e+00,1.080000e+01,1.100000e+00
-7.573459e-04,-3.500000e-03,-9.602632e-03,6.328947e-03,2.837681e-01,-1.200000e+00,1.100000e+00,6.000000e-01,2.946702e-02,-3.156579e-02,-4.725263e-02,5.144211e-02,-6.711320e-01,2.900000e+00,1.140000e+01,7.000000e-01
-4.897937e-04,-3.200000e-03,-9.702632e-03,6.528947e-03,8.833440e-01,-7.000000e-01,1.200000e+00,1.000000e+00,3.290894e-02,1.993421e-02,-3.152632e-03,3.504211e-02,-8.510992e-03,3.600000e+00,1.150000e+01,1.100000e+00
-7.813087e-04,-3.400000e-03,-9.602632e-03,6.228947e-03,3.212036e-01,-1.200000e+00,1.000000e+00,7.000000e-01,3.398814e-02,4.153421e-02,2.804737e-02,3.164211e-02,-7.198327e-01,2.900000e+00,1.090000e+01,5.000000e-01
-1.954642e-04,-3.400000e-03,-8.302632e-03,6.328947e-03,5.845476e-01,-6.000000e-01,7.000000e-01,8.000000e-01,1.921263e-02,8.034211e-03,3.864737e-02,3.864211e-02,-2.705249e-01,3.800000e+00,1.070000e+01,4.000000e-01
2.749195e-05,-3.500000e-03,-7.602632e-03,6.328947e-03,1.114391e+00,-4.000000e-01,1.600000e+00,9.000000e-01,1.279169e-02,-1.006579e-02,3.084737e-02,4.024211e-02,1.376881e-01,5.400000e+00,1.050000e+01,-2.000000e-01
2.870518e-04,-3.600000e-03,-7.202632e-03,6.528947e-03,2.508497e-01,-5.000000e-01,7.000000e-01,3.000000e-01,1.119915e-02,-5.165789e-03,1.464737e-02,3.024211e-02,5.915985e-01,7.400000e+00,9.300000e+00,-1.300000e+00
4.624147e-05,-4.000000e-03,-7.302632e-03,6.528947e-03,-1.903743e-02,-1.100000e+00,0.000000e+00,7.000000e-01,7.860828e-03,-4.965789e-03,4.647368e-03,2.304211e-02,-5.572714e-02,8.000000e+00,8.900000e+00,-2.600000e+00
-3.984987e-04,-4.500000e-03,-7.202632e-03,6.228947e-03,4.404279e-01,-2.000000e-01,6.000000e-01,4.000000e-01,6.551651e-03,-3.965789e-03,5.047368e-03,2.094211e-02,4.278088e-01,8.600000e+00,8.200000e+00,-2.600000e+00
-3.290677e-04,-4.200000e-03,-8.202632e-03,6.628947e-03,7.333069e-01,-0.000000e+00,5.000000e-01,7.000000e-01,5.255265e-03,-4.465789e-03,9.847368e-03,2.114211e-02,1.854771e-01,8.100000e+00,8.100000e+00,-2.600000e+00
-8.637887e-04,-4.500000e-03,-8.002632e-03,6.028947e-03,5.381287e-01,-0.000000e+00,0.000000e+00,7.000000e-01,4.248145e-03,-5.465789e-03,1.644737e-02,2.254211e-02,2.454325e-01,7.200000e+00,6.900000e+00,-2.300000e+00
-6.253295e-04,-4.100000e-03,-8.502632e-03,6.328947e-03,4.595098e-01,3.000000e-01,0.000000e+00,4.000000e-01,3.577166e-03,-6.565789e-03,2.114737e-02,2.384211e-02,2.380528e-01,6.200000e+00,6.100000e+00,-1.900000e+00
-6.002332e-04,-4.200000e-03,-8.702632e-03,6.528947e-03,7.472027e-01,1.000000e-01,8.000000e-01,5.000000e-01,3.220661e-03,-8.165789e-03,2.414737e-02,2.534211e-02,5.832335e-01,6.300000e+00,5.900000e+00,-1.600000e+00
-1.904490e-04,-4.000000e-03,-8.502632e-03,6.828947e-03,1.101969e+00,8.000000e-01,8.000000e-01,5.000000e-01,3.130816e-03,-9.265789e-03,2.614737e-02,2.654211e-02,6.295668e-01,5.200000e+00,5.000000e+00,-1.100000e+00
-1.805669e-04,-3.600000e-03,-8.602632e-03,6.628947e-03,5.865633e-01,7.000000e-01,2.000000e-01,2.000000e-01,3.124257e-03,-1.016579e-02,2.994737e-02,2.824211e-02,1.246827e-01,3.700000e+00,4.500000e+00,-9.000000e-01
7.378701e-05,-2.800000e-03,-8.202632e-03,6.228947e-03,1.206742e+00,4.000000e-01,8.000000e-01,9.000000e-01,2.989419e-03,-1.056579e-02,3.604737e-02,3.014211e-02,1.008075e+00,3.500000e+00,4.800000e+00,4.000000e-01
5.593937e-04,-2.600000e-03,-8.202632e-03,6.728947e-03,9.197775e-01,9.000000e-01,4.000000e-01,4.000000e-01,2.695386e-03,-1.046579e-02,4.054737e-02,3.104211e-02,9.225182e-01,4.200000e+00,3.300000e+00,-6.000000e-01
9.969496e-04,-2.500000e-03,-7.802632e-03,7.028947e-03,1.616767e+00,6.000000e-01,1.000000e+00,1.200000e+00,2.541779e-03,-1.096579e-02,4.214737e-02,3.164211e-02,1.348787e+00,5.300000e+00,3.600000e+00,-7.000000e-01
1.174049e-03,-2.300000e-03,-8.002632e-03,7.228947e-03,1.053034e+00,4.000000e-01,8.000000e-01,7.000000e-01,2.560577e-03,-1.196579e-02,4.124737e-02,3.204211e-02,9.214738e-02,5.600000e+00,4.400000e+00,-2.200000e+00
1.296115e-03,-2.300000e-03,-6.902632e-03,6.828947e-03,1.064694e+00,5.000000e-01,7.000000e-01,7.000000e-01,2.202319e-03,-1.226579e-02,3.934737e-02,3.124211e-02,1.162728e+00,8.100000e+00,4.400000e+00,-2.500000e+00
1.884708e-03,-1.900000e-03,-6.702632e-03,7.228947e-03,1.579301e+00,3.000000e-01,9.000000e-01,1.400000e+00,2.030000e-03,-1.286579e-02,3.734737e-02,3.084211e-02,2.987279e-01,7.500000e+00,5.000000e+00,-3.000000e+00
1.850355e-03,-1.900000e-03,-6.002632e-03,6.828947e-03,1.384590e+00,9.000000e-01,1.000000e+00,7.000000e-01,2.164386e-03,-1.326579e-02,3.724737e-02,3.124211e-02,5.115837e-01,7.500000e+00,4.800000e+00,-2.800000e+00
1.854133e-03,-1.900000e-03,-5.402632e-03,6.528947e-03,1.064702e+00,5.000000e-01,7.000000e-01,7.000000e-01,1.831441e-03,-1.326579e-02,3.864737e-02,3.124211e-02,1.048905e+00,7.000000e+00,3.500000e+00,-2.200000e+00
1.390969e-03,-1.900000e-03,-5.802632e-03,6.128947e-03,7.346614e-01,-3.000000e-01,5.000000e-01,9.000000e-01,1.660304e-03,-1.356579e-02,4.044737e-02,3.174211e-02,5.921436e-01,5.500000e+00,2.800000e+00,-2.000000e+00
1.468078e-03,-1.900000e-03,-5.802632e-03,6.228947e-03,9.359040e-01,4.000000e-01,5.000000e-01,7.000000e-01,1.787298e-03,-1.356579e-02,4.304737e-02,3.264211e-02,1.568953e-01,4.000000e+00,3.400000e+00,-1.400000e+00
1.159001e-03,-2.200000e-03,-6.402632e-03,6.328947e-03,1.522969e+00,8.000000e-01,5.000000e-01,1.200000e+00,1.649111e-03,-1.376579e-02,4.634737e-02,3.354211e-02,2.874985e-01,3.600000e+00,3.000000e+00,-1.100000e+00
8.768443e-04,-2.300000e-03,-6.602632e-03,6.128947e-03,1.776611e+00,1.300000e+00,5.000000e-01,1.200000e+00,1.922386e-03,-1.416579e-02,4.884737e-02,3.484211e-02,1.620874e-01,2.000000e+00,2.400000e+00,-4.000000e-01
6.060062e-04,-2.000000e-03,-6.702632e-03,5.628947e-03,1.180590e+00,5.000000e-01,8.000000e-01,8.000000e-01,2.536132e-03,-1.356579e-02,5.284737e-02,3.634211e-02,5.325464e-02,5.000000e-01,1.600000e+00,2.000000e-01
8.117711e-04,-2.200000e-03,-6.702632e-03,6.028947e-03,5.621077e-01,8.000000e-01,4.000000e-01,0.000000e+00,2.411868e-03,-1.326579e-02,5.794737e-02,3.744211e-02,-5.694608e-02,-2.000000e-01,1.200000e+00,4.000000e-01
8.561507e-04,-2.400000e-03,-7.902632e-03,6.828947e-03,8.303578e-01,8.000000e-01,3.000000e-01,4.000000e-01,2.427494e-03,-1.326579e-02,6.214737e-02,3.864211e-02,7.659548e-01,-1.000000e-01,0.000000e+00,1.000000e+00
6.781087e-04,-2.600000e-03,-7.902632e-03,6.728947e-03,1.140281e+00,5.000000e-01,5.000000e-01,9.000000e-01,2.350932e-03,-1.356579e-02,6.394737e-02,3.924211e-02,3.403128e-01,-1.000000e+00,5.000000e-01,1.200000e+00
1.187319e-03,-2.500000e-03,-8.302632e-03,7.528947e-03,1.926564e-01,-0.000000e+00,1.000000e-01,2.000000e-01,2.047032e-03,-1.376579e-02,6.414737e-02,3.904211e-02,4.041406e-01,-3.000000e-01,4.000000e-01,8.000000e-01
1.022271e-03,-2.600000e-03,-8.202632e-03,7.328947e-03,4.594697e-01,3.000000e-01,0.000000e+00,4.000000e-01,1.947679e-03,-1.436579e-02,6.254737e-02,3.884211e-02,2.236949e-01,-2.000000e-01,7.000000e-01,6.000000e-01
1.023432e-03,-2.600000e-03,-8.002632e-03,7.228947e-03,3.710634e-01,5.000000e-01,3.000000e-01,0.000000e+00,1.853103e-03,-1.496579e-02,6.054737e-02,3.854211e-02,3.490980e-01,-3.000000e-01,1.700000e+00,1.100000e+00
7.436064e-04,-2.700000e-03,-7.802632e-03,6.828947e-03,7.680697e-01,6.000000e-01,4.000000e-01,4.000000e-01,1.500503e-03,-1.556579e-02,5.824737e-02,3.784211e-02,3.549411e-01,4.000000e-01,1.500000e+00,6.000000e-01
5.940942e-04,-2.700000e-03,-7.202632e-03,6.328947e-03,7.954577e-01,5.000000e-01,6.000000e-01,4.000000e-01,1.751539e-03,-1.526579e-02,5.644737e-02,3.744211e-02,-1.409594e-01,9.000000e-01,1.600000e+00,-3.000000e-01
5.585111e-04,-2.400000e-03,-6.702632e-03,5.828947e-03,5.842274e-01,4.000000e-01,-4.000000e-01,7.000000e-01,1.670848e-03,-1.526579e-02,5.574737e-02,3.714211e-02,2.811638e-01,-0.000000e+00,2.000000e-01,4.000000e-01
1.071126e-03,-2.600000e-03,-6.702632e-03,6.628947e-03,5.649537e-01,2.000000e-01,4.000000e-01,4.000000e-01,1.315031e-03,-1.566579e-02,5.424737e-02,3.654211e-02,4.218261e-01,-8.000000e-01,6.000000e-01,1.200000e+00
2.011743e-04,-2.200000e-03,-6.502632e-03,5.128947e-03,7.315936e-01,3.000000e-01,5.000000e-01,5.000000e-01,1.418752e-03,-1.566579e-02,5.344737e-02,3.644211e-02,5.680443e-01,-1.000000e-01,5.000000e-01,9.000000e-01
-6.472564e-05,-1.900000e-03,-6.002632e-03,4.328947e-03,5.777556e-01,-0.000000e+00,3.000000e-01,6.000000e-01,1.505702e-03,-1.576579e-02,5.354737e-02,3.664211e-02,6.735937e-01,-5.000000e-01,9.000000e-01,1.400000e+00
-1.035946e-04,-1.900000e-03,-6.102632e-03,4.328947e-03,1.080105e+00,-0.000000e+00,8.000000e-01,1.000000e+00,9.660869e-04,-1.616579e-02,5.354737e-02,3.624211e-02,4.458155e-01,-8.000000e-01,1.200000e+00,1.400000e+00
-5.117215e-04,-2.100000e-03,-6.102632e-03,3.928947e-03,5.880796e-01,1.000000e-01,0.000000e+00,7.000000e-01,1.257569e-03,-1.656579e-02,5.384737e-02,3.694211e-02,-7.103828e-02,-1.200000e+00,4.000000e-01,8.000000e-01
-8.201801e-05,-1.700000e-03,-6.702632e-03,4.528947e-03,7.810023e-01,4.000000e-01,3.000000e-01,6.000000e-01,1.041794e-03,-1.686579e-02,5.514737e-02,3.724211e-02,-8.018625e-02,-2.100000e+00,-2.000000e-01,1.200000e+00
-3.769611e-04,-1.600000e-03,-6.802632e-03,4.128947e-03,4.750010e-01,1.000000e-01,3.000000e-01,4.000000e-01,1.057914e-03,-1.696579e-02,5.624737e-02,3.764211e-02,-1.096075e-01,-2.400000e+00,3.000000e-01,1.500000e+00
-2.636452e-04,-1.600000e-03,-7.102632e-03,4.428947e-03,3.568580e-01,4.000000e-01,0.000000e+00,2.000000e-01,1.476482e-03,-1.696579e-02,5.724737e-02,3.844211e-02,4.691611e-02,-2.500000e+00,1.000000e-01,1.700000e+00
-4.735820e-04,-1.700000e-03,-7.902632e-03,4.628947e-03,4.068336e-01,8.000000e-01,0.000000e+00,0.000000e+00,1.014090e-03,-1.756579e-02,5.714737e-02,3.824211e-02,-2.547312e-01,-3.600000e+00,-4.000000e-01,1.900000e+00
-3.246448e-04,-1.700000e-03,-8.502632e-03,5.128947e-03,4.497024e-01,5.000000e-01,5.000000e-01,0.000000e+00,1.157145e-03,-1.706579e-02,5.764737e-02,3.824211e-02,-3.385761e-02,-3.400000e+00,-9.000000e-01,1.900000e+00
-1.085190e-03,-1.600000e-03,-9.202632e-03,4.428947e-03,9.230327e-01,1.200000e+00,8.000000e-01,0.000000e+00,1.556671e-03,-1.666579e-02,5.854737e-02,3.874211e-02,-4.096119e-01,-5.500000e+00,-1.600000e+00,2.600000e+00
-4.807577e-04,-1.700000e-03,-8.702632e-03,5.028947e-03,7.158566e-01,1.100000e+00,4.000000e-01,0.000000e+00,1.411915e-03,-1.596579e-02,5.894737e-02,3.824211e-02,-3.850946e-01,-6.200000e+00,-1.200000e+00,3.200000e+00
-7.119974e-04,-1.400000e-03,-8.702632e-03,4.528947e-03,2.573595e-01,5.000000e-01,4.000000e-01,-2.000000e-01,1.267669e-03,-1.566579e-02,5.844737e-02,3.774211e-02,-5.675776e-01,-6.100000e+00,-9.000000e-01,3.000000e+00
-3.401005e-04,-1.200000e-03,-8.402632e-03,4.728947e-03,8.294274e-01,1.400000e+00,3.000000e-01,0.000000e+00,1.831635e-03,-1.466579e-02,5.824737e-02,3.774211e-02,4.118118e-01,-5.700000e+00,-1.400000e+00,3.800000e+00
-2.636065e-04,-9.000000e-04,-8.202632e-03,4.528947e-03,8.483996e-01,1.200000e+00,1.000000e+00,-2.000000e-01,1.313883e-03,-1.436579e-02,5.794737e-02,3.684211e-02,-8.060362e-03,-6.400000e+00,-1.200000e+00,3.800000e+00
-6.263216e-04,-8.000000e-04,-7.102632e-03,3.428947e-03,2.184457e-01,1.100000e+00,5.000000e-01,-7.000000e-01,1.242790e-03,-1.366579e-02,5.734737e-02,3.614211e-02,-5.882588e-01,-6.900000e+00,-1.600000e+00,3.300000e+00
2.484298e-04,-6.000000e-04,-6.302632e-03,4.028947e-03,8.311714e-01,1.400000e+00,5.000000e-01,-1.000000e-01,1.233578e-03,-1.316579e-02,5.604737e-02,3.544211e-02,-2.692454e-01,-6.600000e+00,-1.600000e+00,3.500000e+00
-8.956225e-05,-3.000000e-04,-5.402632e-03,2.928947e-03,1.676830e-01,4.000000e-01,3.000000e-01,-2.000000e-01,6.587182e-04,-1.356579e-02,5.374737e-02,3.434211e-02,-2.228339e-02,-6.800000e+00,-7.000000e-01,4.200000e+00
5.488707e-04,-2.000000e-04,-3.902632e-03,2.928947e-03,4.054731e-01,1.000000e-01,1.100000e+00,-1.000000e-01,4.024611e-04,-1.376579e-02,5.024737e-02,3.314211e-02,-4.214447e-01,-5.700000e+00,0.000000e+00,3.200000e+00
1.222497e-04,-6.000000e-04,-3.102632e-03,2.228947e-03,1.861830e-01,-1.000000e-01,8.000000e-01,-1.000000e-01,2.138817e-04,-1.476579e-02,4.574737e-02,3.224211e-02,8.723489e-02,-4.000000e+00,-4.000000e-01,2.600000e+00
6.269495e-04,-3.000000e-04,-2.202632e-03,2.228947e-03,7.281445e-01,-1.000000e-01,1.400000e+00,3.000000e-01,-1.817564e-05,-1.506579e-02,4.164737e-02,3.094211e-02,-1.096416e+00,-3.200000e+00,2.000000e-01,8.000000e-01
4.137194e-04,-4.000000e-04,-3.202632e-03,2.528947e-03,3.020785e-01,-1.000000e-01,9.000000e-01,0.000000e+00,-5.851353e-04,-1.626579e-02,3.764737e-02,2.984211e-02,-3.650904e-01,-2.400000e+00,-4.000000e-01,1.000000e+00
4.642659e-04,-3.000000e-04,-3.202632e-03,2.528947e-03,4.937967e-01,2.000000e-01,1.000000e+00,0.000000e+00,-6.963436e-04,-1.716579e-02,3.344737e-02,2.904211e-02,-3.552747e-01,-5.000000e-01,-3.000000e-01,-2.000000e-01
9.698094e-04,-6.000000e-04,-2.502632e-03,3.028947e-03,8.495951e-01,3.000000e-01,8.000000e-01,5.000000e-01,-7.702640e-04,-1.766579e-02,3.064737e-02,2.844211e-02,-1.024230e+00,7.000000e-01,4.000000e-01,-1.600000e+00
7.024191e-04,-6.000000e-04,-2.402632e-03,2.628947e-03,9.004341e-01,4.000000e-01,8.000000e-01,5.000000e-01,-3.804397e-04,-1.726579e-02,2.924737e-02,2.824211e-02,-5.505360e-01,1.300000e+00,1.100000e+00,-1.200000e+00
1.067180e-03,-4.000000e-04,-2.902632e-03,3.228947e-03,4.350565e-01,-0.000000e+00,1.500000e+00,-2.000000e-01,-4.026783e-04,-1.776579e-02,2.824737e-02,2.824211e-02,-7.624363e-01,1.100000e+00,1.200000e+00,-1.300000e+00
7.242210e-04,-7.000000e-04,-2.802632e-03,2.928947e-03,3.610867e-01,1.000000e-01,4.000000e-01,2.000000e-01,-4.945426e-05,-1.766579e-02,2.734737e-02,2.834211e-02,-5.371970e-01,1.800000e+00,8.000000e-01,-1.600000e+00
1.226489e-03,-6.000000e-04,-3.802632e-03,4.028947e-03,2.710436e-01,-0.000000e+00,3.000000e-01,2.000000e-01,1.806640e-04,-1.706579e-02,2.804737e-02,2.844211e-02,-7.674851e-01,2.100000e+00,4.000000e-01,-2.200000e+00
7.095154e-04,0.000000e+00,-5.702632e-03,3.928947e-03,2.193332e-01,2.000000e-01,3.000000e-01,0.000000e+00,2.412033e-04,-1.596579e-02,3.154737e-02,2.884211e-02,-7.125020e-01,1.500000e+00,2.000000e-01,-1.800000e+00
9.111830e-04,8.000000e-04,-7.202632e-03,4.428947e-03,2.193476e-01,2.000000e-01,3.000000e-01,0.000000e+00,3.288833e-04,-1.446579e-02,3.514737e-02,2.904211e-02,-6.274259e-02,1.500000e+00,2.000000e-01,-1.000000e+00
9.709580e-04,7.000000e-04,-7.702632e-03,4.828947e-03,8.470307e-01,6.000000e-01,6.000000e-01,4.000000e-01,6.896186e-04,-1.376579e-02,3.754737e-02,2.974211e-02,-3.561490e-01,1.100000e+00,2.000000e-01,-1.100000e+00
1.036906e-03,9.000000e-04,-7.402632e-03,4.628947e-03,9.763634e-01,7.000000e-01,8.000000e-01,4.000000e-01,8.773225e-04,-1.246579e-02,4.064737e-02,3.004211e-02,3.056234e-02,1.200000e+00,5.000000e-01,-6.000000e-01
8.842651e-04,6.000000e-04,-7.402632e-03,4.628947e-03,5.012119e-01,6.000000e-01,5.000000e-01,0.000000e+00,1.005511e-03,-1.146579e-02,4.434737e-02,3.064211e-02,-5.419973e-01,-0.000000e+00,9.000000e-01,-4.000000e-01
1.811235e-04,5.000000e-04,-7.502632e-03,3.828947e-03,4.485763e-01,5.000000e-01,3.000000e-01,1.000000e-01,9.181067e-04,-1.126579e-02,4.584737e-02,3.084211e-02,-8.458758e-01,1.000000e-01,7.000000e-01,-9.000000e-01
5.231862e-04,5.000000e-04,-7.802632e-03,4.428947e-03,9.140504e-01,5.000000e-01,9.000000e-01,4.000000e-01,1.026122e-03,-1.156579e-02,4.644737e-02,3.134211e-02,-4.702371e-01,5.000000e-01,7.000000e-01,-7.000000e-01
3.993949e-04,4.000000e-04,-7.402632e-03,4.128947e-03,9.488309e-01,8.000000e-01,6.000000e-01,4.000000e-01,1.122573e-03,-1.106579e-02,4.684737e-02,3.124211e-02,6.393974e-01,1.200000e+00,0.000000e+00,0.000000e+00
4.099996e-04,5.000000e-04,-7.702632e-03,4.228947e-03,1.052778e+00,1.000000e-01,6.000000e-01,1.000000e+00,1.017115e-03,-1.076579e-02,4.764737e-02,3.114211e-02,2.058851e-01,1.400000e+00,9.000000e-01,-4.000000e-01
1.607631e-04,6.000000e-04,-7.102632e-03,3.528947e-03,3.065499e-01,-0.000000e+00,0.000000e+00,4.000000e-01,1.071278e-03,-1.096579e-02,4.734737e-02,3.124211e-02,4.437812e-01,1.800000e+00,8.000000e-01,-4.000000e-01
5.798301e-04,2.000000e-04,-6.102632e-03,3.828947e-03,8.035171e-02,-0.000000e+00,4.000000e-01,-1.000000e-01,1.490408e-03,-1.126579e-02,4.664737e-02,3.174211e-02,-8.239649e-02,1.000000e+00,2.000000e-01,-7.000000e-01
5.278504e-04,-3.000000e-04,-5.002632e-03,3.528947e-03,5.775190e-01,-0.000000e+00,3.000000e-01,6.000000e-01,1.541068e-03,-1.196579e-02,4.624737e-02,3.214211e-02,4.381931e-01,1.000000e+00,4.000000e-01,0.000000e+00
3.527521e-04,-2.000000e-04,-4.602632e-03,3.028947e-03,1.014594e+00,4.000000e-01,7.000000e-01,7.000000e-01,1.399518e-03,-1.236579e-02,4.664737e-02,3.234211e-02,5.160687e-01,1.200000e+00,-5.000000e-01,-3.000000e-01
4.943645e-04,-3.000000e-04,-4.502632e-03,3.228947e-03,2.863518e-01,1.000000e-01,6.000000e-01,0.000000e+00,1.339538e-03,-1.306579e-02,4.704737e-02,3.284211e-02,1.894005e-01,8.000000e-01,1.000000e+00,0.000000e+00
2.980584e-04,-3.000000e-04,-5.002632e-03,3.228947e-03,4.390102e-01,4.000000e-01,6.000000e-01,0.000000e+00,1.134553e-03,-1.336579e-02,4.724737e-02,3.284211e-02,1.839162e-01,3.000000e-01,-1.000000e-01,0.000000e+00
4.701552e-04,2.000000e-04,-5.602632e-03,3.428947e-03,3.997972e-01,4.000000e-01,5.000000e-01,0.000000e+00,1.055722e-03,-1.346579e-02,4.804737e-02,3.304211e-02,-4.648172e-01,-3.000000e-01,6.000000e-01,-2.000000e-01
4.255445e-04,1.000000e-04,-5.002632e-03,3.128947e-03,-1.526534e-01,-3.000000e-01,0.000000e+00,0.000000e+00,1.081937e-03,-1.306579e-02,4.884737e-02,3.304211e-02,-3.929495e-02,-2.000000e-01,4.000000e-01,2.000000e-01
5.126398e-04,-1.000000e-04,-5.302632e-03,3.528947e-03,4.360767e-02,-3.000000e-01,5.000000e-01,0.000000e+00,1.252990e-03,-1.296579e-02,4.904737e-02,3.324211e-02,-1.778588e-01,-2.000000e-01,3.000000e-01,0.000000e+00
-2.079292e-05,-1.000000e-04,-5.102632e-03,2.728947e-03,1.150101e-01,-6.000000e-01,-1.000000e-01,6.000000e-01,1.055817e-03,-1.296579e-02,4.954737e-02,3.314211e-02,-3.853909e-01,-5.000000e-01,5.000000e-01,0.000000e+00
5.291296e-04,-3.000000e-04,-5.002632e-03,3.528947e-03,6.517080e-01,-1.000000e-01,1.400000e+00,2.000000e-01,1.094031e-03,-1.256579e-02,5.064737e-02,3.324211e-02,2.362976e-01,1.000000e-01,6.000000e-01,4.000000e-01
1.362936e-04,-4.000000e-04,-4.702632e-03,2.928947e-03,3.401648e-01,-4.000000e-01,8.000000e-01,3.000000e-01,1.091441e-03,-1.266579e-02,5.044737e-02,3.324211e-02,1.685599e-01,1.000000e-01,2.000000e-01,2.000000e-01
3.049133e-04,-3.000000e-04,-4.402632e-03,2.928947e-03,2.751791e-01,-3.000000e-01,7.000000e-01,2.000000e-01,7.964329e-04,-1.226579e-02,5.054737e-02,3.264211e-02,-3.278514e-02,-6.000000e-01,5.000000e-01,5.000000e-01
2.400335e-04,-5.000000e-04,-4.502632e-03,3.028947e-03,3.573162e-01,-3.000000e-01,1.300000e+00,0.000000e+00,9.205574e-04,-1.186579e-02,5.024737e-02,3.244211e-02,1.380771e-01,-3.000000e-01,8.000000e-01,6.000000e-01
-5.178356e-05,-1.000000e-04,-4.202632e-03,2.228947e-03,3.658781e-01,-5.000000e-01,8.000000e-01,4.000000e-01,1.528978e-03,-1.116579e-02,4.994737e-02,3.264211e-02,3.218315e-01,-5.000000e-01,6.000000e-01,9.000000e-01
2.842706e-04,-2.000000e-04,-3.802632e-03,2.528947e-03,4.400600e-01,-2.000000e-01,6.000000e-01,4.000000e-01,1.415202e-03,-1.116579e-02,4.974737e-02,3.244211e-02,-7.341603e-02,-5.000000e-01,9.000000e-01,5.000000e-01
-1.241605e-04,-4.000000e-04,-3.802632e-03,2.128947e-03,2.891635e-01,-5.000000e-01,8.000000e-01,3.000000e-01,1.199561e-03,-1.126579e-02,4.974737e-02,3.224211e-02,-1.613849e-01,-9.000000e-01,1.400000e+00,8.000000e-01
-3.341965e-04,-2.000000e-04,-4.402632e-03,2.028947e-03,2.615920e-01,-4.000000e-01,6.000000e-01,3.000000e-01,1.389390e-03,-1.126579e-02,4.894737e-02,3.224211e-02,-1.030015e-01,1.000000e-01,1.700000e+00,3.000000e-01
-4.873066e-04,-2.000000e-04,-4.402632e-03,1.828947e-03,9.272975e-01,-3.000000e-01,8.000000e-01,1.000000e+00,1.399856e-03,-1.146579e-02,4.914737e-02,3.244211e-02,-2.115772e-01,-0.000000e+00,9.000000e-01,0.000000e+00
-1.337164e-04,-1.000000e-04,-4.802632e-03,2.428947e-03,4.714894e-01,-6.000000e-01,1.200000e+00,4.000000e-01,1.679973e-03,-1.146579e-02,4.934737e-02,3.284211e-02,-5.099808e-02,3.000000e-01,9.000000e-01,0.000000e+00
-9.177536e-04,1.000000e-04,-5.302632e-03,1.528947e-03,3.515475e-01,-3.000000e-01,7.000000e-01,3.000000e-01,1.481702e-03,-1.196579e-02,4.974737e-02,3.304211e-02,-4.019358e-01,-9.000000e-01,7.000000e-01,3.000000e-01
-6.016239e-04,2.000000e-04,-5.602632e-03,2.028947e-03,-1.599324e-02,-5.000000e-01,1.000000e+00,-2.000000e-01,1.590796e-03,-1.186579e-02,5.054737e-02,3.334211e-02,-6.869370e-02,-1.100000e+00,9.000000e-01,9.000000e-01
-9.606051e-04,1.000000e-04,-5.802632e-03,1.728947e-03,-2.135596e-01,-5.000000e-01,3.000000e-01,-1.000000e-01,1.576583e-03,-1.206579e-02,5.084737e-02,3.354211e-02,-2.929949e-01,-1.000000e+00,7.000000e-01,5.000000e-01
-5.642120e-04,2.000000e-04,-5.702632e-03,2.128947e-03,3.923263e-01,-3.000000e-01,1.000000e+00,2.000000e-01,1.311614e-03,-1.236579e-02,5.094737e-02,3.344211e-02,-4.837032e-03,-1.200000e+00,4.000000e-01,9.000000e-01
-5.593366e-04,3.000000e-04,-6.602632e-03,2.528947e-03,-3.237634e-01,-8.000000e-01,8.000000e-01,-3.000000e-01,9.179194e-04,-1.286579e-02,5.044737e-02,3.314211e-02,-3.788569e-01,-1.400000e+00,5.000000e-01,6.000000e-01
-8.390663e-04,2.000000e-04,-6.402632e-03,2.128947e-03,-9.522689e-02,-2.000000e-01,8.000000e-01,-4.000000e-01,1.089829e-03,-1.286579e-02,5.074737e-02,3.344211e-02,-2.038208e-01,-1.700000e+00,8.000000e-01,1.100000e+00
-1.091293e-03,1.000000e-04,-7.502632e-03,2.428947e-03,3.838012e-01,-4.000000e-01,1.500000e+00,0.000000e+00,1.227286e-03,-1.286579e-02,5.084737e-02,3.364211e-02,-1.122927e-01,-1.900000e+00,3.000000e-01,1.200000e+00
-1.114020e-03,-1.000000e-04,-7.302632e-03,2.428947e-03,-3.418742e-01,-9.000000e-01,1.000000e-01,1.000000e-01,1.155436e-03,-1.306579e-02,5.104737e-02,3.374211e-02,1.746150e-01,-8.000000e-01,2.000000e-01,8.000000e-01
-9.280962e-04,2.000000e-04,-8.002632e-03,2.828947e-03,-6.022986e-02,-5.000000e-01,3.000000e-01,1.000000e-01,1.000213e-03,-1.346579e-02,5.044737e-02,3.364211e-02,-2.617454e-01,-1.700000e+00,7.000000e-01,1.000000e+00
-1.184619e-03,0.000000e+00,-8.202632e-03,2.728947e-03,3.360011e-02,-7.000000e-01,8.000000e-01,1.000000e-01,7.076535e-04,-1.386579e-02,4.974737e-02,3.334211e-02,-3.509649e-01,-1.000000e+00,6.000000e-01,4.000000e-01
-7.242902e-04,0.000000e+00,-8.202632e-03,3.328947e-03,-2.192693e-01,-1.200000e+00,1.000000e+00,0.000000e+00,6.795869e-04,-1.366579e-02,4.824737e-02,3.274211e-02,-4.279470e-01,-1.100000e+00,7.000000e-01,4.000000e-01
-1.121178e-03,-1.000000e-04,-8.302632e-03,2.928947e-03,2.736554e-01,-0.000000e+00,7.000000e-01,0.000000e+00,6.402651e-04,-1.376579e-02,4.714737e-02,3.244211e-02,-4.171486e-01,-9.000000e-01,1.800000e+00,6.000000e-01
-6.240827e-04,2.000000e-04,-8.402632e-03,3.428947e-03,3.621276e-01,1.000000e-01,6.000000e-01,1.000000e-01,5.927011e-04,-1.396579e-02,4.654737e-02,3.234211e-02,-2.909701e-01,-8.000000e-01,8.000000e-01,4.000000e-01
-7.782128e-04,-1.000000e-04,-8.602632e-03,3.528947e-03,3.776800e-01,-1.000000e-01,9.000000e-01,1.000000e-01,4.777863e-04,-1.396579e-02,4.634737e-02,3.214211e-02,2.670499e-01,-0.000000e+00,-1.000000e-01,3.000000e-01
-1.578061e-04,-4.000000e-04,-7.802632e-03,4.128947e-03,3.917624e-01,-3.000000e-01,1.000000e+00,2.000000e-01,7.441791e-04,-1.396579e-02,4.624737e-02,3.244211e-02,-3.381107e-01,-1.000000e+00,2.000000e-01,3.000000e-01
9.593061e-05,-2.000000e-04,-8.002632e-03,4.428947e-03,-5.739972e-02,-5.000000e-01,7.000000e-01,-1.000000e-01,9.903127e-04,-1.406579e-02,4.634737e-02,3.284211e-02,1.443505e-01,-1.400000e+00,0.000000e+00,1.100000e+00
2.069708e-04,-3.000000e-04,-6.802632e-03,4.028947e-03,2.141860e-01,-8.000000e-01,1.000000e+00,3.000000e-01,7.595394e-04,-1.406579e-02,4.594737e-02,3.244211e-02,-2.357662e-01,-5.000000e-01,9.000000e-01,3.000000e-01
5.622375e-04,-2.000000e-04,-7.202632e-03,4.628947e-03,1.336461e-01,-5.000000e-01,6.000000e-01,2.000000e-01,5.689334e-04,-1.396579e-02,4.594737e-02,3.214211e-02,-2.911482e-01,-1.000000e+00,0.000000e+00,3.000000e-01
-4.188807e-04,-7.000000e-04,-6.902632e-03,3.528947e-03,-1.606288e-01,-7.000000e-01,5.000000e-01,0.000000e+00,8.074636e-04,-1.386579e-02,4.584737e-02,3.234211e-02,-3.170337e-01,-1.200000e+00,0.000000e+00,4.000000e-01
-2.507523e-04,-6.000000e-04,-6.602632e-03,3.528947e-03,-3.308577e-02,-6.000000e-01,5.000000e-01,1.000000e-01,7.361928e-04,-1.386579e-02,4.614737e-02,3.234211e-02,-7.128997e-01,-1.000000e+00,1.100000e+00,1.000000e-01
-7.325375e-05,-4.000000e-04,-6.802632e-03,3.728947e-03,3.506151e-01,-6.000000e-01,5.000000e-01,6.000000e-01,7.099879e-04,-1.386579e-02,4.694737e-02,3.254211e-02,2.730125e-01,-4.000000e-01,0.000000e+00,6.000000e-01
3.381694e-04,-5.000000e-04,-6.602632e-03,4.228947e-03,6.425261e-01,-1.000000e-01,4.000000e-01,7.000000e-01,4.814850e-04,-1.396579e-02,4.734737e-02,3.244211e-02,2.688676e-01,-3.000000e-01,-1.000000e-01,5.000000e-01
3.351197e-04,-8.000000e-04,-7.202632e-03,4.728947e-03,9.689583e-02,-5.000000e-01,9.000000e-01,0.000000e+00,4.655985e-04,-1.366579e-02,4.774737e-02,3.234211e-02,-2.215874e-01,-1.300000e+00,4.000000e-01,7.000000e-01
3.597308e-04,-3.000000e-04,-7.002632e-03,4.328947e-03,5.861800e-01,-3.000000e-01,1.500000e+00,2.000000e-01,7.730266e-04,-1.356579e-02,4.804737e-02,3.274211e-02,-4.197403e-01,-1.000000e+00,2.000000e-01,2.000000e-01
2.386910e-04,0.000000e+00,-7.702632e-03,4.328947e-03,5.471423e-01,-3.000000e-01,1.400000e+00,2.000000e-01,8.820126e-04,-1.316579e-02,4.814737e-02,3.264211e-02,-1.414351e-02,-1.000000e+00,2.000000e-01,7.000000e-01
3.164622e-04,-3.000000e-04,-7.702632e-03,4.628947e-03,5.187068e-01,-2.000000e-01,1.000000e+00,3.000000e-01,7.914324e-04,-1.296579e-02,4.794737e-02,3.234211e-02,1.710553e-01,-1.500000e+00,0.000000e+00,1.200000e+00
8.120838e-04,-3.000000e-04,-8.202632e-03,5.528947e-03,5.188381e-01,1.000000e-01,1.200000e+00,0.000000e+00,7.441721e-04,-1.276579e-02,4.824737e-02,3.224211e-02,-1.154598e-02,-2.100000e+00,1.000000e-01,1.400000e+00
4.674323e-04,-3.000000e-04,-8.102632e-03,5.028947e-03,4.880078e-01,2.000000e-01,4.000000e-01,3.000000e-01,1.087349e-03,-1.266579e-02,4.804737e-02,3.254211e-02,6.823237e-02,-1.300000e+00,2.000000e-01,1.000000e+00
1.375703e-03,-1.000000e-04,-8.002632e-03,6.028947e-03,4.690950e-01,-3.000000e-01,1.200000e+00,2.000000e-01,9.882265e-04,-1.256579e-02,4.834737e-02,3.244211e-02,2.861217e-01,-1.000000e+00,3.000000e-01,1.100000e+00
8.618825e-04,-2.000000e-04,-8.402632e-03,5.628947e-03,3.898593e-01,-3.000000e-01,8.000000e-01,3.000000e-01,7.660690e-04,-1.256579e-02,4.824737e-02,3.214211e-02,-4.507266e-01,-2.200000e+00,7.000000e-01,1.100000e+00
1.081001e-03,-3.000000e-04,-8.102632e-03,5.828947e-03,3.532796e-01,-0.000000e+00,1.300000e+00,-2.000000e-01,8.532949e-04,-1.266579e-02,4.764737e-02,3.214211e-02,8.221890e-03,-1.500000e+00,0.000000e+00,1.000000e+00
5.811180e-04,-3.000000e-04,-8.202632e-03,5.228947e-03,3.887288e-01,-0.000000e+00,8.000000e-01,1.000000e-01,1.047561e-03,-1.276579e-02,4.694737e-02,3.224211e-02,-3.026100e-01,-3.000000e-01,6.000000e-01,0.000000e+00
3.400008e-04,-4.000000e-04,-7.902632e-03,4.828947e-03,2.894537e-01,-5.000000e-01,1.000000e+00,2.000000e-01,1.296033e-03,-1.256579e-02,4.634737e-02,3.224211e-02,-7.237730e-02,-1.000000e+00,1.000000e-01,6.000000e-01
-1.094627e-04,-6.000000e-04,-8.202632e-03,4.528947e-03,1.109663e-01,-4.000000e-01,1.200000e+00,-2.000000e-01,9.245814e-04,-1.276579e-02,4.574737e-02,3.174211e-02,-7.828531e-01,-1.500000e+00,6.000000e-01,2.000000e-01
-5.411929e-04,-1.000000e-03,-7.802632e-03,4.028947e-03,9.798897e-02,-5.000000e-01,1.100000e+00,-1.000000e-01,9.601578e-04,-1.296579e-02,4.514737e-02,3.174211e-02,-6.580857e-02,-3.000000e-01,-4.000000e-01,0.000000e+00
-4.025617e-04,-8.000000e-04,-8.102632e-03,4.228947e-03,2.079564e-01,-2.000000e-01,4.000000e-01,2.000000e-01,7.535454e-04,-1.296579e-02,4.464737e-02,3.134211e-02,-1.919696e-02,-9.000000e-01,1.000000e-01,6.000000e-01
-3.888200e-04,-7.000000e-04,-7.802632e-03,4.028947e-03,3.165275e-01,-6.000000e-01,1.200000e+00,2.000000e-01,8.814226e-04,-1.296579e-02,4.444737e-02,3.144211e-02,1.512897e-01,-6.000000e-01,4.000000e-01,7.000000e-01
1.102797e-04,-7.000000e-04,-7.902632e-03,4.728947e-03,2.387156e-01,-9.000000e-01,8.000000e-01,5.000000e-01,6.343096e-04,-1.286579e-02,4.434737e-02,3.104211e-02,-2.716442e-01,-5.000000e-01,7.000000e-01,2.000000e-01
1.577598e-04,-6.000000e-04,-8.502632e-03,5.028947e-03,3.393977e-02,-7.000000e-01,1.000000e+00,0.000000e+00,9.285284e-04,-1.266579e-02,4.424737e-02,3.124211e-02,-7.027431e-02,5.000000e-01,4.000000e-01,-3.000000e-01
6.841535e-04,-7.000000e-04,-8.402632e-03,5.728947e-03,2.752037e-01,-6.000000e-01,7.000000e-01,4.000000e-01,9.877589e-04,-1.246579e-02,4.444737e-02,3.124211e-02,9.154686e-02,-8.000000e-01,2.000000e-01,7.000000e-01
1.571688e-04,-6.000000e-04,-8.702632e-03,5.128947e-03,4.261959e-01,-0.000000e+00,7.000000e-01,2.000000e-01,5.744422e-04,-1.236579e-02,4.504737e-02,3.084211e-02,1.075512e-01,-7.000000e-01,7.000000e-01,8.000000e-01
5.248781e-04,-4.000000e-04,-9.202632e-03,5.728947e-03,2.057127e-02,-5.000000e-01,1.100000e+00,-2.000000e-01,5.894298e-04,-1.196579e-02,4.554737e-02,3.074211e-02,-7.445780e-02,-7.000000e-01,1.000000e-01,4.000000e-01
-2.622071e-05,-5.000000e-04,-9.302632e-03,5.128947e-03,5.700072e-01,-1.000000e-01,1.200000e+00,2.000000e-01,3.535975e-04,-1.216579e-02,4.574737e-02,3.064211e-02,-7.460411e-02,-8.000000e-01,9.000000e-01,7.000000e-01
8.747265e-05,-5.000000e-04,-9.602632e-03,5.428947e-03,5.452762e-01,-3.000000e-01,1.200000e+00,3.000000e-01,4.946962e-04,-1.196579e-02,4.594737e-02,3.074211e-02,-2.336491e-02,-8.000000e-01,0.000000e+00,5.000000e-01
8.561016e-05,-5.000000e-04,-1.000263e-02,5.628947e-03,3.492651e-01,-0.000000e+00,7.000000e-01,1.000000e-01,1.855241e-04,-1.206579e-02,4.634737e-02,3.054211e-02,7.504472e-03,-2.000000e-01,2.000000e-01,2.000000e-01
1.533507e-04,-3.000000e-04,-9.102632e-03,5.128947e-03,-3.087507e-02,-9.000000e-01,7.000000e-01,2.000000e-01,1.689334e-04,-1.196579e-02,4.664737e-02,3.054211e-02,-7.224305e-02,-5.000000e-01,2.000000e-01,3.000000e-01
-5.265629e-04,-5.000000e-04,-9.602632e-03,4.628947e-03,5.788312e-01,-0.000000e+00,5.000000e-01,5.000000e-01,-1.058045e-04,-1.226579e-02,4.644737e-02,3.034211e-02,-2.006751e-01,-5.000000e-01,4.000000e-01,2.000000e-01
-5.902326e-04,-4.000000e-04,-9.502632e-03,4.428947e-03,5.527225e-01,1.000000e-01,5.000000e-01,4.000000e-01,1.614290e-04,-1.226579e-02,4.634737e-02,3.064211e-02,-2.491774e-01,-3.000000e-01,1.400000e+00,3.000000e-01
-9.356685e-04,-7.000000e-04,-9.602632e-03,4.228947e-03,5.678812e-02,-2.000000e-01,1.000000e+00,-3.000000e-01,-5.658864e-06,-1.236579e-02,4.614737e-02,3.044211e-02,-4.107553e-02,1.000000e-01,4.000000e-01,0.000000e+00
-1.051519e-03,-7.000000e-04,-9.502632e-03,4.028947e-03,5.820457e-01,3.000000e-01,1.500000e+00,-2.000000e-01,1.271658e-04,-1.246579e-02,4.604737e-02,3.064211e-02,4.857331e-02,-3.000000e-01,-2.000000e-01,2.000000e-01
-1.142717e-03,-5.000000e-04,-9.602632e-03,3.828947e-03,1.930697e-01,3.000000e-01,5.000000e-01,-2.000000e-01,2.834505e-04,-1.256579e-02,4.584737e-02,3.084211e-02,-1.280547e-01,-1.000000e-01,1.000000e+00,2.000000e-01
-1.010451e-03,-7.000000e-04,-8.802632e-03,3.728947e-03,1.219348e-01,-3.000000e-01,1.100000e+00,-2.000000e-01,-6.447371e-05,-1.306579e-02,4.584737e-02,3.074211e-02,8.989844e-02,3.000000e-01,3.000000e-01,0.000000e+00
-4.734679e-04,-7.000000e-04,-9.002632e-03,4.528947e-03,6.196712e-01,-0.000000e+00,1.000000e+00,3.000000e-01,-3.976223e-05,-1.306579e-02,4.574737e-02,3.074211e-02,-3.241564e-01,-0.000000e+00,0.000000e+00,-4.000000e-01
-5.348605e-04,-9.000000e-04,-8.502632e-03,4.328947e-03,3.249218e-01,1.000000e-01,1.100000e+00,-2.000000e-01,1.295779e-04,-1.296579e-02,4.594737e-02,3.094211e-02,-3.982073e-01,-0.000000e+00,1.000000e+00,-2.000000e-01
-2.786325e-04,-7.000000e-04,-8.302632e-03,4.428947e-03,-1.622284e-01,-4.000000e-01,5.000000e-01,-2.000000e-01,4.841152e-04,-1.286579e-02,4.604737e-02,3.134211e-02,-4.804819e-01,-5.000000e-01,9.000000e-01,0.000000e+00
-7.157914e-04,-8.000000e-04,-8.902632e-03,4.228947e-03,-2.783644e-01,-7.000000e-01,0.000000e+00,1.000000e-01,4.925228e-04,-1.306579e-02,4.624737e-02,3.154211e-02,-7.235410e-01,-5.000000e-01,9.000000e-01,-3.000000e-01
-2.144319e-04,-8.000000e-04,-8.602632e-03,4.728947e-03,1.451985e-01,-4.000000e-01,5.000000e-01,2.000000e-01,4.070085e-04,-1.326579e-02,4.684737e-02,3.174211e-02,-3.597758e-01,-3.000000e-01,5.000000e-01,-1.000000e-01
-3.298798e-04,-8.000000e-04,-8.702632e-03,4.628947e-03,1.935453e-01,-0.000000e+00,3.000000e-01,1.000000e-01,4.068246e-04,-1.306579e-02,4.764737e-02,3.184211e-02,-3.797867e-01,-8.000000e-01,2.200000e+00,7.000000e-01
-3.566911e-05,-6.000000e-04,-8.602632e-03,4.828947e-03,3.752037e-01,-1.000000e-01,7.000000e-01,2.000000e-01,4.014335e-04,-1.296579e-02,4.824737e-02,3.194211e-02,2.719483e-01,-2.000000e-01,8.000000e-01,7.000000e-01
-4.848011e-04,-8.000000e-04,-8.902632e-03,4.528947e-03,2.080779e-01,1.000000e-01,8.000000e-01,-2.000000e-01,3.316026e-04,-1.296579e-02,4.854737e-02,3.194211e-02,-3.631685e-02,-8.000000e-01,4.000000e-01,6.000000e-01
2.868119e-04,-1.100000e-03,-8.502632e-03,5.528947e-03,3.105200e-01,3.000000e-01,1.000000e+00,-3.000000e-01,5.349529e-04,-1.286579e-02,4.894737e-02,3.224211e-02,-4.128094e-01,-1.200000e+00,4.000000e-01,4.000000e-01
-3.961482e-04,-1.000000e-03,-9.202632e-03,4.928947e-03,1.303599e-01,1.000000e-01,6.000000e-01,-2.000000e-01,6.428225e-04,-1.266579e-02,4.894737e-02,3.224211e-02,-1.535678e-02,-1.000000e+00,2.000000e-01,7.000000e-01
-4.466324e-04,-1.100000e-03,-9.002632e-03,4.828947e-03,7.372547e-01,-0.000000e+00,1.500000e+00,2.000000e-01,7.351574e-04,-1.266579e-02,4.924737e-02,3.244211e-02,1.768567e-01,-9.000000e-01,3.000000e-01,9.000000e-01
-4.150211e-04,-5.000000e-04,-9.702632e-03,4.828947e-03,5.926967e-02,-5.000000e-01,1.200000e+00,-2.000000e-01,7.093304e-04,-1.286579e-02,4.924737e-02,3.254211e-02,-1.014451e-01,-1.200000e+00,8.000000e-01,9.000000e-01
-2.722285e-04,-6.000000e-04,-9.402632e-03,4.928947e-03,3.008855e-01,-4.000000e-01,9.000000e-01,2.000000e-01,3.666500e-04,-1.296579e-02,4.944737e-02,3.224211e-02,1.219625e-01,-7.000000e-01,3.000000e-01,7.000000e-01
-1.478416e-04,-5.000000e-04,-1.000263e-02,5.328947e-03,3.128136e-01,-0.000000e+00,1.200000e+00,-2.000000e-01,4.102159e-04,-1.286579e-02,4.914737e-02,3.214211e-02,-1.092893e-01,-1.000000e+00,6.000000e-01,7.000000e-01
1.488318e-04,-6.000000e-04,-9.702632e-03,5.628947e-03,6.457705e-01,-1.000000e-01,1.000000e+00,4.000000e-01,7.118014e-04,-1.256579e-02,4.854737e-02,3.214211e-02,-4.344629e-01,-1.300000e+00,1.300000e+00,7.000000e-01
-5.561133e-04,-7.000000e-04,-9.802632e-03,4.828947e-03,5.806689e-01,-0.000000e+00,9.000000e-01,3.000000e-01,8.043955e-04,-1.276579e-02,4.804737e-02,3.224211e-02,-1.527206e-01,-5.000000e-01,2.000000e-01,2.000000e-01
-5.532400e-04,-7.000000e-04,-9.202632e-03,4.528947e-03,4.394833e-01,-2.000000e-01,6.000000e-01,4.000000e-01,5.947530e-04,-1.296579e-02,4.744737e-02,3.194211e-02,-2.606874e-01,-1.000000e+00,9.000000e-01,6.000000e-01
1.766784e-04,-4.000000e-04,-9.102632e-03,5.228947e-03,4.226292e-01,3.000000e-01,3.000000e-01,2.000000e-01,6.394446e-04,-1.316579e-02,4.714737e-02,3.204211e-02,5.426607e-02,-5.000000e-01,7.000000e-01,6.000000e-01
-4.758246e-04,-7.000000e-04,-9.202632e-03,4.628947e-03,3.126323e-01,-3.000000e-01,8.000000e-01,2.000000e-01,5.220865e-04,-1.336579e-02,4.684737e-02,3.194211e-02,1.743123e-01,-3.000000e-01,3.000000e-01,5.000000e-01
2.165753e-04,-7.000000e-04,-9.202632e-03,5.528947e-03,3.220017e-01,1.000000e-01,5.000000e-01,1.000000e-01,3.790820e-04,-1.326579e-02,4.664737e-02,3.164211e-02,-2.176301e-01,-9.000000e-01,6.000000e-01,5.000000e-01
-4.215064e-06,-3.000000e-04,-9.302632e-03,5.028947e-03,3.862771e-01,3.000000e-01,8.000000e-01,-1.000000e-01,6.616874e-04,-1.306579e-02,4.624737e-02,3.174211e-02,-1.629322e-01,-3.000000e-01,7.000000e-01,2.000000e-01
-2.589102e-04,-5.000000e-04,-9.102632e-03,4.728947e-03,3.863139e-01,3.000000e-01,8.000000e-01,-1.000000e-01,5.233585e-04,-1.306579e-02,4.614737e-02,3.154211e-02,4.330343e-01,-1.000000e-01,0.000000e+00,6.000000e-01
-3.387968e-04,-5.000000e-04,-9.702632e-03,4.928947e-03,3.626514e-01,1.000000e-01,1.000000e+00,-1.000000e-01,1.929809e-04,-1.316579e-02,4.594737e-02,3.114211e-02,-2.688852e-01,-0.000000e+00,8.000000e-01,-1.000000e-01
-7.989944e-05,-3.000000e-04,-8.902632e-03,4.728947e-03,6.018678e-01,5.000000e-01,5.000000e-01,2.000000e-01,4.283502e-04,-1.296579e-02,4.574737e-02,3.124211e-02,-4.489844e-01,-4.000000e-01,1.000000e+00,0.000000e+00
-3.267793e-04,-4.000000e-04,-9.802632e-03,4.928947e-03,9.688334e-01,1.300000e+00,4.000000e-01,2.000000e-01,4.757910e-04,-1.276579e-02,4.634737e-02,3.134211e-02,-2.183050e-01,-4.000000e-01,1.400000e+00,4.000000e-01
2.503322e-04,-4.000000e-04,-9.702632e-03,5.628947e-03,3.856220e-01,3.000000e-01,6.000000e-01,0.000000e+00,6.385259e-06,-1.286579e-02,4.604737e-02,3.074211e-02,-1.331960e-01,-4.000000e-01,0.000000e+00,1.000000e-01
8.399405e-05,-5.000000e-04,-9.802632e-03,5.528947e-03,-1.553751e-01,3.000000e-01,0.000000e+00,-4.000000e-01,2.207761e-04,-1.246579e-02,4.604737e-02,3.074211e-02,1.516527e-01,-1.000000e-01,1.200000e+00,6.000000e-01
-3.525013e-04,-6.000000e-04,-1.000263e-02,5.128947e-03,5.024307e-01,3.000000e-01,9.000000e-01,0.000000e+00,6.286331e-04,-1.226579e-02,4.614737e-02,3.114211e-02,-5.178683e-02,-5.000000e-01,1.500000e+00,7.000000e-01
-4.304290e-04,-6.000000e-04,-1.020263e-02,5.128947e-03,1.422707e-01,2.000000e-01,5.000000e-01,-2.000000e-01,7.406180e-04,-1.216579e-02,4.624737e-02,3.124211e-02,-3.590565e-01,-3.000000e-01,5.000000e-01,-1.000000e-01
-1.094911e-03,-7.000000e-04,-9.802632e-03,4.128947e-03,4.501729e-01,5.000000e-01,9.000000e-01,-2.000000e-01,6.153096e-04,-1.226579e-02,4.724737e-02,3.144211e-02,-8.400511e-02,-5.000000e-01,6.000000e-01,4.000000e-01
-7.005162e-04,-6.000000e-04,-1.010263e-02,4.728947e-03,2.103104e-01,1.000000e-01,1.200000e+00,-4.000000e-01,8.059327e-04,-1.216579e-02,4.804737e-02,3.184211e-02,-1.117178e-01,-7.000000e-01,1.300000e+00,7.000000e-01
-3.278488e-04,-1.000000e-03,-1.020263e-02,5.528947e-03,9.707630e-01,1.300000e+00,8.000000e-01,0.000000e+00,8.384360e-04,-1.216579e-02,4.894737e-02,3.214211e-02,-2.087564e-01,-1.100000e+00,8.000000e-01,7.000000e-01
-1.808728e-04,-1.100000e-03,-9.102632e-03,5.228947e-03,4.990201e-01,6.000000e-01,5.000000e-01,0.000000e+00,1.187886e-03,-1.196579e-02,4.894737e-02,3.244211e-02,5.023208e-02,-1.700000e+00,4.000000e-01,1.300000e+00
-4.158440e-04,-1.400000e-03,-1.010263e-02,5.628947e-03,8.731644e-01,8.000000e-01,1.200000e+00,0.000000e+00,1.028156e-03,-1.206579e-02,4.904737e-02,3.234211e-02,-1.195668e-02,-1.900000e+00,9.000000e-01,1.500000e+00
-8.612912e-04,-1.300000e-03,-9.402632e-03,4.628947e-03,9.176267e-02,1.000000e-01,5.000000e-01,-2.000000e-01,9.197727e-04,-1.246579e-02,4.824737e-02,3.224211e-02,-1.564571e-01,-1.500000e+00,7.000000e-01,1.000000e+00
-7.167436e-04,-1.700000e-03,-9.102632e-03,4.928947e-03,8.492972e-01,3.000000e-01,1.000000e+00,4.000000e-01,1.156650e-03,-1.256579e-02,4.804737e-02,3.254211e-02,3.832797e-01,-6.000000e-01,8.000000e-01,1.100000e+00
-6.780174e-04,-1.700000e-03,-9.002632e-03,4.928947e-03,3.959935e-01,7.000000e-01,5.000000e-01,-2.000000e-01,1.086401e-03,-1.326579e-02,4.674737e-02,3.254211e-02,7.115857e-02,-9.000000e-01,1.100000e+00,1.000000e+00
-5.894570e-05,-1.700000e-03,-8.202632e-03,5.328947e-03,6.277647e-01,7.000000e-01,7.000000e-01,0.000000e+00,7.891862e-04,-1.396579e-02,4.434737e-02,3.194211e-02,-6.267270e-01,5.000000e-01,7.000000e-01,-9.000000e-01
-1.245074e-04,-1.300000e-03,-8.102632e-03,4.928947e-03,7.079693e-01,1.000000e-01,7.000000e-01,5.000000e-01,4.373506e-04,-1.376579e-02,4.284737e-02,3.094211e-02,2.582634e-01,2.200000e+00,1.500000e+00,-7.000000e-01
6.044305e-04,-1.300000e-03,-8.202632e-03,5.928947e-03,3.631236e-01,4.000000e-01,1.200000e+00,-4.000000e-01,4.236790e-04,-1.366579e-02,4.174737e-02,3.054211e-02,-2.017602e-01,2.600000e+00,2.300000e+00,-1.300000e+00
2.894106e-04,-1.700000e-03,-7.502632e-03,5.428947e-03,9.514402e-01,8.000000e-01,1.400000e+00,0.000000e+00,3.821197e-05,-1.386579e-02,4.154737e-02,3.014211e-02,5.000119e-03,2.400000e+00,2.000000e+00,-1.000000e+00
2.029546e-04,-1.800000e-03,-7.002632e-03,5.128947e-03,5.816704e-01,-0.000000e+00,9.000000e-01,3.000000e-01,2.746045e-04,-1.396579e-02,4.134737e-02,3.044211e-02,-2.631763e-02,1.300000e+00,1.700000e+00,-4.000000e-01
-8.662405e-05,-1.600000e-03,-8.202632e-03,5.228947e-03,1.198500e-01,-3.000000e-01,5.000000e-01,1.000000e-01,1.675717e-04,-1.446579e-02,4.274737e-02,3.104211e-02,-2.207664e-01,1.500000e+00,1.600000e+00,-8.000000e-01
-1.458541e-04,-1.800000e-03,-7.502632e-03,4.928947e-03,3.119785e-01,-0.000000e+00,8.000000e-01,0.000000e+00,1.057109e-04,-1.466579e-02,4.394737e-02,3.144211e-02,2.991608e-01,8.000000e-01,9.000000e-01,1.000000e-01
5.801712e-04,-1.200000e-03,-7.602632e-03,5.528947e-03,2.088949e-01,1.000000e-01,8.000000e-01,-2.000000e-01,9.499007e-05,-1.446579e-02,4.514737e-02,3.164211e-02,-6.612834e-01,-3.000000e-01,1.800000e+00,-1.000000e-01
1.417437e-04,-1.000000e-03,-7.802632e-03,4.928947e-03,3.276617e-01,-2.000000e-01,1.100000e+00,0.000000e+00,4.585202e-04,-1.456579e-02,4.614737e-02,3.244211e-02,-1.563279e-01,1.000000e-01,9.000000e-01,0.000000e+00
1.045237e-04,-1.300000e-03,-7.902632e-03,5.128947e-03,3.353267e-01,2.000000e-01,6.000000e-01,0.000000e+00,1.411505e-04,-1.426579e-02,4.854737e-02,3.254211e-02,8.962280e-02,-2.000000e-01,9.000000e-01,5.000000e-01
-5.927609e-04,-1.300000e-03,-8.902632e-03,4.728947e-03,7.052252e-01,4.000000e-01,5.000000e-01,4.000000e-01,3.564438e-06,-1.356579e-02,5.144737e-02,3.274211e-02,-2.399481e-01,-6.000000e-01,7.000000e-01,3.000000e-01
-1.438807e-04,-1.400000e-03,-8.802632e-03,5.328947e-03,7.603789e-01,5.000000e-01,1.300000e+00,0.000000e+00,4.002795e-04,-1.386579e-02,5.324737e-02,3.394211e-02,2.217871e-01,-8.000000e-01,1.400000e+00,1.200000e+00
-7.454924e-04,-1.300000e-03,-8.502632e-03,4.328947e-03,7.173663e-01,8.000000e-01,8.000000e-01,0.000000e+00,3.461470e-04,-1.416579e-02,5.384737e-02,3.424211e-02,2.572940e-01,-8.000000e-01,2.000000e-01,9.000000e-01
-6.952165e-04,-1.200000e-03,-8.502632e-03,4.328947e-03,7.174222e-01,8.000000e-01,8.000000e-01,0.000000e+00,2.494674e-04,-1.456579e-02,5.334737e-02,3.424211e-02,-1.539024e-01,-1.200000e+00,1.400000e+00,1.000000e+00
-1.068006e-03,-1.100000e-03,-8.602632e-03,3.828947e-03,1.903914e-01,6.000000e-01,3.000000e-01,-3.000000e-01,8.537285e-05,-1.476579e-02,5.324737e-02,3.414211e-02,-1.651629e-01,-1.200000e+00,1.100000e+00,9.000000e-01
-7.281323e-04,-1.200000e-03,-7.602632e-03,3.828947e-03,4.940294e-01,-4.000000e-01,8.000000e-01,5.000000e-01,1.191658e-05,-1.466579e-02,5.204737e-02,3.364211e-02,-3.019727e-01,-1.000000e+00,1.100000e+00,6.000000e-01
-1.012403e-03,-1.000000e-03,-7.802632e-03,3.428947e-03,9.790873e-01,1.000000e-01,1.000000e+00,7.000000e-01,1.759996e-04,-1.516579e-02,5.054737e-02,3.374211e-02,2.741452e-01,1.000000e-01,8.000000e-01,5.000000e-01
-1.201537e-03,-1.300000e-03,-7.502632e-03,3.228947e-03,6.843379e-01,2.000000e-01,1.100000e+00,2.000000e-01,1.436329e-04,-1.546579e-02,4.964737e-02,3.364211e-02,-1.273117e-01,-5.000000e-01,1.500000e+00,6.000000e-01
-9.711777e-04,-1.300000e-03,-7.502632e-03,3.528947e-03,4.281001e-01,-0.000000e+00,9.000000e-01,1.000000e-01,-3.758095e-04,-1.526579e-02,4.954737e-02,3.284211e-02,-3.783890e-01,-1.000000e-01,7.000000e-01,-2.000000e-01
-6.792258e-04,-8.000000e-04,-7.402632e-03,3.528947e-03,4.280942e-01,-0.000000e+00,9.000000e-01,1.000000e-01,-3.367087e-05,-1.536579e-02,4.854737e-02,3.304211e-02,1.252729e-01,3.000000e-01,-2.000000e-01,-1.000000e-01
-3.672574e-04,-8.000000e-04,-6.602632e-03,3.528947e-03,5.214337e-01,-5.000000e-01,1.000000e+00,5.000000e-01,3.128875e-04,-1.556579e-02,4.834737e-02,3.354211e-02,4.622752e-01,3.000000e-01,1.000000e-01,4.000000e-01
-1.010268e-03,-7.000000e-04,-6.802632e-03,2.728947e-03,6.335792e-01,1.000000e-01,1.100000e+00,2.000000e-01,2.699625e-05,-1.566579e-02,4.864737e-02,3.334211e-02,-5.266108e-01,-9.000000e-01,9.000000e-01,2.000000e-01
-6.788909e-04,-5.000000e-04,-7.002632e-03,3.128947e-03,1.676844e-01,1.000000e-01,3.000000e-01,0.000000e+00,3.358423e-04,-1.556579e-02,4.824737e-02,3.354211e-02,-3.876277e-01,-4.000000e-01,4.000000e-01,-1.000000e-01
-6.262426e-04,-7.000000e-04,-7.002632e-03,3.328947e-03,2.340968e-01,-0.000000e+00,6.000000e-01,0.000000e+00,5.349238e-04,-1.536579e-02,4.854737e-02,3.374211e-02,-1.190733e+00,-1.600000e+00,1.100000e+00,-1.000000e-01
-1.268130e-04,-7.000000e-04,-7.102632e-03,4.028947e-03,2.457325e-01,1.000000e-01,5.000000e-01,0.000000e+00,1.579024e-04,-1.526579e-02,4.864737e-02,3.324211e-02,-8.706075e-01,-1.500000e+00,3.000000e-01,0.000000e+00
-1.923986e-04,-9.000000e-04,-7.602632e-03,4.328947e-03,2.457397e-01,1.000000e-01,5.000000e-01,0.000000e+00,2.555370e-04,-1.536579e-02,4.834737e-02,3.334211e-02,-2.832174e-01,-4.000000e-01,3.000000e-01,0.000000e+00
1.531031e-04,-1.200000e-03,-8.102632e-03,5.228947e-03,-1.163342e-02,-1.000000e-01,1.000000e-01,0.000000e+00,2.791201e-04,-1.486579e-02,4.904737e-02,3.324211e-02,-3.527995e-01,-4.000000e-01,6.000000e-01,0.000000e+00
-2.583181e-04,-1.400000e-03,-8.502632e-03,5.028947e-03,1.670427e-01,4.000000e-01,5.000000e-01,-3.000000e-01,-1.458893e-04,-1.446579e-02,4.934737e-02,3.254211e-02,-5.271165e-01,-9.000000e-01,2.000000e-01,0.000000e+00
-4.793799e-04,-1.300000e-03,-9.002632e-03,4.928947e-03,2.300113e-01,3.000000e-01,2.000000e-01,0.000000e+00,8.178942e-05,-1.486579e-02,4.884737e-02,3.294211e-02,-1.600141e-01,-3.000000e-01,7.000000e-01,2.000000e-01
-8.241643e-04,-1.600000e-03,-9.102632e-03,4.728947e-03,1.036557e-01,2.000000e-01,4.000000e-01,-2.000000e-01,1.734377e-04,-1.456579e-02,4.914737e-02,3.294211e-02,-1.091629e-01,1.000000e-01,0.000000e+00,-2.000000e-01
-9.143375e-04,-1.700000e-03,-9.202632e-03,4.728947e-03,1.828936e-01,2.000000e-01,8.000000e-01,-3.000000e-01,-4.201228e-05,-1.466579e-02,4.914737e-02,3.274211e-02,-2.085437e-01,-0.000000e+00,9.000000e-01,0.000000e+00
-5.778487e-04,-2.100000e-03,-9.002632e-03,5.328947e-03,7.192685e-01,5.000000e-01,8.000000e-01,2.000000e-01,1.321858e-04,-1.466579e-02,4.874737e-02,3.284211e-02,-1.295722e-01,-2.000000e-01,8.000000e-01,2.000000e-01
-6.393019e-04,-2.300000e-03,-8.702632e-03,5.228947e-03,6.423898e-01,5.000000e-01,8.000000e-01,1.000000e-01,9.862382e-05,-1.466579e-02,4.924737e-02,3.294211e-02,-1.786290e-01,1.000000e-01,3.000000e-01,-2.000000e-01
-8.053190e-04,-2.400000e-03,-8.602632e-03,5.028947e-03,3.855093e-01,6.000000e-01,8.000000e-01,-3.000000e-01,2.037438e-04,-1.466579e-02,4.914737e-02,3.304211e-02,3.857787e-01,2.000000e-01,2.000000e-01,4.000000e-01
-8.684412e-04,-2.300000e-03,-8.302632e-03,4.728947e-03,1.933727e-01,3.000000e-01,5.000000e-01,-2.000000e-01,4.242207e-04,-1.466579e-02,4.854737e-02,3.314211e-02,-1.181104e-01,-2.000000e-01,4.000000e-01,1.000000e-01
-7.169520e-04,-2.000000e-03,-8.302632e-03,4.728947e-03,6.961670e-01,3.000000e-01,1.000000e+00,2.000000e-01,2.765195e-04,-1.446579e-02,4.894737e-02,3.294211e-02,1.267488e-01,3.000000e-01,1.200000e+00,3.000000e-01
-4.414402e-04,-2.000000e-03,-7.202632e-03,4.528947e-03,8.352735e-01,5.000000e-01,9.000000e-01,3.000000e-01,2.800560e-04,-1.426579e-02,4.904737e-02,3.284211e-02,-1.442521e-01,1.000000e-01,-2.000000e-01,-3.000000e-01
-2.232825e-04,-1.800000e-03,-6.902632e-03,4.528947e-03,5.412073e-01,3.000000e-01,8.000000e-01,1.000000e-01,5.790020e-04,-1.466579e-02,4.964737e-02,3.364211e-02,-5.402871e-01,-1.000000e-01,7.000000e-01,-4.000000e-01
-1.936561e-04,-1.900000e-03,-6.302632e-03,4.328947e-03,5.412187e-01,3.000000e-01,8.000000e-01,1.000000e-01,3.786923e-04,-1.456579e-02,5.004737e-02,3.344211e-02,2.368262e-01,7.000000e-01,1.300000e+00,2.000000e-01
-3.235737e-04,-1.700000e-03,-6.302632e-03,4.028947e-03,5.033997e-01,3.000000e-01,9.000000e-01,0.000000e+00,2.898982e-04,-1.486579e-02,5.044737e-02,3.364211e-02,-1.322411e-01,1.000000e-01,1.000000e-01,-2.000000e-01
-1.188040e-04,-1.600000e-03,-6.302632e-03,4.228947e-03,3.933651e-01,7.000000e-01,1.000000e-01,0.000000e+00,1.741036e-04,-1.486579e-02,5.024737e-02,3.344211e-02,-1.077984e-01,1.000000e-01,7.000000e-01,0.000000e+00
2.545115e-04,-1.700000e-03,-6.002632e-03,4.628947e-03,7.200623e-01,8.000000e-01,1.200000e+00,-2.000000e-01,-2.066895e-05,-1.516579e-02,5.004737e-02,3.334211e-02,1.413506e-01,5.000000e-01,9.000000e-01,1.000000e-01
4.825752e-05,-1.500000e-03,-6.002632e-03,4.228947e-03,4.695741e-01,1.000000e+00,3.000000e-01,-2.000000e-01,7.973076e-05,-1.536579e-02,4.914737e-02,3.334211e-02,-3.682075e-01,-0.000000e+00,1.600000e+00,0.000000e+00
5.224163e-04,-1.400000e-03,-5.902632e-03,4.728947e-03,1.153766e-01,3.000000e-01,3.000000e-01,-2.000000e-01,1.086977e-04,-1.546579e-02,4.914737e-02,3.344211e-02,-3.235078e-01,1.000000e+00,9.000000e-01,-8.000000e-01
4.165697e-04,-1.300000e-03,-6.302632e-03,4.728947e-03,4.485802e-01,5.000000e-01,5.000000e-01,0.000000e+00,2.387191e-04,-1.546579e-02,4.964737e-02,3.374211e-02,-7.563033e-01,6.000000e-01,1.500000e+00,-9.000000e-01
5.611944e-04,-1.400000e-03,-5.802632e-03,4.728947e-03,7.030189e-01,1.000000e+00,7.000000e-01,-1.000000e-01,2.957036e-04,-1.566579e-02,4.964737e-02,3.394211e-02,-5.011066e-01,8.000000e-01,5.000000e-01,-1.000000e+00
1.084174e-04,-1.000000e-03,-5.902632e-03,3.928947e-03,5.310704e-01,5.000000e-01,1.300000e+00,-3.000000e-01,5.050679e-04,-1.566579e-02,4.944737e-02,3.414211e-02,-2.537258e-02,8.000000e-01,2.000000e-01,-5.000000e-01
-1.596671e-05,-1.400000e-03,-5.702632e-03,3.928947e-03,2.213950e-01,2.000000e-01,7.000000e-01,-2.000000e-01,5.927531e-04,-1.576579e-02,4.954737e-02,3.434211e-02,-1.395826e-01,1.500000e+00,2.000000e-01,-1.100000e+00
5.224709e-04,-1.400000e-03,-5.702632e-03,4.628947e-03,4.019778e-01,-2.000000e-01,5.000000e-01,4.000000e-01,9.348278e-04,-1.506579e-02,5.004737e-02,3.444211e-02,-9.613694e-02,1.400000e+00,1.200000e+00,-7.000000e-01
5.392318e-04,-1.300000e-03,-5.002632e-03,4.228947e-03,4.796674e-01,1.000000e-01,9.000000e-01,1.000000e-01,9.940761e-04,-1.506579e-02,5.014737e-02,3.454211e-02,-1.874261e-01,9.000000e-01,1.500000e+00,-4.000000e-01
5.771412e-04,-1.300000e-03,-5.102632e-03,4.328947e-03,3.737296e-01,2.000000e-01,5.000000e-01,1.000000e-01,1.288933e-03,-1.476579e-02,5.134737e-02,3.504211e-02,3.059804e-01,1.500000e+00,1.100000e+00,-3.000000e-01
4.602961e-04,-1.000000e-03,-5.002632e-03,3.928947e-03,2.362370e-01,-0.000000e+00,8.000000e-01,-1.000000e-01,1.345317e-03,-1.456579e-02,5.264737e-02,3.534211e-02,-1.568152e-01,7.000000e-01,9.000000e-01,-4.000000e-01
2.418262e-04,-1.200000e-03,-5.302632e-03,3.928947e-03,5.814426e-01,-0.000000e+00,7.000000e-01,4.000000e-01,1.587784e-03,-1.436579e-02,5.384737e-02,3.584211e-02,-5.452196e-01,1.000000e-01,1.200000e+00,-4.000000e-01
1.754232e-04,-1.100000e-03,-5.602632e-03,3.928947e-03,1.942761e-01,-0.000000e+00,3.000000e-01,1.000000e-01,1.601713e-03,-1.426579e-02,5.474737e-02,3.604211e-02,-3.552290e-01,2.000000e-01,6.000000e-01,-4.000000e-01
4.650111e-05,-1.200000e-03,-5.802632e-03,3.928947e-03,9.484668e-01,8.000000e-01,8.000000e-01,3.000000e-01,1.633334e-03,-1.406579e-02,5.544737e-02,3.614211e-02,-4.390447e-02,3.000000e-01,9.000000e-01,0.000000e+00
-8.612484e-05,-1.000000e-03,-6.202632e-03,3.828947e-03,3.260291e-01,1.000000e-01,9.000000e-01,-1.000000e-01,1.497464e-03,-1.426579e-02,5.594737e-02,3.624211e-02,-8.020701e-01,1.000000e-01,9.000000e-01,-8.000000e-01
-4.415658e-04,-1.400000e-03,-6.202632e-03,3.628947e-03,3.689805e-01,5.000000e-01,1.000000e-01,1.000000e-01,1.161712e-03,-1.446579e-02,5.624737e-02,3.604211e-02,-4.060457e-02,-0.000000e+00,9.000000e-01,2.000000e-01
-9.804427e-05,-1.100000e-03,-6.302632e-03,3.928947e-03,1.270048e-01,4.000000e-01,2.000000e-01,-2.000000e-01,1.546440e-03,-1.466579e-02,5.624737e-02,3.664211e-02,-8.870799e-03,5.000000e-01,5.000000e-01,-2.000000e-01
-2.148005e-04,-1.100000e-03,-6.402632e-03,3.828947e-03,7.229312e-01,5.000000e-01,1.200000e+00,0.000000e+00,1.489529e-03,-1.516579e-02,5.604737e-02,3.684211e-02,-4.253549e-01,1.000000e-01,1.400000e+00,-2.000000e-01
1.819340e-04,-1.300000e-03,-6.702632e-03,4.628947e-03,3.298410e-01,5.000000e-01,0.000000e+00,1.000000e-01,1.694137e-03,-1.496579e-02,5.634737e-02,3.704211e-02,-2.753825e-01,4.000000e-01,0.000000e+00,-6.000000e-01
1.780068e-06,-1.200000e-03,-6.702632e-03,4.328947e-03,4.914034e-01,2.000000e-01,8.000000e-01,1.000000e-01,1.729942e-03,-1.526579e-02,5.584737e-02,3.714211e-02,-6.746174e-02,5.000000e-01,4.000000e-01,-3.000000e-01
4.530055e-04,-1.300000e-03,-6.402632e-03,4.828947e-03,1.441852e-02,1.000000e-01,3.000000e-01,-2.000000e-01,1.900511e-03,-1.546579e-02,5.534737e-02,3.734211e-02,-2.106938e-01,8.000000e-01,3.000000e-01,-7.000000e-01
1.082851e-03,-1.200000e-03,-6.102632e-03,5.428947e-03,3.465443e-01,-0.000000e+00,1.000000e-01,4.000000e-01,1.834402e-03,-1.546579e-02,5.564737e-02,3.734211e-02,-5.867653e-01,1.000000e-01,1.400000e+00,-4.000000e-01
9.045640e-04,-1.100000e-03,-5.902632e-03,5.028947e-03,2.187201e-01,2.000000e-01,3.000000e-01,0.000000e+00,1.911639e-03,-1.536579e-02,5.554737e-02,3.734211e-02,2.784021e-01,8.000000e-01,3.000000e-01,-1.000000e-01
1.047231e-03,-9.000000e-04,-5.602632e-03,4.928947e-03,2.271847e-01,3.000000e-01,-2.000000e-01,2.000000e-01,1.687781e-03,-1.556579e-02,5.534737e-02,3.714211e-02,2.032705e-01,8.000000e-01,1.000000e+00,0.000000e+00
1.175055e-03,-1.100000e-03,-5.802632e-03,5.328947e-03,6.435812e-01,2.000000e-01,6.000000e-01,4.000000e-01,1.731437e-03,-1.566579e-02,5.564737e-02,3.734211e-02,-5.383172e-01,3.000000e-01,1.300000e+00,-5.000000e-01
1.313213e-03,-9.000000e-04,-5.902632e-03,5.428947e-03,3.392282e-01,2.000000e-01,1.000000e+00,-2.000000e-01,2.040677e-03,-1.586579e-02,5.634737e-02,3.804211e-02,2.569823e-01,9.000000e-01,1.000000e+00,0.000000e+00
1.454093e-03,-1.000000e-03,-6.002632e-03,5.728947e-03,1.175006e-01,-0.000000e+00,3.000000e-01,0.000000e+00,1.643019e-03,-1.576579e-02,5.654737e-02,3.754211e-02,1.006880e-01,8.000000e-01,0.000000e+00,-4.000000e-01
1.264411e-03,-1.000000e-03,-5.702632e-03,5.328947e-03,2.449501e-01,1.000000e-01,3.000000e-01,1.000000e-01,1.935100e-03,-1.566579e-02,5.694737e-02,3.794211e-02,-6.754004e-01,5.000000e-01,1.300000e+00,-8.000000e-01
8.801339e-04,-1.000000e-03,-5.702632e-03,4.828947e-03,6.776072e-01,8.000000e-01,5.000000e-01,1.000000e-01,1.934980e-03,-1.576579e-02,5.744737e-02,3.814211e-02,-3.725252e-01,4.000000e-01,1.900000e+00,-2.000000e-01
6.366076e-04,-1.100000e-03,-5.802632e-03,4.628947e-03,5.364572e-02,1.000000e-01,4.000000e-01,-2.000000e-01,2.214042e-03,-1.556579e-02,5.814737e-02,3.854211e-02,-2.983673e-02,5.000000e-01,6.000000e-01,-2.000000e-01
2.606085e-04,-1.000000e-03,-6.302632e-03,4.328947e-03,6.843057e-01,2.000000e-01,9.000000e-01,3.000000e-01,2.025793e-03,-1.536579e-02,5.874737e-02,3.834211e-02,-3.841036e-01,1.000000e-01,5.000000e-01,-4.000000e-01
-2.428047e-04,-1.000000e-03,-6.802632e-03,3.928947e-03,6.484520e-01,-1.000000e-01,1.000000e+00,4.000000e-01,1.996069e-03,-1.546579e-02,5.864737e-02,3.834211e-02,-5.633191e-01,-0.000000e+00,7.000000e-01,-5.000000e-01
-6.023180e-04,-1.100000e-03,-7.002632e-03,3.628947e-03,2.349983e-01,-0.000000e+00,6.000000e-01,0.000000e+00,1.859982e-03,-1.576579e-02,5.854737e-02,3.834211e-02,-3.641204e-01,5.000000e-01,-1.000000e-01,-8.000000e-01
-1.088961e-05,-1.000000e-03,-6.602632e-03,4.128947e-03,7.725181e-01,3.000000e-01,8.000000e-01,4.000000e-01,1.750728e-03,-1.576579e-02,5.904737e-02,3.834211e-02,-7.262306e-01,-0.000000e+00,7.000000e-01,-7.000000e-01
-4.418746e-04,-8.000000e-04,-6.002632e-03,3.128947e-03,3.923180e-01,4.000000e-01,-3.000000e-01,4.000000e-01,2.338755e-03,-1.526579e-02,5.944737e-02,3.884211e-02,-9.249339e-01,-0.000000e+00,1.600000e+00,-7.000000e-01
-1.348645e-04,-8.000000e-04,-6.002632e-03,3.528947e-03,2.364939e-01,-0.000000e+00,8.000000e-01,-1.000000e-01,1.976022e-03,-1.526579e-02,5.924737e-02,3.834211e-02,-5.844094e-01,1.000000e-01,3.000000e-01,-7.000000e-01
-7.887187e-04,-8.000000e-04,-6.102632e-03,2.728947e-03,1.337541e-01,-2.000000e-01,6.000000e-01,0.000000e+00,2.313265e-03,-1.516579e-02,5.944737e-02,3.874211e-02,-7.321324e-01,1.000000e-01,6.000000e-01,-8.000000e-01
-4.048598e-04,-5.000000e-04,-5.902632e-03,2.928947e-03,6.712683e-01,1.000000e-01,8.000000e-01,4.000000e-01,2.333025e-03,-1.496579e-02,5.984737e-02,3.874211e-02,7.200349e-02,3.000000e-01,4.000000e-01,0.000000e+00
-1.015863e-04,-5.000000e-04,-6.502632e-03,3.628947e-03,5.390143e-01,3.000000e-01,4.000000e-01,3.000000e-01,1.851057e-03,-1.506579e-02,5.994737e-02,3.824211e-02,2.132781e-01,9.000000e-01,1.000000e-01,-3.000000e-01
-3.309756e-04,-8.000000e-04,-6.502632e-03,3.528947e-03,2.020437e-01,-3.000000e-01,1.100000e+00,-1.000000e-01,1.716914e-03,-1.506579e-02,5.944737e-02,3.794211e-02,-7.410820e-01,3.000000e-01,1.500000e+00,-7.000000e-01
-1.775732e-04,-5.000000e-04,-6.302632e-03,3.428947e-03,3.084666e-01,3.000000e-01,4.000000e-01,0.000000e+00,1.950199e-03,-1.496579e-02,5.974737e-02,3.824211e-02,-1.319376e-01,1.000000e-01,1.000000e-01,-2.000000e-01
-3.574194e-05,-6.000000e-04,-6.202632e-03,3.628947e-03,4.144889e-01,2.000000e-01,8.000000e-01,0.000000e+00,1.785576e-03,-1.486579e-02,6.074737e-02,3.824211e-02,-1.599859e-01,6.000000e-01,7.000000e-01,-4.000000e-01
3.337693e-04,-4.000000e-04,-6.302632e-03,4.028947e-03,7.743259e-01,-0.000000e+00,8.000000e-01,6.000000e-01,1.790040e-03,-1.476579e-02,6.134737e-02,3.834211e-02,-2.226558e-01,-1.000000e-01,4.000000e-01,-1.000000e-01
-1.786361e-04,-5.000000e-04,-6.502632e-03,3.528947e-03,4.477670e-01,2.000000e-01,1.000000e-01,4.000000e-01,2.101867e-03,-1.436579e-02,6.164737e-02,3.854211e-02,7.372075e-02,1.000000e-01,1.400000e+00,4.000000e-01
5.506710e-04,-5.000000e-04,-6.602632e-03,4.528947e-03,2.168592e-01,5.000000e-01,3.000000e-01,-2.000000e-01,1.735638e-03,-1.466579e-02,6.184737e-02,3.834211e-02,1.608330e-02,-0.000000e+00,3.000000e-01,1.000000e-01
6.031390e-04,-4.000000e-04,-6.402632e-03,4.428947e-03,-5.243705e-02,2.000000e-01,0.000000e+00,-2.000000e-01,1.827179e-03,-1.456579e-02,6.204737e-02,3.844211e-02,-5.638062e-01,-8.000000e-01,1.000000e+00,1.000000e-01
8.864140e-04,-3.000000e-04,-6.002632e-03,4.528947e-03,4.403993e-01,4.000000e-01,1.000000e+00,-2.000000e-01,1.633518e-03,-1.476579e-02,6.244737e-02,3.844211e-02,-1.269891e-01,-4.000000e-01,1.100000e+00,4.000000e-01
8.980533e-04,-5.000000e-04,-6.302632e-03,4.828947e-03,2.560524e-01,5.000000e-01,4.000000e-01,-2.000000e-01,1.417759e-03,-1.486579e-02,6.244737e-02,3.824211e-02,-2.499097e-01,-1.000000e-01,9.000000e-01,0.000000e+00
2.982939e-04,-1.000000e-04,-5.602632e-03,3.428947e-03,4.929217e-01,2.000000e-01,1.000000e+00,0.000000e+00,1.935474e-03,-1.486579e-02,6.194737e-02,3.874211e-02,-3.497639e-01,-9.000000e-01,9.000000e-01,4.000000e-01
8.105582e-04,3.000000e-04,-5.202632e-03,3.628947e-03,2.102942e-01,1.000000e-01,8.000000e-01,-2.000000e-01,1.469150e-03,-1.496579e-02,6.234737e-02,3.834211e-02,-5.371024e-01,-2.000000e-01,1.000000e-01,-5.000000e-01
2.473173e-04,1.000000e-04,-5.402632e-03,3.128947e-03,3.724124e-01,2.000000e-01,3.000000e-01,2.000000e-01,1.321277e-03,-1.486579e-02,6.214737e-02,3.804211e-02,-7.169173e-01,-7.000000e-01,1.200000e+00,-1.000000e-01
7.241205e-04,2.000000e-04,-4.902632e-03,3.428947e-03,1.221825e+00,5.000000e-01,1.100000e+00,7.000000e-01,1.427752e-03,-1.506579e-02,6.154737e-02,3.814211e-02,1.023043e-01,1.000000e-01,9.000000e-01,3.000000e-01
3.475531e-05,-1.000000e-04,-4.902632e-03,2.728947e-03,3.347539e-01,2.000000e-01,4.000000e-01,1.000000e-01,1.177107e-03,-1.496579e-02,6.144737e-02,3.774211e-02,-5.579111e-02,6.000000e-01,6.000000e-01,-3.000000e-01
3.178015e-04,0.000000e+00,-4.702632e-03,2.928947e-03,4.622126e-01,3.000000e-01,4.000000e-01,2.000000e-01,1.274240e-03,-1.536579e-02,6.114737e-02,3.804211e-02,2.109164e-02,-4.000000e-01,8.000000e-01,5.000000e-01
-2.084070e-04,-2.000000e-04,-5.002632e-03,2.528947e-03,1.826420e-01,2.000000e-01,6.000000e-01,-2.000000e-01,1.409189e-03,-1.526579e-02,6.114737e-02,3.814211e-02,-3.918055e-01,-1.000000e+00,1.000000e-01,2.000000e-01
-6.818841e-05,0.000000e+00,-4.902632e-03,2.528947e-03,6.337509e-01,1.000000e-01,9.000000e-01,3.000000e-01,1.402154e-03,-1.506579e-02,6.204737e-02,3.824211e-02,2.953127e-01,-1.000000e-01,-1.000000e-01,4.000000e-01
-1.596080e-04,-1.000000e-04,-5.202632e-03,2.628947e-03,5.683434e-01,2.000000e-01,8.000000e-01,2.000000e-01,1.329389e-03,-1.496579e-02,6.224737e-02,3.814211e-02,-2.727489e-01,-1.400000e+00,1.200000e+00,9.000000e-01
-5.923869e-04,-2.000000e-04,-5.002632e-03,2.028947e-03,5.782488e-01,3.000000e-01,5.000000e-01,3.000000e-01,1.160341e-03,-1.496579e-02,6.264737e-02,3.804211e-02,-3.208816e-01,-1.000000e+00,9.000000e-01,5.000000e-01
1.247228e-04,-3.000000e-04,-5.202632e-03,3.128947e-03,1.536542e-01,-0.000000e+00,0.000000e+00,2.000000e-01,1.008063e-03,-1.496579e-02,6.334737e-02,3.804211e-02,1.999106e-02,-8.000000e-01,2.000000e-01,6.000000e-01
-4.651277e-04,-4.000000e-04,-5.402632e-03,2.528947e-03,4.882399e-01,5.000000e-01,6.000000e-01,0.000000e+00,1.671884e-03,-1.486579e-02,6.354737e-02,3.884211e-02,-2.021991e-01,-9.000000e-01,6.000000e-01,5.000000e-01
5.338199e-04,-4.000000e-04,-5.402632e-03,3.828947e-03,4.002132e-01,1.000000e-01,5.000000e-01,2.000000e-01,1.460708e-03,-1.506579e-02,6.364737e-02,3.874211e-02,1.914595e-01,-1.500000e+00,7.000000e-01,1.400000e+00
8.516572e-05,-3.000000e-04,-5.502632e-03,3.228947e-03,3.202681e-01,1.000000e-01,1.000000e-01,3.000000e-01,1.505114e-03,-1.516579e-02,6.394737e-02,3.894211e-02,-1.224336e-01,-1.200000e+00,1.000000e+00,9.000000e-01
5.499625e-04,-3.000000e-04,-5.102632e-03,3.628947e-03,3.202600e-01,1.000000e-01,1.000000e-01,3.000000e-01,1.739407e-03,-1.526579e-02,6.374737e-02,3.924211e-02,-4.140058e-01,-1.900000e+00,1.000000e+00,1.000000e+00
2.949451e-04,-5.000000e-04,-5.102632e-03,3.428947e-03,4.769067e-01,4.000000e-01,7.000000e-01,0.000000e+00,1.481887e-03,-1.556579e-02,6.344737e-02,3.904211e-02,9.295798e-02,-5.000000e-01,6.000000e-01,6.000000e-01
3.601203e-04,-3.000000e-04,-4.802632e-03,3.228947e-03,4.769452e-01,4.000000e-01,7.000000e-01,0.000000e+00,1.439431e-03,-1.566579e-02,6.264737e-02,3.884211e-02,1.237095e-01,-8.000000e-01,1.000000e-01,7.000000e-01
6.830628e-05,-5.000000e-04,-4.502632e-03,2.828947e-03,4.572881e-01,2.000000e-01,1.300000e+00,-2.000000e-01,1.522889e-03,-1.626579e-02,6.154737e-02,3.904211e-02,-2.001269e-01,-6.000000e-01,2.000000e-01,2.000000e-01
-1.868659e-04,-4.000000e-04,-4.302632e-03,2.328947e-03,5.161862e-01,4.000000e-01,8.000000e-01,0.000000e+00,1.166345e-03,-1.656579e-02,6.094737e-02,3.864211e-02,-1.737511e-01,-1.000000e+00,6.000000e-01,6.000000e-01
-4.178379e-04,-4.000000e-04,-4.302632e-03,2.028947e-03,1.895756e-01,-4.000000e-01,1.000000e+00,0.000000e+00,1.492366e-03,-1.646579e-02,6.044737e-02,3.884211e-02,8.832386e-02,-1.000000e-01,1.000000e-01,2.000000e-01
-7.622014e-04,-4.000000e-04,-4.202632e-03,1.528947e-03,1.808921e-02,-5.000000e-01,3.000000e-01,2.000000e-01,1.270727e-03,-1.666579e-02,5.984737e-02,3.854211e-02,-8.206961e-01,-1.600000e+00,6.000000e-01,2.000000e-01
-6.224463e-04,-2.000000e-04,-4.302632e-03,1.628947e-03,0.000000e+00,-0.000000e+00,0.000000e+00,0.000000e+00,8.239708e-04,-1.666579e-02,5.964737e-02,3.794211e-02,-6.646655e-01,-5.000000e-01,7.000000e-01,-3.000000e-01
-8.480186e-04,-2.000000e-04,-3.702632e-03,1.028947e-03,6.976175e-01,-0.000000e+00,8.000000e-01,5.000000e-01,1.257729e-03,-1.646579e-02,5.964737e-02,3.834211e-02,-1.157556e-01,1.000000e-01,4.000000e-01,-1.000000e-01
-5.272850e-04,-1.000000e-04,-3.602632e-03,1.328947e-03,3.627124e-01,-2.000000e-01,4.000000e-01,4.000000e-01,1.144024e-03,-1.656579e-02,5.954737e-02,3.824211e-02,-4.763965e-01,-1.200000e+00,0.000000e+00,2.000000e-01
-2.717644e-04,-2.000000e-04,-3.602632e-03,1.728947e-03,6.512544e-02,-8.000000e-01,1.200000e+00,0.000000e+00,9.299686e-04,-1.646579e-02,5.964737e-02,3.794211e-02,-2.963162e-01,-8.000000e-01,9.000000e-01,4.000000e-01
-2.242168e-04,-1.000000e-04,-4.002632e-03,1.928947e-03,1.042263e+00,3.000000e-01,9.000000e-01,7.000000e-01,1.174478e-03,-1.596579e-02,5.974737e-02,3.794211e-02,6.685986e-02,-6.000000e-01,1.000000e-01,5.000000e-01
-6.750171e-04,-3.000000e-04,-4.502632e-03,1.728947e-03,7.988054e-01,2.000000e-01,8.000000e-01,5.000000e-01,1.005925e-03,-1.606579e-02,6.064737e-02,3.804211e-02,2.521163e-01,-6.000000e-01,0.000000e+00,7.000000e-01
-4.478831e-04,-3.000000e-04,-4.902632e-03,2.228947e-03,3.902614e-01,-0.000000e+00,8.000000e-01,1.000000e-01,1.056020e-03,-1.576579e-02,6.114737e-02,3.804211e-02,5.482749e-01,-8.000000e-01,4.000000e-01,1.300000e+00
2.547858e-04,-2.000000e-04,-5.002632e-03,3.128947e-03,2.742609e-01,-0.000000e+00,7.000000e-01,0.000000e+00,1.298964e-03,-1.556579e-02,6.164737e-02,3.834211e-02,-3.978313e-01,-5.000000e-01,6.000000e-01,0.000000e+00
2.318161e-04,-4.000000e-04,-4.802632e-03,3.128947e-03,5.798068e-01,3.000000e-01,7.000000e-01,2.000000e-01,1.254980e-03,-1.556579e-02,6.184737e-02,3.834211e-02,-7.361590e-01,-1.400000e+00,7.000000e-01,2.000000e-01
5.023291e-04,-4.000000e-04,-4.502632e-03,3.328947e-03,6.238233e-01,-0.000000e+00,1.200000e+00,2.000000e-01,1.214434e-03,-1.536579e-02,6.214737e-02,3.824211e-02,-7.929506e-01,-1.200000e+00,7.000000e-01,0.000000e+00
6.069585e-04,-5.000000e-04,-4.302632e-03,3.428947e-03,4.393601e-01,1.000000e-01,6.000000e-01,2.000000e-01,1.355998e-03,-1.536579e-02,6.224737e-02,3.844211e-02,-2.396445e-01,-1.000000e+00,9.000000e-01,6.000000e-01
6.427297e-04,-5.000000e-04,-4.602632e-03,3.628947e-03,1.058549e+00,1.000000e-01,1.200000e+00,7.000000e-01,1.033588e-03,-1.566579e-02,6.224737e-02,3.824211e-02,-5.078613e-01,-4.000000e-01,6.000000e-01,-2.000000e-01
2.805570e-04,-6.000000e-04,-5.002632e-03,3.428947e-03,5.858861e-01,3.000000e-01,1.500000e+00,-2.000000e-01,1.005720e-03,-1.556579e-02,6.224737e-02,3.814211e-02,-5.383360e-01,-6.000000e-01,1.000000e+00,0.000000e+00
1.528291e-04,-4.000000e-04,-4.802632e-03,3.028947e-03,6.207859e-01,-0.000000e+00,8.000000e-01,4.000000e-01,9.842311e-04,-1.556579e-02,6.234737e-02,3.814211e-02,-9.248688e-02,-5.000000e-01,7.000000e-01,4.000000e-01
3.000001e-05,-5.000000e-04,-4.202632e-03,2.628947e-03,6.207722e-01,-0.000000e+00,8.000000e-01,4.000000e-01,9.811673e-04,-1.576579e-02,6.224737e-02,3.824211e-02,-1.270084e-01,-8.000000e-01,5.000000e-01,5.000000e-01
1.067264e-04,-2.000000e-04,-4.002632e-03,2.428947e-03,1.958963e-01,-0.000000e+00,5.000000e-01,0.000000e+00,7.484661e-04,-1.586579e-02,6.194737e-02,3.794211e-02,-3.732467e-01,-7.000000e-01,0.000000e+00,0.000000e+00
2.245005e-04,-5.000000e-04,-3.902632e-03,2.728947e-03,6.207619e-01,-0.000000e+00,8.000000e-01,4.000000e-01,9.587650e-04,-1.566579e-02,6.184737e-02,3.804211e-02,-2.493675e-01,-6.000000e-01,8.000000e-01,3.000000e-01
2.235260e-04,-5.000000e-04,-4.102632e-03,2.828947e-03,-2.286800e-01,-3.000000e-01,0.000000e+00,-1.000000e-01,7.986198e-04,-1.596579e-02,6.184737e-02,3.804211e-02,-7.788240e-01,-1.000000e+00,1.500000e+00,1.000000e-01
-8.627549e-05,-5.000000e-04,-4.502632e-03,2.628947e-03,4.589114e-01,6.000000e-01,2.000000e-01,1.000000e-01,6.819401e-04,-1.636579e-02,6.214737e-02,3.824211e-02,-7.249801e-01,-2.300000e+00,7.000000e-01,8.000000e-01
3.958037e-05,-4.000000e-04,-4.702632e-03,2.828947e-03,6.225038e-01,-3.000000e-01,8.000000e-01,6.000000e-01,1.523510e-03,-1.586579e-02,6.324737e-02,3.924211e-02,-8.386922e-01,-2.800000e+00,0.000000e+00,8.000000e-01
-1.530938e-04,-4.000000e-04,-4.802632e-03,2.628947e-03,5.685395e-01,-1.000000e-01,6.000000e-01,5.000000e-01,1.763849e-03,-1.526579e-02,6.434737e-02,3.944211e-02,-6.886981e-01,-2.700000e+00,1.800000e+00,1.400000e+00
-6.929084e-04,-4.000000e-04,-5.002632e-03,2.028947e-03,-1.326472e-01,-5.000000e-01,7.000000e-01,-2.000000e-01,1.749846e-03,-1.586579e-02,6.554737e-02,4.014211e-02,-9.360112e-01,-3.800000e+00,1.000000e+00,1.600000e+00
-2.171876e-04,-6.000000e-04,-4.902632e-03,2.728947e-03,9.505794e-01,5.000000e-01,8.000000e-01,5.000000e-01,2.452343e-03,-1.516579e-02,6.514737e-02,4.044211e-02,-6.440765e-01,-3.600000e+00,9.000000e-01,1.800000e+00
-3.596251e-04,-8.000000e-04,-5.202632e-03,2.828947e-03,4.030778e-01,1.000000e-01,9.000000e-01,0.000000e+00,2.422373e-03,-1.566579e-02,6.554737e-02,4.084211e-02,-7.787000e-01,-3.400000e+00,2.000000e+00,1.800000e+00
-3.666504e-04,-8.000000e-04,-6.202632e-03,3.328947e-03,-1.824933e-03,3.000000e-01,0.000000e+00,-2.000000e-01,2.283934e-03,-1.566579e-02,6.614737e-02,4.084211e-02,-5.299995e-01,-4.900000e+00,1.700000e+00,3.000000e+00
-5.706423e-05,-8.000000e-04,-5.802632e-03,3.528947e-03,2.886121e-01,1.000000e-01,1.000000e+00,-2.000000e-01,3.891676e-03,-1.406579e-02,6.824737e-02,4.234211e-02,-8.777972e-01,-5.300000e+00,1.200000e+00,2.700000e+00
-4.179539e-04,-6.000000e-04,-5.802632e-03,2.928947e-03,6.495842e-01,2.000000e-01,1.400000e+00,0.000000e+00,4.186261e-03,-1.396579e-02,7.004737e-02,4.314211e-02,-2.546403e+00,-8.400000e+00,2.400000e+00,3.000000e+00
-8.505255e-04,-7.000000e-04,-5.402632e-03,2.228947e-03,3.373658e-01,5.000000e-01,1.000000e+00,-4.000000e-01,4.341600e-03,-1.416579e-02,7.024737e-02,4.354211e-02,-2.267483e+00,-9.900000e+00,1.600000e+00,4.100000e+00
-1.597331e-04,-7.000000e-04,-5.402632e-03,3.128947e-03,3.617747e-01,7.000000e-01,1.000000e+00,-5.000000e-01,5.565275e-03,-1.266579e-02,7.184737e-02,4.454211e-02,-2.789338e+00,-1.310000e+01,-4.000000e-01,5.000000e+00
-3.684758e-04,-8.000000e-04,-6.002632e-03,3.228947e-03,4.603005e-01,6.000000e-01,4.000000e-01,0.000000e+00,5.682168e-03,-1.216579e-02,7.264737e-02,4.464211e-02,-4.596640e+00,-1.680000e+01,7.000000e-01,5.500000e+00
1.145398e-04,-9.000000e-04,-6.402632e-03,4.128947e-03,1.431604e+00,1.900000e+00,1.200000e+00,0.000000e+00,5.897340e-03,-1.106579e-02,7.254737e-02,4.424211e-02,-4.745273e+00,-1.880000e+01,1.700000e+00,6.900000e+00
3.310731e-04,-1.000000e-03,-6.502632e-03,4.528947e-03,1.121156e+00,1.900000e+00,8.000000e-01,-2.000000e-01,6.082561e-03,-1.046579e-02,7.034737e-02,4.354211e-02,-4.837229e+00,-1.890000e+01,1.500000e+00,6.800000e+00
-2.398699e-05,-1.100000e-03,-6.102632e-03,3.928947e-03,1.439897e+00,2.000000e+00,7.000000e-01,2.000000e-01,5.166396e-03,-1.106579e-02,6.874737e-02,4.244211e-02,-4.823780e+00,-1.940000e+01,2.400000e+00,7.400000e+00
1.945530e-04,-1.200000e-03,-6.002632e-03,4.228947e-03,1.440014e+00,2.000000e+00,7.000000e-01,2.000000e-01,4.283576e-03,-1.226579e-02,6.604737e-02,4.144211e-02,-5.249576e+00,-1.840000e+01,2.300000e+00,6.200000e+00
-6.818450e-05,-1.500000e-03,-5.502632e-03,3.828947e-03,1.082443e+00,1.600000e+00,5.000000e-01,1.000000e-01,3.428310e-03,-1.416579e-02,6.004737e-02,3.994211e-02,-4.841891e+00,-1.490000e+01,4.300000e+00,5.000000e+00
9.975859e-05,-1.400000e-03,-5.202632e-03,3.828947e-03,1.003893e+00,1.900000e+00,5.000000e-01,-2.000000e-01,5.621039e-04,-1.636579e-02,5.404737e-02,3.614211e-02,-4.361472e+00,-1.380000e+01,3.700000e+00,4.700000e+00
2.413378e-04,-1.500000e-03,-5.102632e-03,4.028947e-03,8.803984e-01,1.500000e+00,7.000000e-01,-2.000000e-01,-1.390704e-03,-2.046579e-02,4.254737e-02,3.304211e-02,-2.224008e+00,-1.020000e+01,0.000000e+00,3.900000e+00
6.285612e-04,-1.500000e-03,-4.702632e-03,4.328947e-03,9.478831e-01,1.100000e+00,8.000000e-01,1.000000e-01,-1.982868e-03,-2.036579e-02,3.844737e-02,3.104211e-02,-1.620656e+00,-7.100000e+00,1.600000e+00,3.100000e+00
6.908948e-04,-1.300000e-03,-4.802632e-03,4.328947e-03,5.992618e-01,5.000000e-01,1.000000e-01,4.000000e-01,-3.602919e-03,-2.326579e-02,3.074737e-02,2.864211e-02,-1.768879e+00,-7.100000e+00,1.200000e+00,2.800000e+00
8.011182e-04,-1.400000e-03,-4.002632e-03,4.128947e-03,8.806482e-01,1.500000e+00,7.000000e-01,-2.000000e-01,-2.195880e-03,-2.036579e-02,2.794737e-02,2.764211e-02,-2.989717e+00,-8.900000e+00,3.300000e+00,3.100000e+00
1.173118e-03,-9.000000e-04,-3.502632e-03,4.028947e-03,1.281779e+00,1.600000e+00,1.200000e+00,0.000000e+00,-2.253576e-03,-2.206579e-02,2.554737e-02,2.794211e-02,-3.126232e+00,-1.060000e+01,3.500000e+00,4.100000e+00
1.013511e-03,-1.300000e-03,-3.002632e-03,3.828947e-03,2.077886e+00,1.800000e+00,1.600000e+00,7.000000e-01,-1.689367e-03,-2.166579e-02,2.414737e-02,2.794211e-02,-2.942590e+00,-1.180000e+01,3.800000e+00,5.200000e+00
1.316774e-03,-3.000000e-04,-3.902632e-03,4.028947e-03,1.163636e+00,1.600000e+00,9.000000e-01,0.000000e+00,1.728032e-04,-1.976579e-02,2.524737e-02,2.934211e-02,-2.966514e+00,-1.460000e+01,3.500000e+00,6.900000e+00
5.309491e-04,-1.100000e-03,-3.502632e-03,3.328947e-03,1.576713e+00,2.400000e+00,1.700000e+00,-4.000000e-01,2.354516e-03,-1.686579e-02,2.644737e-02,3.054211e-02,-1.651136e+00,-1.540000e+01,4.000000e+00,9.200000e+00
8.270635e-04,-9.000000e-04,-3.002632e-03,3.328947e-03,1.828597e+00,1.900000e+00,2.200000e+00,0.000000e+00,4.075053e-03,-1.506579e-02,2.994737e-02,3.264211e-02,-2.347359e+00,-1.680000e+01,5.100000e+00,9.600000e+00
5.832467e-04,-9.000000e-04,-4.002632e-03,3.528947e-03,2.158200e+00,3.100000e+00,1.500000e+00,0.000000e+00,6.215344e-03,-1.396579e-02,3.154737e-02,3.514211e-02,-2.548303e+00,-1.750000e+01,5.700000e+00,1.000000e+01
1.843093e-04,-1.300000e-03,-4.302632e-03,3.428947e-03,1.638101e+00,3.000000e+00,7.000000e-01,-2.000000e-01,7.106694e-03,-1.226579e-02,3.534737e-02,3.644211e-02,-2.134345e+00,-1.720000e+01,4.700000e+00,1.000000e+01
2.741290e-04,-9.000000e-04,-4.002632e-03,3.128947e-03,1.249371e+00,2.700000e+00,1.000000e-01,-2.000000e-01,6.708440e-03,-1.426579e-02,3.234737e-02,3.634211e-02,3.778876e-02,-1.560000e+01,3.000000e+00,1.110000e+01
-4.642300e-04,-1.300000e-03,-3.802632e-03,2.328947e-03,1.777479e+00,3.500000e+00,8.000000e-01,-4.000000e-01,5.411383e-03,-1.596579e-02,3.034737e-02,3.524211e-02,1.052009e-01,-1.350000e+01,2.600000e+00,9.700000e+00
-2.741434e-04,-1.500000e-03,-2.102632e-03,1.828947e-03,1.246860e+00,2.700000e+00,-1.000000e-01,-1.000000e-01,1.042248e-03,-2.376579e-02,2.194737e-02,3.214211e-02,1.639320e-01,-1.070000e+01,2.400000e+00,7.900000e+00
-7.202442e-04,-1.800000e-03,-1.302632e-03,1.028947e-03,9.431228e-01,1.800000e+00,-3.000000e-01,2.000000e-01,-2.582555e-03,-2.886579e-02,1.284737e-02,2.794211e-02,2.397649e-01,-5.900000e+00,1.200000e+00,4.500000e+00
-6.073713e-04,-1.600000e-03,-5.026316e-04,6.289474e-04,3.274526e-01,8.000000e-01,0.000000e+00,-1.000000e-01,-6.447418e-03,-3.446579e-02,3.747368e-03,2.374211e-02,2.635153e-01,-4.200000e+00,1.400000e+00,3.500000e+00
-5.176286e-04,-2.300000e-03,9.973684e-04,4.289474e-04,6.538079e-01,3.000000e-01,3.000000e-01,5.000000e-01,-9.848821e-03,-4.076579e-02,-7.152632e-03,1.994211e-02,4.884552e-01,-1.000000e-01,-8.000000e-01,4.000000e-01
4.423575e-04,-1.300000e-03,5.973684e-04,1.228947e-03,1.019901e+00,8.000000e-01,2.000000e-01,7.000000e-01,-1.077078e-02,-4.246579e-02,-1.355263e-02,1.774211e-02,1.404507e+00,2.900000e+00,-5.000000e-01,-3.000000e-01
8.669431e-04,-1.000000e-03,8.973684e-04,1.428947e-03,1.133051e+00,1.400000e+00,3.000000e-01,4.000000e-01,-1.113900e-02,-4.286579e-02,-1.645263e-02,1.654211e-02,3.155492e-01,3.000000e-01,9.000000e-01,5.000000e-01
1.203054e-03,-8.000000e-04,1.297368e-03,1.528947e-03,1.003955e+00,1.200000e+00,1.000000e+00,0.000000e+00,-9.838730e-03,-4.106579e-02,-1.675263e-02,1.684211e-02,-9.719938e-01,-3.500000e+00,3.400000e+00,2.200000e+00
1.493514e-03,0.000000e+00,1.397368e-03,1.328947e-03,1.311878e+00,2.500000e+00,7.000000e-01,-3.000000e-01,-8.777339e-03,-3.906579e-02,-1.435263e-02,1.764211e-02,5.785303e-01,-4.000000e+00,2.100000e+00,4.000000e+00
1.473330e-03,0.000000e+00,1.973684e-04,1.928947e-03,2.350106e+00,3.700000e+00,1.400000e+00,-1.000000e-01,-8.230940e-03,-3.886579e-02,-1.205263e-02,1.894211e-02,-9.481102e-02,-5.400000e+00,1.900000e+00,4.000000e+00
2.296858e-03,6.000000e-04,-6.026316e-04,3.028947e-03,2.350318e+00,3.700000e+00,1.400000e+00,-1.000000e-01,-6.444244e-03,-3.706579e-02,-8.952632e-03,2.104211e-02,4.568304e-01,-6.000000e+00,1.700000e+00,5.000000e+00
2.085823e-03,8.000000e-04,-2.902632e-03,3.828947e-03,2.432049e+00,4.600000e+00,2.000000e+00,-9.000000e-01,-5.026075e-03,-3.476579e-02,-4.252632e-03,2.294211e-02,1.018505e+00,-5.700000e+00,1.400000e+00,5.400000e+00
1.989688e-03,6.000000e-04,-4.402632e-03,4.628947e-03,2.432232e+00,4.600000e+00,2.000000e+00,-9.000000e-01,-2.701286e-03,-3.226579e-02,-4.526316e-04,2.554211e-02,1.254019e+00,-5.400000e+00,1.400000e+00,5.500000e+00
2.016636e-03,8.000000e-04,-5.902632e-03,5.328947e-03,2.432378e+00,4.600000e+00,2.000000e+00,-9.000000e-01,-2.084631e-06,-2.896579e-02,3.747368e-03,2.824211e-02,1.297125e+00,-4.800000e+00,1.200000e+00,5.100000e+00
1.831586e-03,8.000000e-04,-7.102632e-03,5.728947e-03,2.432499e+00,4.600000e+00,2.000000e+00,-9.000000e-01,7.727563e-04,-2.836579e-02,7.247368e-03,3.004211e-02,1.058073e+00,-3.200000e+00,4.000000e-01,3.500000e+00
1.204209e-03,7.000000e-04,-6.802632e-03,4.828947e-03,2.178864e+00,4.900000e+00,8.000000e-01,-8.000000e-01,4.364218e-05,-2.946579e-02,7.247368e-03,2.984211e-02,1.572287e+00,-1.800000e+00,0.000000e+00,3.100000e+00
5.346852e-04,3.000000e-04,-6.802632e-03,4.228947e-03,2.179137e+00,4.900000e+00,8.000000e-01,-8.000000e-01,-8.658310e-04,-3.066579e-02,4.547368e-03,2.854211e-02,1.572102e+00,-1.800000e+00,0.000000e+00,3.100000e+00
4.313191e-04,1.000000e-04,-4.702632e-03,3.128947e-03,1.446302e+00,3.900000e+00,8.000000e-01,-1.100000e+00,-4.393740e-03,-3.656579e-02,-3.526316e-04,2.624211e-02,7.943331e-01,-4.000000e-01,-4.000000e-01,1.100000e+00
6.103917e-05,-3.000000e-04,-3.402632e-03,2.228947e-03,1.820309e+00,4.300000e+00,-1.000000e-01,-4.000000e-01,-5.474454e-03,-3.926579e-02,-6.052632e-03,2.464211e-02,-5.772233e-01,5.000000e-01,1.000000e-01,-1.000000e+00
-4.828937e-04,-7.000000e-04,-1.402632e-03,7.289474e-04,1.649415e+00,3.800000e+00,1.000000e-01,-4.000000e-01,-4.809208e-03,-3.826579e-02,-9.152632e-03,2.374211e-02,5.003025e-01,1.100000e+00,-9.000000e-01,-4.000000e-01
-1.355133e-03,-1.300000e-03,5.973684e-04,-1.071053e-03,1.932026e+00,4.200000e+00,3.000000e-01,-4.000000e-01,-4.852559e-03,-3.846579e-02,-1.165263e-02,2.294211e-02,8.870789e-02,1.100000e+00,-3.000000e-01,-7.000000e-01
-1.730534e-03,-1.200000e-03,2.197368e-03,-2.471053e-03,8.155245e-01,3.400000e+00,8.000000e-01,-1.600000e+00,-3.322477e-03,-3.746579e-02,-1.265263e-02,2.384211e-02,-7.029980e-01,-5.000000e-01,1.000000e+00,-2.000000e-01
-2.331502e-03,-1.100000e-03,3.797368e-03,-4.171053e-03,1.371169e+00,3.300000e+00,6.000000e-01,-7.000000e-01,-1.820970e-03,-3.546579e-02,-1.115263e-02,2.494211e-02,-6.360298e-01,-1.400000e+00,1.400000e+00,6.000000e-01
-2.390967e-03,-1.400000e-03,6.097368e-03,-5.271053e-03,1.122906e+00,3.100000e+00,8.000000e-01,-1.000000e+00,-1.674573e-03,-3.556579e-02,-9.852632e-03,2.564211e-02,-7.276158e-01,-1.500000e+00,4.000000e-01,2.000000e-01
-3.070187e-03,-1.400000e-03,7.997368e-03,-7.171053e-03,1.027336e+00,2.900000e+00,1.000000e+00,-1.100000e+00,-1.036897e-03,-3.436579e-02,-7.352632e-03,2.654211e-02,-7.590340e-02,-2.700000e+00,-1.000000e-01,1.600000e+00
-3.432445e-03,-1.400000e-03,8.797368e-03,-8.071053e-03,1.027563e+00,2.900000e+00,1.000000e+00,-1.100000e+00,-1.016612e-03,-3.476579e-02,-6.452632e-03,2.714211e-02,1.331756e-01,-2.900000e+00,-1.200000e+00,1.600000e+00
-3.053109e-03,-1.300000e-03,9.797368e-03,-8.171053e-03,1.434025e+00,3.000000e+00,1.500000e+00,-9.000000e-01,-8.780796e-04,-3.526579e-02,-6.152632e-03,2.774211e-02,-2.471763e-01,-2.800000e+00,-1.100000e+00,1.100000e+00
-3.207014e-03,-1.500000e-03,9.297368e-03,-7.971053e-03,1.434242e+00,3.000000e+00,1.500000e+00,-9.000000e-01,2.277237e-04,-3.346579e-02,-7.052632e-03,2.764211e-02,-3.960901e-01,-2.500000e+00,-6.000000e-01,9.000000e-01
-2.657499e-03,-1.600000e-03,1.039737e-02,-7.771053e-03,1.027857e+00,2.900000e+00,1.000000e+00,-1.100000e+00,5.169291e-04,-3.216579e-02,-8.252632e-03,2.674211e-02,1.533706e-01,-2.000000e-01,-9.000000e-01,0.000000e+00
-2.566362e-03,-1.600000e-03,1.099737e-02,-7.971053e-03,1.010736e+00,2.400000e+00,1.200000e+00,-9.000000e-01,-4.148386e-04,-3.366579e-02,-1.025263e-02,2.584211e-02,-1.136885e-01,1.300000e+00,-1.200000e+00,-1.400000e+00
-2.387295e-03,-1.800000e-03,1.149737e-02,-7.871053e-03,8.059248e-01,1.700000e+00,1.000000e+00,-6.000000e-01,-1.455013e-03,-3.466579e-02,-1.295263e-02,2.424211e-02,-4.967755e-02,3.100000e+00,-7.000000e-01,-2.300000e+00
-2.307022e-03,-2.000000e-03,1.249737e-02,-8.171053e-03,3.675002e-01,1.700000e+00,3.000000e-01,-8.000000e-01,-3.367296e-03,-3.666579e-02,-1.755263e-02,2.154211e-02,1.372758e+00,7.100000e+00,-4.000000e-01,-3.000000e+00
-1.669469e-03,-2.200000e-03,1.299737e-02,-7.471053e-03,3.157977e-01,1.900000e+00,3.000000e-01,-1.000000e+00,-5.149121e-03,-3.936579e-02,-2.195263e-02,1.954211e-02,2.570903e+00,1.010000e+01,-1.700000e+00,-3.900000e+00
-1.839432e-03,-2.200000e-03,1.369737e-02,-8.071053e-03,7.267733e-01,2.100000e+00,5.000000e-01,-7.000000e-01,-5.394022e-03,-3.976579e-02,-2.535263e-02,1.834211e-02,3.325391e+00,1.250000e+01,-3.100000e+00,-5.000000e+00
-1.453320e-03,-2.400000e-03,1.469737e-02,-7.971053e-03,4.212360e-01,1.200000e+00,3.000000e-01,-4.000000e-01,-6.471130e-03,-3.996579e-02,-2.865263e-02,1.604211e-02,3.842817e+00,1.490000e+01,-2.800000e+00,-5.800000e+00
-1.159415e-03,-2.400000e-03,1.559737e-02,-8.071053e-03,2.280288e-02,5.000000e-01,0.000000e+00,-3.000000e-01,-8.603986e-03,-4.336579e-02,-3.395263e-02,1.384211e-02,4.227953e+00,1.770000e+01,-3.300000e+00,-7.300000e+00
-1.213186e-03,-2.400000e-03,1.639737e-02,-8.571053e-03,-8.645824e-03,6.000000e-01,1.100000e+00,-1.000000e+00,-1.011783e-02,-4.746579e-02,-4.095263e-02,1.234211e-02,4.621252e+00,2.050000e+01,-4.700000e+00,-9.100000e+00
-1.435252e-03,-2.400000e-03,1.659737e-02,-8.971053e-03,8.741099e-03,6.000000e-01,4.000000e-01,-6.000000e-01,-1.019935e-02,-4.706579e-02,-4.465263e-02,1.094211e-02,4.201604e+00,2.480000e+01,-5.300000e+00,-1.260000e+01
-1.672007e-03,-2.300000e-03,1.589737e-02,-8.971053e-03,8.813984e-03,6.000000e-01,4.000000e-01,-6.000000e-01,-9.363031e-03,-4.676579e-02,-4.685263e-02,1.134211e-02,3.826841e+00,2.910000e+01,-3.400000e+00,-1.520000e+01
-1.769029e-03,-2.400000e-03,1.559737e-02,-8.871053e-03,8.884660e-03,6.000000e-01,4.000000e-01,-6.000000e-01,-7.875745e-03,-4.626579e-02,-4.875263e-02,1.264211e-02,1.858790e+00,3.390000e+01,-9.000000e-01,-1.990000e+01
-1.656202e-03,-2.000000e-03,1.519737e-02,-8.771053e-03,8.952993e-03,6.000000e-01,4.000000e-01,-6.000000e-01,-4.559304e-03,-4.296579e-02,-4.545263e-02,1.614211e-02,3.921109e-01,3.620000e+01,3.000000e-01,-2.280000e+01
-1.318937e-03,-1.700000e-03,1.509737e-02,-8.471053e-03,-3.961633e-02,-5.000000e-01,7.000000e-01,-1.000000e-01,-1.005743e-04,-3.896579e-02,-3.705263e-02,2.214211e-02,-1.805246e+00,3.470000e+01,2.600000e+00,-2.380000e+01
-1.645855e-03,-1.200000e-03,1.479737e-02,-9.071053e-03,-1.365005e+00,-7.000000e-01,-8.000000e-01,-9.000000e-01,4.847393e-03,-3.566579e-02,-2.885263e-02,2.904211e-02,-2.402731e+00,3.450000e+01,1.300000e+00,-2.480000e+01
-1.654423e-03,-5.000000e-04,1.299737e-02,-8.571053e-03,-1.013668e+00,3.000000e-01,5.000000e-01,-1.800000e+00,1.101053e-02,-3.266579e-02,-2.395263e-02,3.654211e-02,-3.222691e+00,3.290000e+01,2.000000e-01,-2.510000e+01
-1.298685e-03,1.000000e-04,1.239737e-02,-8.171053e-03,-5.859349e-01,8.000000e-01,1.300000e+00,-2.000000e+00,1.962844e-02,-3.026579e-02,-2.425263e-02,4.594211e-02,-2.933693e+00,3.630000e+01,-1.400000e+00,-2.740000e+01
-1.490434e-03,4.000000e-04,1.139737e-02,-8.071053e-03,-8.426798e-01,6.000000e-01,2.400000e+00,-2.800000e+00,3.195434e-02,-2.486579e-02,-2.545263e-02,5.784211e-02,-2.657644e+00,4.310000e+01,-5.100000e+00,-3.250000e+01
-1.878496e-03,6.000000e-04,1.059737e-02,-8.271053e-03,-9.490523e-01,4.000000e-01,2.200000e+00,-2.700000e+00,4.668534e-02,-1.786579e-02,-2.265263e-02,7.294211e-02,-1.532756e+00,5.230000e+01,-1.030000e+01,-3.850000e+01
-1.636999e-03,9.000000e-04,1.009737e-02,-7.871053e-03,-5.479617e-01,1.200000e+00,2.200000e+00,-2.700000e+00,6.180604e-02,-1.516579e-02,-1.855263e-02,9.174211e-02,-3.438880e+00,5.340000e+01,-2.000000e+01,-4.410000e+01
-1.367388e-03,8.000000e-04,9.597368e-03,-7.171053e-03,-1.311335e+00,2.100000e+00,1.100000e+00,-3.700000e+00,8.272309e-02,-1.206579e-02,-1.825263e-02,1.166421e-01,-8.363271e+00,4.930000e+01,-3.730000e+01,-5.180000e+01
-1.032538e-03,6.000000e-04,9.197368e-03,-6.371053e-03,-8.792574e-01,3.900000e+00,7.000000e-01,-4.100000e+00,1.071785e-01,-5.865789e-03,-2.235263e-02,1.432421e-01,-1.038351e+01,4.920000e+01,-4.850000e+01,-5.690000e+01
-5.895074e-04,0.000000e+00,1.009737e-02,-5.871053e-03,-1.274208e+00,4.200000e+00,3.000000e-01,-4.600000e+00,1.237403e-01,1.343421e-02,-1.015263e-02,1.553421e-01,-3.783691e+01,2.090000e+01,-7.710000e+01,-7.810000e+01
-3.946942e-04,-7.000000e-04,1.069737e-02,-5.471053e-03,-6.396327e-01,4.900000e+00,-3.000000e-01,-3.900000e+00,1.620971e-01,1.063421e-02,-9.015263e-02,1.912421e-01,-5.195063e+01,1.170000e+01,-8.720000e+01,-9.150000e+01
-6.268448e-04,-1.800000e-03,1.129737e-02,-5.371053e-03,-7.120127e-01,5.100000e+00,-9.000000e-01,-3.800000e+00,1.682355e-01,-1.156579e-02,-1.109526e-01,2.192421e-01,-6.709029e+01,3.890000e+01,-1.157000e+02,-1.360000e+02
-2.487192e-04,-2.800000e-03,1.269737e-02,-4.971053e-03,-3.350017e-01,4.800000e+00,0.000000e+00,-3.600000e+00,1.783907e-01,-5.565789e-03,-1.312526e-01,2.349421e-01,-8.464170e+01,2.110000e+01,-1.360000e+02,-1.488000e+02
-8.078700e-04,-3.200000e-03,1.349737e-02,-5.871053e-03,-1.541847e-01,5.700000e+00,-1.000000e-01,-3.900000e+00,1.831637e-01,3.434211e-03,-1.629526e-01,2.440421e-01,-9.191312e+01,2.800000e+01,-1.520000e+02,-1.665000e+02
-9.108221e-04,-3.700000e-03,1.459737e-02,-6.271053e-03,-1.536207e-01,5.700000e+00,-1.000000e-01,-3.900000e+00,1.767924e-01,2.133421e-02,-1.674526e-01,2.388421e-01,-1.044893e+02,2.950000e+01,-1.607000e+02,-1.857000e+02
6.384354e-06,-4.200000e-03,1.559737e-02,-5.271053e-03,2.901378e-01,6.200000e+00,0.000000e+00,-3.700000e+00,1.731862e-01,4.863421e-02,-1.837526e-01,2.286421e-01,-1.059816e+02,2.410000e+01,-1.658000e+02,-1.837000e+02
3.264758e-04,-4.800000e-03,1.799737e-02,-5.771053e-03,4.744356e-01,6.400000e+00,2.000000e-01,-3.700000e+00,1.670272e-01,6.303421e-02,-2.168526e-01,2.253421e-01,-1.033345e+02,1.520000e+01,-1.520000e+02,-1.706000e+02
8.676082e-04,-5.100000e-03,2.019737e-02,-6.071053e-03,1.145130e+00,6.900000e+00,3.000000e-01,-3.200000e+00,1.710811e-01,8.393421e-02,-2.532526e-01,2.264421e-01,-9.047381e+01,-8.000000e-01,-1.249000e+02,-1.350000e+02
1.471487e-03,-5.500000e-03,2.229737e-02,-6.171053e-03,1.732228e+00,7.300000e+00,5.000000e-01,-2.800000e+00,1.961203e-01,1.345342e-01,-3.058526e-01,2.130421e-01,-4.700057e+01,-1.970000e+01,-6.140000e+01,-5.010000e+01
1.749327e-03,-5.700000e-03,2.249737e-02,-5.771053e-03,2.107308e+00,7.900000e+00,5.000000e-01,-2.700000e+00,1.612660e-01,1.010342e-01,-4.263526e-01,1.942421e-01,7.021824e+00,1.540000e+01,-1.250000e+01,-6.600000e+00
1.813055e-03,-6.200000e-03,2.219737e-02,-5.171053e-03,2.246084e+00,9.400000e+00,-4.000000e-01,-3.000000e+00,5.563183e-02,1.734211e-03,-3.963526e-01,1.458421e-01,1.611233e+01,2.400000e+00,-4.200000e+01,1.920000e+01
1.988121e-03,-6.000000e-03,2.329737e-02,-5.671053e-03,3.152055e+00,1.100000e+01,-5.000000e-01,-2.800000e+00,-1.467670e-02,-6.556579e-02,-4.053526e-01,1.103421e-01,1.271815e+01,-2.290000e+01,-6.440000e+01,4.020000e+01
1.526727e-03,-6.000000e-03,2.419737e-02,-6.771053e-03,3.152654e+00,1.100000e+01,-5.000000e-01,-2.800000e+00,-6.297832e-02,-1.248658e-01,-4.246526e-01,9.254211e-02,1.537399e+01,-4.690000e+01,-6.810000e+01,7.000000e+01
1.718520e-03,-6.500000e-03,2.579737e-02,-7.071053e-03,3.898765e+00,1.280000e+01,-5.000000e-01,-3.000000e+00,-1.093966e-01,-1.923658e-01,-4.140526e-01,8.484211e-02,2.244469e+01,-5.080000e+01,-3.960000e+01,8.720000e+01
1.521104e-03,-6.900000e-03,2.689737e-02,-7.671053e-03,3.516170e+00,1.190000e+01,0.000000e+00,-3.200000e+00,-1.590835e-01,-2.843658e-01,-4.147526e-01,9.544211e-02,2.562179e+01,-6.120000e+01,-2.870000e+01,1.048000e+02
9.260249e-04,-8.000000e-03,3.029737e-02,-9.671053e-03,3.238471e+00,1.130000e+01,-3.000000e-01,-3.000000e+00,-2.105495e-01,-3.834658e-01,-3.969526e-01,1.122421e-01,2.843863e+01,-7.080000e+01,-2.440000e+01,1.204000e+02
5.054059e-04,-8.400000e-03,3.309737e-02,-1.157105e-02,3.827825e+00,1.080000e+01,-1.000000e-01,-2.000000e+00,-2.485440e-01,-4.577658e-01,-3.604526e-01,1.229421e-01,3.243279e+01,-7.740000e+01,-1.150000e+01,1.362000e+02
-5.225723e-04,-8.800000e-03,3.619737e-02,-1.447105e-02,3.477053e+00,8.800000e+00,0.000000e+00,-1.200000e+00,-2.913718e-01,-5.276658e-01,-3.111526e-01,1.248421e-01,3.881588e+01,-7.850000e+01,-3.000000e+00,1.489000e+02
-8.825961e-04,-8.200000e-03,3.949737e-02,-1.727105e-02,2.781328e+00,7.300000e+00,8.000000e-01,-1.600000e+00,-3.483531e-01,-6.221658e-01,-2.388526e-01,1.395421e-01,3.924760e+01,-7.850000e+01,1.830000e+01,1.551000e+02
-1.639229e-03,-7.700000e-03,4.249737e-02,-2.037105e-02,2.659259e+00,5.900000e+00,4.000000e-01,-6.000000e-01,-3.532423e-01,-6.446658e-01,-1.199526e-01,1.720421e-01,4.397151e+01,-7.280000e+01,3.640000e+01,1.614000e+02
-2.085902e-03,-8.100000e-03,4.839737e-02,-2.417105e-02,2.849534e+00,4.600000e+00,6.000000e-01,4.000000e-01,-2.756545e-01,-5.716658e-01,-6.485263e-02,2.082421e-01,4.767017e+01,-6.330000e+01,5.230000e+01,1.620000e+02
-1.736088e-03,-8.000000e-03,5.179737e-02,-2.577105e-02,2.439051e+00,2.500000e+00,1.700000e+00,6.000000e-01,-1.996579e-01,-4.971658e-01,-2.895263e-02,2.367421e-01,4.675493e+01,-5.490000e+01,7.110000e+01,1.588000e+02
-1.783357e-03,-7.800000e-03,5.519737e-02,-2.797105e-02,2.003377e+00,1.800000e+00,1.500000e+00,6.000000e-01,-1.527557e-01,-4.479658e-01,1.934737e-02,2.564421e-01,4.278853e+01,-4.720000e+01,9.240000e+01,1.538000e+02
-1.435053e-03,-7.800000e-03,5.649737e-02,-2.827105e-02,3.054430e+00,1.400000e+00,2.300000e+00,1.800000e+00,-9.775448e-02,-3.833658e-01,5.104737e-02,2.693421e-01,3.945806e+01,-3.890000e+01,1.086000e+02,1.478000e+02
-1.570095e-03,-8.200000e-03,5.749737e-02,-2.877105e-02,3.783849e+00,1.600000e+00,3.900000e+00,1.700000e+00,-3.427981e-02,-2.932658e-01,7.024737e-02,2.710421e-01,3.735080e+01,-3.620000e+01,1.162000e+02,1.455000e+02
-1.242613e-03,-7.200000e-03,5.779737e-02,-2.917105e-02,3.825212e+00,1.400000e+00,3.200000e+00,2.300000e+00,2.120440e-02,-1.989658e-01,8.364737e-02,2.620421e-01,3.322535e+01,-3.210000e+01,1.272000e+02,1.411000e+02
-1.486918e-03,-7.700000e-03,5.679737e-02,-2.857105e-02,4.333796e+00,1.200000e+00,3.900000e+00,2.700000e+00,6.061155e-02,-1.125658e-01,9.374737e-02,2.439421e-01,3.237158e+01,-2.960000e+01,1.317000e+02,1.397000e+02
-1.036939e-03,-9.300000e-03,5.759737e-02,-2.737105e-02,4.387517e+00,5.000000e-01,4.300000e+00,3.000000e+00,8.771954e-02,-3.196579e-02,9.714737e-02,2.183421e-01,3.475660e+01,-2.610000e+01,1.303000e+02,1.390000e+02
-1.458815e-03,-1.140000e-02,5.799737e-02,-2.677105e-02,4.387742e+00,5.000000e-01,4.300000e+00,3.000000e+00,1.057914e-01,4.803421e-02,9.674737e-02,1.865421e-01,4.089281e+01,-1.770000e+01,1.251000e+02,1.378000e+02
-1.742098e-03,-1.390000e-02,6.019737e-02,-2.677105e-02,5.351483e+00,-1.200000e+00,5.000000e+00,5.000000e+00,1.115593e-01,1.284342e-01,1.026474e-01,1.487421e-01,4.761507e+01,-9.700000e+00,1.143000e+02,1.348000e+02
-1.816720e-03,-1.470000e-02,5.909737e-02,-2.567105e-02,5.906439e+00,-2.500000e+00,5.000000e+00,6.600000e+00,1.015701e-01,2.023342e-01,1.157474e-01,1.050421e-01,4.789057e+01,-7.100000e+00,1.068000e+02,1.289000e+02
-2.061202e-03,-1.520000e-02,5.829737e-02,-2.517105e-02,5.971295e+00,-3.100000e+00,4.800000e+00,7.200000e+00,8.286842e-02,2.697342e-01,1.302474e-01,5.934211e-02,5.659169e+01,-3.000000e-01,8.620000e+01,1.240000e+02
-1.474413e-03,-1.530000e-02,5.619737e-02,-2.307105e-02,6.582477e+00,-2.800000e+00,5.000000e+00,7.700000e+00,6.125667e-02,3.373342e-01,1.472474e-01,1.414211e-02,5.961898e+01,6.800000e+00,7.090000e+01,1.147000e+02
-1.089980e-03,-1.520000e-02,5.579737e-02,-2.237105e-02,6.751491e+00,-1.700000e+00,5.000000e+00,7.200000e+00,3.432159e-02,4.080342e-01,1.710474e-01,-3.295789e-02,5.876518e+01,1.340000e+01,6.410000e+01,1.058000e+02
9.092259e-04,-1.420000e-02,5.479737e-02,-1.977105e-02,5.689220e+00,-1.700000e+00,3.600000e+00,6.600000e+00,1.081758e-03,4.713342e-01,1.970474e-01,-8.075789e-02,5.316119e+01,1.890000e+01,6.090000e+01,9.370000e+01
8.838377e-04,-1.390000e-02,5.269737e-02,-1.877105e-02,5.651058e+00,-1.400000e+00,3.000000e+00,6.700000e+00,-3.725986e-02,5.234342e-01,2.217474e-01,-1.302579e-01,4.670265e+01,2.460000e+01,5.110000e+01,7.670000e+01
2.758289e-03,-1.250000e-02,5.179737e-02,-1.667105e-02,4.930729e+00,-8.000000e-01,1.700000e+00,6.100000e+00,-7.812450e-02,5.689342e-01,2.451474e-01,-1.824579e-01,4.029215e+01,2.680000e+01,3.620000e+01,5.870000e+01
3.251144e-03,-1.040000e-02,4.499737e-02,-1.347105e-02,4.657669e+00,1.100000e+00,-4.000000e-01,5.700000e+00,-1.208985e-01,6.120342e-01,2.667474e-01,-2.377579e-01,3.761084e+01,2.820000e+01,2.850000e+01,5.010000e+01
4.575842e-03,-7.500000e-03,3.779737e-02,-9.471053e-03,4.049387e+00,4.800000e+00,-3.600000e+00,4.300000e+00,-1.605997e-01,6.529342e-01,2.836474e-01,-2.945579e-01,3.048329e+01,3.170000e+01,1.470000e+01,3.150000e+01
5.800195e-03,-4.700000e-03,3.119737e-02,-5.871053e-03,4.988245e+00,9.800000e+00,-5.600000e+00,3.400000e+00,-1.958505e-01,6.914342e-01,2.956474e-01,-3.509579e-01,2.204158e+01,2.900000e+01,2.800000e+00,1.540000e+01
7.370662e-03,-2.400000e-03,2.619737e-02,-2.371053e-03,5.429198e+00,1.390000e+01,-7.900000e+00,2.600000e+00,-2.231869e-01,7.268342e-01,2.986474e-01,-4.057579e-01,1.156927e+01,2.310000e+01,-1.120000e+01,-2.800000e+00
9.365800e-03,-1.100000e-03,2.339737e-02,1.128947e-03,5.762269e+00,1.750000e+01,-1.040000e+01,2.100000e+00,-2.470690e-01,7.577342e-01,2.963474e-01,-4.639579e-01,-6.616253e+00,9.700000e+00,-2.950000e+01,-2.930000e+01
1.138976e-02,3.000000e-04,2.299737e-02,3.228947e-03,5.764932e+00,1.890000e+01,-1.200000e+01,2.100000e+00,-2.674495e-01,7.834342e-01,2.925474e-01,-5.268579e-01,-1.737383e+01,1.500000e+01,-5.710000e+01,-6.060000e+01
1.377359e-02,2.100000e-03,2.369737e-02,4.928947e-03,7.295713e+00,2.220000e+01,-1.500000e+01,3.700000e+00,-2.823604e-01,7.835342e-01,2.845474e-01,-5.792579e-01,1.155801e+01,3.880000e+01,-8.830000e+01,-5.370000e+01
1.538268e-02,3.300000e-03,2.569737e-02,5.228947e-03,7.300861e+00,2.220000e+01,-1.500000e+01,3.700000e+00,-2.659290e-01,7.547342e-01,2.863474e-01,-5.751579e-01,1.792971e+01,3.330000e+01,-1.089000e+02,-5.400000e+01
1.794651e-02,4.800000e-03,2.719737e-02,6.928947e-03,7.305949e+00,2.220000e+01,-1.500000e+01,3.700000e+00,-1.493988e-01,7.408342e-01,2.466474e-01,-4.750579e-01,-5.917529e-01,3.050000e+01,-1.110000e+02,-7.700000e+01
2.381524e-02,4.800000e-03,3.709737e-02,9.128947e-03,7.187182e+00,2.560000e+01,-3.560000e+01,1.370000e+01,-5.953177e-03,6.688342e-01,1.533474e-01,-3.102579e-01,-3.437398e+01,3.300000e+01,-1.250000e+01,-7.000000e+01
3.025037e-02,-4.000000e-04,5.059737e-02,1.372895e-02,8.011432e+00,2.640000e+01,-4.430000e+01,1.960000e+01,7.319480e-02,5.440342e-01,5.594737e-02,-1.926579e-01,-5.480125e+01,2.070000e+01,-4.000000e+00,-8.440000e+01
3.635617e-02,-3.700000e-03,6.399737e-02,1.692895e-02,1.073413e+01,2.970000e+01,-5.480000e+01,2.750000e+01,7.594706e-02,4.325342e-01,1.684737e-02,-1.500579e-01,-3.546855e+01,3.530000e+01,-3.310000e+01,-8.330000e+01
4.306686e-02,-7.000000e-03,7.539737e-02,2.262895e-02,1.053927e+01,2.980000e+01,-6.060000e+01,3.080000e+01,8.932822e-02,3.468342e-01,-3.705263e-02,-1.131579e-01,-8.635308e+00,5.780000e+01,-5.040000e+01,-7.170000e+01
4.949882e-02,-8.900000e-03,8.939737e-02,2.582895e-02,1.038560e+01,3.070000e+01,-7.190000e+01,3.710000e+01,1.292534e-01,2.939342e-01,-9.615263e-02,-6.005789e-02,-2.355611e-01,6.470000e+01,-4.370000e+01,-6.250000e+01
5.429631e-02,-1.060000e-02,9.969737e-02,2.972895e-02,1.013637e+01,3.110000e+01,-8.440000e+01,4.450000e+01,1.647808e-01,2.414342e-01,-1.269526e-01,4.842105e-03,9.803120e+00,7.120000e+01,-2.320000e+01,-4.500000e+01
5.917648e-02,-1.290000e-02,1.114974e-01,3.442895e-02,9.641781e+00,3.270000e+01,-9.940000e+01,5.230000e+01,1.876042e-01,1.540342e-01,-1.304526e-01,9.054211e-02,1.110578e+01,6.180000e+01,-2.180000e+01,-3.660000e+01
6.282779e-02,-1.560000e-02,1.218974e-01,3.942895e-02,9.627305e+00,3.270000e+01,-9.940000e+01,5.230000e+01,2.241467e-01,1.019342e-01,-1.184526e-01,1.773421e-01,6.534387e+00,4.160000e+01,-9.200000e+00,-2.360000e+01
6.412819e-02,-1.840000e-02,1.344974e-01,4.242895e-02,9.682661e+00,3.180000e+01,-1.327000e+02,7.560000e+01,2.431599e-01,8.523421e-02,-1.271526e-01,2.093421e-01,3.280835e+00,2.170000e+01,4.700000e+00,-8.600000e+00
6.429001e-02,-1.790000e-02,1.469974e-01,4.262895e-02,1.159822e+01,3.320000e+01,-1.404000e+02,8.250000e+01,1.597718e-01,2.333421e-02,-1.132526e-01,1.506421e-01,6.635685e+00,1.280000e+01,-1.300000e+00,-7.000000e-01
5.987996e-02,-1.610000e-02,1.529974e-01,4.182895e-02,1.536612e+01,3.640000e+01,-1.585000e+02,9.780000e+01,5.134046e-02,2.833421e-02,-5.085263e-02,3.444211e-02,8.917405e+00,8.100000e+00,-5.200000e+00,3.800000e+00
5.550338e-02,-8.500000e-03,1.616974e-01,3.642895e-02,1.827440e+01,3.870000e+01,-1.784000e+02,1.141000e+02,7.916028e-03,8.363421e-02,2.504737e-02,-2.825789e-02,7.076111e+00,4.300000e+00,-4.000000e+00,4.500000e+00
4.996178e-02,-2.700000e-03,1.737974e-01,3.352895e-02,1.902374e+01,3.760000e+01,-2.032000e+02,1.344000e+02,3.418107e-02,1.166342e-01,4.214737e-02,-1.075789e-02,5.184089e+00,-7.000000e-01,-2.200000e+00,6.200000e+00
3.896761e-02,3.800000e-03,1.866974e-01,2.632895e-02,1.845211e+01,3.580000e+01,-2.314000e+02,1.562000e+02,5.093901e-02,1.221342e-01,6.804737e-02,1.684211e-02,6.106673e+00,-3.800000e+00,-3.200000e+00,9.100000e+00
2.570581e-02,1.370000e-02,1.908974e-01,2.572895e-02,2.156983e+01,3.900000e+01,-2.629000e+02,1.809000e+02,3.832967e-02,9.363421e-02,1.026474e-01,3.374211e-02,6.159456e+00,-4.500000e+00,-3.600000e+00,9.500000e+00
4.293390e-03,1.930000e-02,1.958974e-01,2.732895e-02,2.004628e+01,3.780000e+01,-2.955000e+02,2.043000e+02,2.828648e-02,6.183421e-02,1.123474e-01,4.644211e-02,3.718500e+00,-6.900000e+00,-3.200000e+00,8.200000e+00
-2.410087e-02,2.040000e-02,2.190974e-01,2.092895e-02,1.259615e+01,2.810000e+01,-3.111000e+02,2.173000e+02,3.264623e-02,6.363421e-02,9.244737e-02,4.284211e-02,2.146620e+00,-7.600000e+00,-1.900000e+00,7.200000e+00
-6.138650e-02,2.490000e-02,2.519974e-01,-4.710526e-04,1.444675e-02,7.500000e+00,-3.361000e+02,2.489000e+02,2.358492e-02,4.353421e-02,5.474737e-02,3.014211e-02,1.582600e+00,-8.600000e+00,-2.100000e+00,7.100000e+00
-9.135378e-02,4.000000e-02,3.139974e-01,-2.367105e-02,-2.491311e+01,-2.960000e+01,-3.495000e+02,2.814000e+02,9.412874e-03,1.313421e-02,2.704737e-02,2.194211e-02,2.622553e+00,-5.500000e+00,-1.600000e+00,6.500000e+00
-1.063726e-01,7.600000e-02,3.857974e-01,-3.047105e-02,-3.991945e+01,-5.450000e+01,-3.512000e+02,3.081000e+02,9.511073e-03,1.573421e-02,1.444737e-02,1.524211e-02,2.549232e+00,-3.800000e+00,-1.200000e+00,5.400000e+00
-6.239039e-02,1.719000e-01,4.331974e-01,-9.671053e-03,-1.484947e+01,-3.450000e+01,-2.892000e+02,2.856000e+02,5.141772e-03,1.043421e-02,4.547368e-03,9.342105e-03,2.255718e+00,-5.000000e-01,7.000000e-01,3.500000e+00
6.307582e-02,3.280000e-01,5.010974e-01,4.822895e-02,3.773369e+01,1.890000e+01,-1.842000e+02,2.182000e+02,3.723451e-03,2.834211e-03,-1.015263e-02,6.942105e-03,5.800260e-01,2.100000e+00,1.300000e+00,-2.000000e-01
2.362450e-01,4.854000e-01,5.592974e-01,1.869289e-01,1.846313e+02,1.637000e+02,1.600000e+01,1.260000e+02,3.976208e-03,9.342105e-04,-1.525263e-02,6.542105e-03,-8.064517e-01,2.500000e+00,4.000000e-01,-2.600000e+00
3.204893e-01,5.447000e-01,6.354974e-01,2.650289e-01,2.122788e+02,1.836000e+02,1.238000e+02,1.138000e+02,4.252059e-03,6.342105e-04,-1.505263e-02,7.142105e-03,-1.701821e+00,2.500000e+00,0.000000e+00,-3.900000e+00
2.815046e-01,4.795000e-01,7.293974e-01,2.788289e-01,1.694103e+02,1.246000e+02,2.361000e+02,1.390000e+02,4.367523e-03,1.434211e-03,-1.625263e-02,6.242105e-03,-1.893655e+00,2.800000e+00,4.000000e-01,-4.200000e+00
1.921546e-01,3.843000e-01,8.071974e-01,2.596289e-01,1.118705e+02,5.800000e+01,2.275000e+02,1.682000e+02,5.119982e-03,4.134211e-03,-1.955263e-02,4.042105e-03,-1.691847e+00,3.100000e+00,8.000000e-01,-4.000000e+00
1.042971e-01,3.100000e-01,8.334974e-01,2.312289e-01,6.954019e+01,1.240000e+01,1.843000e+02,1.779000e+02,4.645012e-03,1.734211e-03,-2.045263e-02,4.742105e-03,-2.250460e+00,2.700000e+00,9.000000e-01,-4.400000e+00
3.531629e-02,2.488000e-01,8.370974e-01,2.163289e-01,6.047278e+01,1.620000e+01,1.511000e+02,1.374000e+02,4.167589e-03,-1.657895e-04,-1.835263e-02,6.242105e-03,-1.723532e+00,3.000000e+00,1.000000e+00,-3.900000e+00
-8.105733e-03,1.949000e-01,8.262974e-01,2.145289e-01,5.019839e+01,3.050000e+01,1.380000e+02,6.590000e+01,4.394912e-03,-1.665789e-03,-1.735263e-02,7.942105e-03,-1.196687e+00,4.000000e+00,8.000000e-01,-4.000000e+00
-3.833012e-02,1.407000e-01,8.324974e-01,2.076289e-01,2.074613e+01,2.830000e+01,1.370000e+02,-1.070000e+01,4.953853e-03,-1.165789e-03,-1.245263e-02,1.014211e-02,-1.397434e+00,4.100000e+00,1.400000e+00,-4.100000e+00
-1.079463e-01,4.500000e-02,8.742974e-01,1.784289e-01,-1.071585e+01,1.020000e+01,1.477000e+02,-4.940000e+01,5.470380e-03,3.421053e-05,-6.052632e-03,1.234211e-02,-2.166651e+00,3.100000e+00,1.900000e+00,-4.200000e+00
-2.246132e-01,-1.047000e-01,8.803974e-01,1.130289e-01,-6.062984e+01,-8.900000e+00,1.722000e+02,-1.295000e+02,5.557012e-03,2.834211e-03,-7.526316e-04,1.244211e-02,-1.834141e+00,3.600000e+00,9.000000e-01,-4.500000e+00
-3.868743e-01,-2.734000e-01,8.561974e-01,-4.277105e-02,-8.984496e+01,-8.100000e+00,1.880000e+02,-1.994000e+02,5.770975e-03,4.734211e-03,8.473684e-04,1.194211e-02,-2.659098e+00,3.300000e+00,2.100000e+00,-4.900000e+00
-4.650698e-01,-3.730000e-01,7.780974e-01,-1.447711e-01,-9.489721e+01,8.500000e+00,1.864000e+02,-2.419000e+02,5.347290e-03,4.334211e-03,8.473684e-04,1.164211e-02,-3.956533e+00,2.600000e+00,3.100000e+00,-5.700000e+00
-4.372296e-01,-3.663000e-01,6.651974e-01,-1.903711e-01,-8.419545e+01,2.730000e+01,1.653000e+02,-2.494000e+02,5.653188e-03,5.134211e-03,8.473684e-04,1.144211e-02,-4.356678e+00,2.700000e+00,3.600000e+00,-6.100000e+00
-3.624063e-01,-3.121000e-01,5.704974e-01,-1.982711e-01,-7.275413e+01,3.640000e+01,1.449000e+02,-2.371000e+02,5.398847e-03,5.034211e-03,2.473684e-04,1.094211e-02,-5.603066e+00,3.200000e+00,4.800000e+00,-7.600000e+00
-2.702908e-01,-2.483000e-01,5.105974e-01,-1.791711e-01,-6.878238e+01,3.640000e+01,1.412000e+02,-2.288000e+02,4.842646e-03,5.634211e-03,-4.526316e-04,9.542105e-03,-5.368351e+00,5.400000e+00,4.900000e+00,-8.800000e+00
-1.764271e-01,-1.831000e-01,4.641974e-01,-1.483711e-01,-6.057078e+01,3.770000e+01,1.437000e+02,-2.172000e+02,4.131552e-03,5.434211e-03,-1.352632e-03,8.442105e-03,-6.997394e+00,5.100000e+00,6.200000e+00,-1.020000e+01
-1.114864e-01,-1.358000e-01,3.927974e-01,-1.195711e-01,-4.895611e+01,4.370000e+01,1.529000e+02,-2.094000e+02,3.727856e-03,5.934211e-03,-3.152632e-03,6.942105e-03,-6.859981e+00,7.500000e+00,7.600000e+00,-1.120000e+01
-8.571854e-02,-1.122000e-01,2.948974e-01,-9.937105e-02,-4.881715e+01,4.370000e+01,1.529000e+02,-2.094000e+02,3.128522e-03,5.134211e-03,-5.452632e-03,5.942105e-03,-8.291236e+00,9.100000e+00,9.100000e+00,-1.360000e+01
-8.202666e-02,-9.820000e-02,1.872974e-01,-8.367105e-02,-2.222744e+01,5.730000e+01,1.677000e+02,-1.899000e+02,2.367437e-03,4.834211e-03,-5.652632e-03,5.142105e-03,-7.599067e+00,1.000000e+01,8.400000e+00,-1.360000e+01
-8.086858e-02,-8.380000e-02,9.669737e-02,-6.817105e-02,-1.432042e+01,6.020000e+01,1.715000e+02,-1.827000e+02,1.820615e-03,3.534211e-03,-6.052632e-03,5.242105e-03,-6.869251e+00,1.020000e+01,7.600000e+00,-1.310000e+01
-5.601516e-02,-5.050000e-02,4.659737e-02,-4.777105e-02,-1.413934e+01,6.030000e+01,1.699000e+02,-1.815000e+02,1.482533e-03,1.234211e-03,-4.552632e-03,6.942105e-03,-6.346517e+00,8.800000e+00,5.500000e+00,-1.220000e+01
4.279611e-03,1.200000e-02,4.249737e-02,-2.027105e-02,-1.739578e+01,5.750000e+01,1.664000e+02,-1.815000e+02,2.048304e-03,2.342105e-04,3.947368e-03,1.124211e-02,-4.855297e+00,7.100000e+00,3.300000e+00,-9.900000e+00
7.855989e-02,8.780000e-02,6.079737e-02,1.032895e-02,-1.741271e+01,5.750000e+01,1.664000e+02,-1.815000e+02,2.552120e-03,-1.765789e-03,9.247368e-03,1.504211e-02,-3.872237e+00,3.600000e+00,-7.000000e-01,-7.600000e+00
1.524964e-01,1.684000e-01,8.329737e-02,4.162895e-02,-4.058326e+01,4.540000e+01,1.413000e+02,-1.887000e+02,3.412759e-03,-2.065789e-03,1.644737e-02,1.874211e-02,-2.660899e+00,1.600000e+00,-4.900000e+00,-6.100000e+00
2.083878e-01,2.392000e-01,1.031974e-01,6.412895e-02,-5.085313e+01,5.100000e+01,1.330000e+02,-2.020000e+02,4.423592e-03,-2.165789e-03,2.324737e-02,2.234211e-02,-2.883675e+00,-0.000000e+00,-6.800000e+00,-5.900000e+00
2.503274e-01,3.105000e-01,1.225974e-01,7.522895e-02,-6.336526e+01,5.390000e+01,1.266000e+02,-2.173000e+02,5.460142e-03,-2.465789e-03,2.894737e-02,2.574211e-02,-2.530656e+00,-2.700000e+00,-9.000000e+00,-4.300000e+00
2.813743e-01,3.962000e-01,1.355974e-01,7.612895e-02,-7.501212e+01,5.530000e+01,1.182000e+02,-2.285000e+02,6.934459e-03,-2.265789e-03,3.494737e-02,2.944211e-02,-3.012485e+00,-4.600000e+00,-1.000000e+01,-3.900000e+00
2.956185e-01,4.911000e-01,1.309974e-01,7.302895e-02,-7.807762e+01,5.470000e+01,1.134000e+02,-2.289000e+02,8.618654e-03,-8.657895e-04,3.964737e-02,3.214211e-02,-4.428911e+00,-6.400000e+00,-1.270000e+01,-5.300000e+00
2.942343e-01,5.771000e-01,1.226974e-01,6.852895e-02,-7.795913e+01,5.470000e+01,1.134000e+02,-2.289000e+02,1.105696e-02,5.342105e-04,4.204737e-02,3.504211e-02,-4.186007e+00,-7.200000e+00,-1.390000e+01,-4.800000e+00
2.655002e-01,6.892000e-01,8.819737e-02,4.232895e-02,-8.339080e+01,3.520000e+01,9.110000e+01,-2.085000e+02,1.308355e-02,7.534211e-03,4.764737e-02,3.454211e-02,-5.050529e+00,-1.000000e+01,-1.790000e+01,-5.200000e+00
2.163895e-01,8.049000e-01,4.019737e-02,4.828947e-03,-9.050559e+01,1.260000e+01,7.190000e+01,-1.920000e+02,1.226244e-02,2.453421e-02,4.434737e-02,2.034211e-02,-1.472915e+01,-1.800000e+01,-2.350000e+01,-1.360000e+01
1.401415e-01,9.217000e-01,-3.340263e-02,-4.657105e-02,-9.966040e+01,-1.160000e+01,4.500000e+01,-1.716000e+02,2.439201e-02,1.513421e-02,1.634737e-02,3.334211e-02,-2.052218e+01,-1.090000e+01,-1.150000e+01,-2.210000e+01
5.399645e-02,1.048100e+00,-1.145026e-01,-1.104711e-01,-1.032143e+02,-3.110000e+01,2.050000e+01,-1.479000e+02,2.725100e-02,8.434211e-03,2.447368e-03,3.744211e-02,-1.481396e+01,-9.500000e+00,-3.240000e+01,-2.270000e+01
-4.925768e-02,1.172800e+00,-2.004026e-01,-1.974711e-01,-9.810830e+01,-4.180000e+01,2.100000e+00,-1.212000e+02,2.846641e-02,1.243421e-02,5.047368e-03,3.714211e-02,-2.008185e+01,-1.790000e+01,-3.260000e+01,-2.340000e+01
-1.780330e-01,1.284800e+00,-3.016026e-01,-3.031711e-01,-9.069850e+01,-4.290000e+01,-4.300000e+00,-1.052000e+02,3.191600e-02,4.434211e-03,-1.152632e-03,4.574211e-02,-2.083816e+01,-1.770000e+01,-3.400000e+01,-2.500000e+01
-3.141830e-01,1.376900e+00,-4.103026e-01,-4.159711e-01,-6.972451e+01,-4.250000e+01,-1.360000e+01,-6.900000e+01,3.760169e-02,7.234211e-03,4.147368e-03,5.324211e-02,-1.789654e+01,-2.150000e+01,-4.430000e+01,-2.180000e+01
-4.362113e-01,1.457400e+00,-5.106026e-01,-5.281711e-01,-4.861730e+01,-4.250000e+01,-2.660000e+01,-2.960000e+01,4.300493e-02,7.534211e-03,7.947368e-03,6.204211e-02,-1.396384e+01,-2.500000e+01,-5.340000e+01,-1.710000e+01
-5.403339e-01,1.521900e+00,-6.037026e-01,-6.314711e-01,-2.886129e+01,-3.640000e+01,-3.670000e+01,3.400000e+00,4.781330e-02,4.234211e-03,1.234737e-02,7.354211e-02,-8.663448e+00,-2.400000e+01,-6.480000e+01,-1.480000e+01
-6.220564e-01,1.588500e+00,-6.969026e-01,-7.270711e-01,-1.042317e+01,-2.330000e+01,-5.880000e+01,4.200000e+01,5.336508e-02,4.734211e-03,1.724737e-02,8.394211e-02,-3.659999e+00,-2.510000e+01,-7.930000e+01,-1.230000e+01
-6.675497e-01,1.633400e+00,-7.575026e-01,-8.296711e-01,-5.594028e+00,-5.970000e+01,-9.730000e+01,9.240000e+01,5.906290e-02,-1.765789e-03,1.524737e-02,9.884211e-02,1.710062e-01,-2.400000e+01,-9.400000e+01,-1.320000e+01
-6.882381e-01,1.554600e+00,-9.094026e-01,-8.569711e-01,-3.637534e+01,-1.417000e+02,-2.125000e+02,1.741000e+02,6.604872e-02,-1.766579e-02,2.194737e-02,1.286421e-01,2.360393e+00,-2.790000e+01,-1.135000e+02,-1.390000e+01
-4.745594e-01,1.330200e+00,-8.626026e-01,-6.791711e-01,-3.010434e+01,-1.665000e+02,-2.653000e+02,2.334000e+02,6.604796e-02,-1.046579e-02,4.714737e-02,1.376421e-01,5.002243e+00,-2.900000e+01,-1.271000e+02,-1.420000e+01
-1.136117e-01,1.299800e+00,-7.135026e-01,-4.344711e-01,5.449449e+01,-1.536000e+02,-1.932000e+02,2.884000e+02,7.156924e-02,-5.865789e-03,5.854737e-02,1.542421e-01,8.664680e+00,-3.210000e+01,-1.537000e+02,-1.610000e+01
1.114523e-01,1.309100e+00,-5.378026e-01,-3.128711e-01,1.045553e+02,-1.302000e+02,6.000000e+00,2.116000e+02,7.212593e-02,-1.116579e-02,5.224737e-02,1.707421e-01,-1.172094e+00,-5.100000e+01,-1.805000e+02,-2.240000e+01
1.854146e-01,1.198000e+00,-4.169026e-01,-2.459711e-01,-5.044543e+00,-1.215000e+02,-7.200000e+00,7.090000e+01,6.859381e-02,-8.765789e-03,5.164737e-02,1.814421e-01,-1.474239e+01,-7.310000e+01,-2.105000e+02,-3.200000e+01
2.635534e-01,1.103100e+00,-3.889026e-01,-1.190711e-01,-4.897655e+01,-1.007000e+02,-2.470000e+01,1.140000e+01,5.774285e-02,-2.186579e-02,2.944737e-02,1.971421e-01,-1.908692e+01,-8.200000e+01,-2.502000e+02,-4.580000e+01
2.956288e-01,9.319000e-01,-3.979026e-01,2.622895e-02,-8.160667e+00,-2.520000e+01,-1.000000e-01,4.900000e+00,3.960583e-02,-3.576579e-02,-6.552632e-03,2.077421e-01,-2.375206e+01,-8.310000e+01,-2.922000e+02,-7.120000e+01
3.037162e-01,7.325000e-01,-3.825026e-01,1.469289e-01,3.397482e+01,1.740000e+01,7.500000e+00,2.910000e+01,1.747399e-02,-4.546579e-02,-5.275263e-02,2.118421e-01,-2.550225e+01,-8.210000e+01,-3.108000e+02,-8.470000e+01
3.576960e-01,5.997000e-01,-2.699026e-01,2.364289e-01,3.701147e+01,2.290000e+01,9.800000e+00,2.840000e+01,-1.673663e-02,-5.886579e-02,-1.092526e-01,2.106421e-01,-2.174760e+01,-6.650000e+01,-3.459000e+02,-1.199000e+02
4.233921e-01,4.539000e-01,-1.392026e-01,3.415289e-01,1.586090e+01,1.910000e+01,5.000000e+00,6.000000e+00,-6.613302e-02,-7.226579e-02,-1.548526e-01,2.066421e-01,-1.114560e+01,-4.700000e+01,-3.808000e+02,-1.516000e+02
5.176584e-01,4.004000e-01,4.199737e-02,3.996289e-01,4.704825e+00,1.090000e+01,2.100000e+00,-1.800000e+00,-1.316730e-01,-8.666579e-02,-1.901526e-01,2.009421e-01,2.681405e-01,-3.520000e+01,-4.167000e+02,-1.702000e+02
4.562436e-01,4.828000e-01,3.439737e-02,2.734289e-01,1.506634e+01,1.650000e+01,1.070000e+01,3.500000e+00,-2.144709e-01,-1.013658e-01,-2.103526e-01,1.905421e-01,6.932268e+00,-3.330000e+01,-4.535000e+02,-1.794000e+02
2.237751e-01,3.652000e-01,-4.040263e-02,8.602895e-02,1.413063e+01,1.570000e+01,1.120000e+01,2.500000e+00,-3.158318e-01,-1.234658e-01,-2.475526e-01,1.747421e-01,2.961112e+01,-1.130000e+01,-4.934000e+02,-2.005000e+02
5.874517e-02,1.894000e-01,-1.450026e-01,3.802895e-02,9.581574e+00,9.100000e+00,1.010000e+01,1.300000e+00,-4.366518e-01,-1.540658e-01,-3.237526e-01,1.524421e-01,7.105761e+01,3.190000e+01,-5.321000e+02,-2.349000e+02
3.103303e-02,1.285000e-01,-1.914026e-01,6.492895e-02,9.808333e+00,7.700000e+00,1.060000e+01,2.200000e+00,-5.285853e-01,-1.418658e-01,-4.037526e-01,9.764211e-02,1.186953e+02,7.970000e+01,-5.530000e+02,-2.560000e+02
1.652367e-03,5.530000e-02,-1.313026e-01,3.982895e-02,9.348586e+00,7.000000e+00,1.050000e+01,2.100000e+00,-5.093750e-01,-7.165789e-03,-4.563526e-01,1.334211e-02,2.152416e+02,1.678000e+02,-6.589000e+02,-2.330000e+02
1.092279e-02,5.130000e-02,-3.130263e-02,4.289474e-04,6.698231e+00,6.800000e+00,6.400000e+00,1.000000e+00,-3.222661e-01,2.776342e-01,-4.876526e-01,-5.865789e-02,1.406244e+02,1.026000e+02,-6.133000e+02,-1.482000e+02
4.682777e-02,8.500000e-02,5.369737e-02,-1.997105e-02,6.199257e+00,7.300000e+00,4.800000e+00,9.000000e-01,-8.837693e-02,5.610342e-01,-4.243526e-01,-1.140579e-01,-2.205839e+01,-4.080000e+01,-2.974000e+02,-6.310000e+01
2.744831e-02,5.010000e-02,4.169737e-02,-1.697105e-02,6.204502e+00,7.300000e+00,4.800000e+00,9.000000e-01,1.211466e-01,8.199342e-01,-3.763526e-01,1.434211e-02,-1.860708e+02,-1.930000e+02,-2.010000e+01,-2.200000e+00
7.111628e-03,1.650000e-02,8.973684e-04,-2.710526e-04,6.208171e+00,7.300000e+00,4.800000e+00,9.000000e-01,3.415090e-01,1.011934e+00,-4.628526e-01,1.108421e-01,-1.176092e+02,-1.308000e+02,3.071000e+02,-3.110000e+01
9.590776e-03,8.900000e-03,1.109737e-02,2.128947e-03,6.211678e+00,7.300000e+00,4.800000e+00,9.000000e-01,4.615823e-01,1.074134e+00,-5.965526e-01,1.573421e-01,-4.185128e+01,-6.530000e+01,3.981000e+02,-8.430000e+01
1.523732e-02,9.700000e-03,2.689737e-02,3.289474e-04,6.215449e+00,7.300000e+00,4.800000e+00,9.000000e-01,4.313060e-01,1.005534e+00,-6.511526e-01,1.761421e-01,-1.849600e+01,-4.900000e+01,3.450000e+02,-1.537000e+02
1.261349e-02,6.600000e-03,1.509737e-02,5.328947e-03,6.218785e+00,7.300000e+00,4.800000e+00,9.000000e-01,3.632891e-01,9.123342e-01,-6.242526e-01,1.540421e-01,-7.639161e+01,-1.024000e+02,2.662000e+02,-1.553000e+02
1.141502e-02,5.500000e-03,6.997368e-03,8.928947e-03,6.221822e+00,7.300000e+00,4.800000e+00,9.000000e-01,3.407951e-01,8.621342e-01,-5.539526e-01,1.346421e-01,-1.323845e+02,-1.552000e+02,2.383000e+02,-1.244000e+02
1.306929e-02,6.100000e-03,8.997368e-03,9.628947e-03,6.224886e+00,7.300000e+00,4.800000e+00,9.000000e-01,3.393175e-01,8.288342e-01,-5.206526e-01,1.406421e-01,-1.157350e+02,-1.401000e+02,2.490000e+02,-8.570000e+01
1.093341e-02,4.600000e-03,8.197368e-03,8.228947e-03,9.584122e+00,7.200000e+00,5.400000e+00,5.000000e+00,2.591101e-01,7.105342e-01,-5.470526e-01,1.670421e-01,-3.405363e+01,-6.580000e+01,2.997000e+02,-4.950000e+01
1.063359e-02,6.300000e-03,9.897368e-03,5.828947e-03,1.055251e+01,6.300000e+00,5.800000e+00,6.600000e+00,3.601441e-02,4.366342e-01,-5.951526e-01,1.932421e-01,5.206311e+01,1.080000e+01,3.271000e+02,1.230000e+01
1.039359e-02,5.200000e-03,1.379737e-02,4.028947e-03,1.014823e+01,4.000000e+00,6.000000e+00,7.400000e+00,-1.950719e-01,1.559342e-01,-7.234526e-01,2.076421e-01,8.263914e+01,3.520000e+01,3.356000e+02,4.580000e+01
9.952180e-03,4.300000e-03,1.789737e-02,1.728947e-03,1.006799e+01,3.300000e+00,5.700000e+00,7.900000e+00,-4.256671e-01,-9.366579e-02,-7.947526e-01,3.494211e-02,1.180905e+02,5.470000e+01,3.537000e+02,1.087000e+02
9.578421e-03,3.300000e-03,2.209737e-02,-4.710526e-04,1.006716e+01,3.300000e+00,5.700000e+00,7.900000e+00,-5.834343e-01,-2.854658e-01,-6.961526e-01,-1.156579e-01,1.128992e+02,3.280000e+01,3.634000e+02,1.594000e+02
9.570831e-03,2.300000e-03,2.879737e-02,-3.571053e-03,1.043671e+01,-2.000000e-01,6.200000e+00,1.030000e+01,-6.337210e-01,-3.708658e-01,-5.360526e-01,-2.220579e-01,8.395844e+01,-1.330000e+01,3.489000e+02,2.024000e+02
8.707673e-03,1.500000e-03,3.509737e-02,-7.671053e-03,1.109198e+01,-2.500000e+00,6.200000e+00,1.260000e+01,-5.936447e-01,-3.534658e-01,-4.565526e-01,-2.933579e-01,5.075273e+01,-6.250000e+01,3.117000e+02,2.342000e+02
8.037408e-03,1.800000e-03,4.049737e-02,-1.167105e-02,1.114331e+01,-5.100000e+00,7.300000e+00,1.370000e+01,-4.889289e-01,-2.832658e-01,-4.638526e-01,-3.037579e-01,2.697131e+01,-9.250000e+01,2.730000e+02,2.402000e+02
6.208621e-03,7.000000e-04,4.449737e-02,-1.547105e-02,1.233739e+01,-7.500000e+00,9.800000e+00,1.540000e+01,-3.783960e-01,-2.148658e-01,-4.869526e-01,-2.914579e-01,2.355992e+01,-9.610000e+01,2.610000e+02,2.389000e+02
4.399146e-03,-3.000000e-04,4.849737e-02,-1.927105e-02,1.233081e+01,-7.500000e+00,9.800000e+00,1.540000e+01,-2.974515e-01,-1.795658e-01,-4.549526e-01,-2.621579e-01,2.669747e+01,-8.890000e+01,2.557000e+02,2.332000e+02
3.333186e-03,-1.100000e-03,4.909737e-02,-2.037105e-02,1.232449e+01,-7.500000e+00,9.800000e+00,1.540000e+01,-2.436906e-01,-1.690658e-01,-3.642526e-01,-2.180579e-01,2.725578e+01,-8.490000e+01,2.615000e+02,2.305000e+02
2.223093e-03,-1.300000e-03,5.059737e-02,-2.237105e-02,1.231834e+01,-7.500000e+00,9.800000e+00,1.540000e+01,-1.894665e-01,-1.435658e-01,-2.617526e-01,-1.731579e-01,1.972364e+01,-9.160000e+01,2.661000e+02,2.283000e+02
6.213987e-04,-1.300000e-03,5.069737e-02,-2.437105e-02,1.231225e+01,-7.500000e+00,9.800000e+00,1.540000e+01,-1.262487e-01,-1.009658e-01,-1.706526e-01,-1.200579e-01,1.250388e+01,-9.260000e+01,2.679000e+02,2.189000e+02
1.992232e-03,-7.000000e-04,4.699737e-02,-2.087105e-02,9.228101e+00,-1.170000e+01,8.000000e+00,1.500000e+01,-5.244547e-02,-5.726579e-02,-1.091526e-01,-4.935789e-02,4.724668e+00,-9.220000e+01,2.685000e+02,2.068000e+02
3.214903e-03,-2.000000e-04,4.319737e-02,-1.747105e-02,9.219863e+00,-1.170000e+01,8.000000e+00,1.500000e+01,5.141420e-02,4.534211e-03,-9.045263e-02,3.944211e-02,2.299933e+00,-9.620000e+01,2.660000e+02,2.052000e+02
8.854315e-04,-1.700000e-03,2.759737e-02,-1.137105e-02,9.606012e+00,-5.300000e+00,4.200000e+00,1.350000e+01,1.899933e-01,9.903421e-02,-1.112526e-01,1.402421e-01,4.997945e+00,-9.570000e+01,2.642000e+02,2.069000e+02
2.571786e-03,-1.000000e-03,2.459737e-02,-8.071053e-03,1.154096e+01,-2.500000e+00,4.300000e+00,1.420000e+01,3.340319e-01,2.245342e-01,-1.390526e-01,2.341421e-01,2.380070e+01,-8.080000e+01,2.534000e+02,2.152000e+02
1.079454e-03,-1.000000e-03,9.797368e-03,-2.371053e-03,9.365256e+00,-1.100000e+00,3.000000e-01,1.260000e+01,4.406840e-01,3.303342e-01,-1.275526e-01,3.266421e-01,5.030795e+01,-6.630000e+01,2.235000e+02,2.244000e+02
2.391988e-03,5.800000e-03,4.297368e-03,-2.171053e-03,1.264920e+01,3.900000e+00,3.000000e-01,1.370000e+01,5.173771e-01,4.300342e-01,-9.005263e-02,4.124421e-01,7.941590e+01,-6.180000e+01,1.838000e+02,2.373000e+02
4.813819e-03,6.000000e-03,1.397368e-03,2.228947e-03,1.826430e+01,8.300000e+00,-1.300000e+00,1.900000e+01,5.769543e-01,5.485342e-01,-5.835263e-02,4.764421e-01,1.004462e+02,-4.250000e+01,1.565000e+02,2.380000e+02
8.103648e-03,6.500000e-03,-3.002632e-03,8.328947e-03,2.059132e+01,1.170000e+01,-4.100000e+00,2.130000e+01,6.196961e-01,6.944342e-01,-3.285263e-02,5.111421e-01,1.042914e+02,1.500000e+00,1.367000e+02,2.100000e+02
1.161092e-02,8.800000e-03,-2.902632e-03,1.122895e-02,2.303077e+01,1.560000e+01,-8.800000e+00,2.440000e+01,6.227707e-01,8.674342e-01,1.054737e-02,5.028421e-01,7.594478e+01,2.460000e+01,1.284000e+02,1.598000e+02
1.405667e-02,7.800000e-03,-6.902632e-03,1.702895e-02,2.903257e+01,2.050000e+01,-9.900000e+00,2.960000e+01,5.779613e-01,1.070634e+00,6.494737e-02,4.375421e-01,7.288428e+01,6.930000e+01,1.193000e+02,1.331000e+02
1.642967e-02,9.200000e-03,-1.902632e-03,1.652895e-02,2.916842e+01,2.150000e+01,-1.370000e+01,3.110000e+01,4.777283e-01,1.289334e+00,1.292474e-01,3.108421e-01,3.674564e+01,9.750000e+01,1.198000e+02,7.960000e+01
1.587590e-02,3.700000e-03,-1.702632e-03,1.932895e-02,3.594074e+01,2.870000e+01,-1.580000e+01,3.630000e+01,3.078037e-01,1.509234e+00,2.341474e-01,1.324421e-01,4.337092e+00,8.350000e+01,1.179000e+02,4.420000e+01
2.312865e-02,8.900000e-03,4.397368e-03,2.222895e-02,3.567147e+01,3.320000e+01,-2.410000e+01,3.730000e+01,5.863500e-02,1.703534e+00,3.839474e-01,-9.285789e-02,-3.247549e+00,4.010000e+01,1.132000e+02,4.520000e+01
2.706928e-02,1.190000e-02,-1.802632e-03,2.882895e-02,3.567904e+01,3.320000e+01,-2.410000e+01,3.730000e+01,-2.070964e-01,1.842034e+00,5.133474e-01,-3.385579e-01,8.253673e+00,1.370000e+01,7.030000e+01,4.290000e+01
3.395006e-02,1.420000e-02,4.697368e-03,3.312895e-02,3.568498e+01,3.320000e+01,-2.410000e+01,3.730000e+01,-4.417047e-01,1.959334e+00,6.260474e-01,-5.871579e-01,2.556906e+01,1.750000e+01,-1.080000e+01,1.950000e+01
3.861533e-02,1.120000e-02,3.397368e-03,4.252895e-02,3.569268e+01,3.320000e+01,-2.410000e+01,3.730000e+01,-6.487510e-01,2.083334e+00,7.333474e-01,-8.285579e-01,3.387509e+01,2.690000e+01,-4.520000e+01,8.800000e+00
4.428819e-02,1.060000e-02,-1.002632e-03,5.392895e-02,1.177703e+01,3.360000e+01,-6.270000e+01,2.580000e+01,-8.182620e-01,2.168434e+00,8.301474e-01,-1.045958e+00,3.226686e+01,5.020000e+01,-7.290000e+01,-1.350000e+01
4.909927e-02,6.500000e-03,8.973684e-04,6.402895e-02,7.073600e+00,3.480000e+01,-7.760000e+01,2.670000e+01,-9.542903e-01,2.216634e+00,9.415474e-01,-1.244758e+00,-2.866901e+01,1.730000e+01,-1.028000e+02,-8.980000e+01
5.530158e-02,2.200000e-03,1.797368e-03,7.792895e-02,4.587816e+00,3.710000e+01,-9.550000e+01,3.150000e+01,-9.702614e-01,2.046334e+00,9.948474e-01,-1.263158e+00,-1.763961e+01,6.000000e-01,-1.095000e+02,-7.520000e+01
6.902803e-02,-3.600000e-03,1.739737e-02,9.712895e-02,1.214340e+00,3.800000e+01,-1.202000e+02,4.010000e+01,-6.931379e-01,1.605034e+00,7.814474e-01,-1.009958e+00,-1.098880e+02,-1.040000e+01,-1.637000e+02,-2.060000e+02
7.965312e-02,-1.080000e-02,4.249737e-02,1.107289e-01,-9.758722e+00,2.440000e+01,-1.548000e+02,5.580000e+01,-4.299556e-01,1.288434e+00,5.691474e-01,-8.058579e-01,-6.336276e+01,6.180000e+01,-2.490000e+02,-2.212000e+02
9.099460e-02,-9.000000e-03,8.369737e-02,1.120289e-01,-5.615898e-01,2.550000e+01,-1.810000e+02,8.370000e+01,-2.995480e-01,1.212434e+00,5.051474e-01,-7.457579e-01,-9.268186e+00,7.700000e+01,-2.284000e+02,-1.539000e+02
9.547492e-02,-1.220000e-02,1.293974e-01,1.108289e-01,1.453806e+01,2.960000e+01,-2.081000e+02,1.188000e+02,-1.656198e-01,1.037434e+00,3.335474e-01,-6.405579e-01,1.534834e+01,6.530000e+01,-2.038000e+02,-1.070000e+02
9.846735e-02,-1.860000e-02,1.798974e-01,1.148289e-01,1.925623e+01,2.930000e+01,-2.246000e+02,1.366000e+02,1.183988e-01,9.683342e-01,1.298474e-01,-3.919579e-01,4.897944e+01,1.435000e+02,-1.804000e+02,-1.007000e+02
8.922803e-02,-2.950000e-02,2.250974e-01,1.212289e-01,2.651540e+01,2.750000e+01,-2.646000e+02,1.752000e+02,2.768162e-01,9.197342e-01,1.454474e-01,-1.741579e-01,2.497965e+01,1.122000e+02,-3.630000e+01,-5.350000e+01
6.655243e-02,-4.180000e-02,2.713974e-01,1.256289e-01,3.139131e+01,2.390000e+01,-3.064000e+02,2.142000e+02,3.245019e-01,7.003342e-01,1.269474e-01,1.214211e-02,-1.828690e+01,5.060000e+01,1.100000e+01,-5.070000e+01
2.824734e-02,-4.980000e-02,3.095974e-01,1.264289e-01,3.842595e+01,2.360000e+01,-3.492000e+02,2.544000e+02,3.989779e-01,5.390342e-01,3.164737e-02,1.704421e-01,-1.619481e+01,6.500000e+00,3.000000e+00,-2.310000e+01
-3.047242e-02,-5.340000e-02,3.141974e-01,1.300289e-01,4.527603e+01,2.620000e+01,-3.927000e+02,2.910000e+02,4.732063e-01,3.552342e-01,-1.524526e-01,3.140421e-01,7.429902e+00,1.610000e+01,6.700000e+00,1.300000e+00
-1.020652e-01,-5.800000e-02,3.465974e-01,1.273289e-01,2.846932e+01,-2.000000e+00,-4.256000e+02,3.283000e+02,4.922636e-01,3.264342e-01,-2.266526e-01,3.298421e-01,1.243117e+01,1.800000e+01,-2.000000e+00,3.200000e+00
-1.897377e-01,-6.470000e-02,4.201974e-01,1.162289e-01,1.713223e+00,-4.230000e+01,-4.425000e+02,3.643000e+02,3.785739e-01,5.447342e-01,-1.705263e-02,1.223421e-01,3.302360e+00,-1.300000e+00,-3.200000e+00,3.800000e+00
-2.946292e-01,-7.300000e-02,4.789974e-01,1.120289e-01,1.645511e+00,-4.230000e+01,-4.425000e+02,3.643000e+02,2.739271e-01,6.052342e-01,1.386474e-01,7.942105e-03,-9.993276e-01,-1.240000e+01,2.000000e-01,6.800000e+00
-2.871831e-01,4.920000e-02,5.262974e-01,9.082895e-02,-5.618136e+01,-1.075000e+02,-4.133000e+02,3.759000e+02,2.457590e-01,4.171342e-01,1.032474e-01,8.094211e-02,1.462729e+00,-1.100000e+01,-2.300000e+00,8.100000e+00
-1.028899e-01,3.120000e-01,5.819974e-01,1.310289e-01,-3.880216e+01,-6.470000e+01,-3.491000e+02,2.128000e+02,2.481538e-01,3.392342e-01,1.594474e-01,1.540421e-01,-3.003781e+00,-1.520000e+01,-2.000000e+00,5.400000e+00
1.144390e-01,5.498000e-01,6.846974e-01,2.699289e-01,1.116433e+02,1.034000e+02,-1.403000e+02,7.200000e+01,1.073988e-01,2.109342e-01,2.547474e-01,9.654211e-02,-6.471754e+00,-2.210000e+01,-3.100000e+00,5.200000e+00
2.529856e-01,6.613000e-01,7.222974e-01,3.794289e-01,1.697155e+02,1.687000e+02,1.289000e+02,5.080000e+01,4.743198e-02,8.533421e-02,1.295474e-01,5.864211e-02,-5.960353e+00,-2.170000e+01,-4.800000e+00,5.000000e+00
2.402526e-01,6.148000e-01,7.954974e-01,3.971289e-01,9.814874e+01,9.560000e+01,2.676000e+02,9.170000e+01,6.396129e-02,9.413421e-02,3.304737e-02,3.844211e-02,-6.925129e+00,-2.270000e+01,-4.500000e+00,4.600000e+00
1.314121e-01,4.834000e-01,8.530974e-01,3.905289e-01,8.365136e+01,7.650000e+01,2.577000e+02,1.151000e+02,3.614054e-02,4.253421e-02,9.147368e-03,2.874211e-02,-8.611232e+00,-2.150000e+01,-3.500000e+00,2.100000e+00
3.208377e-02,3.808000e-01,8.661974e-01,3.451289e-01,8.116068e+01,6.940000e+01,1.970000e+02,1.191000e+02,1.581956e-02,1.743421e-02,5.194737e-02,3.574211e-02,-8.593225e+00,-1.740000e+01,-3.600000e+00,-6.000000e-01
-4.957266e-02,3.069000e-01,8.689974e-01,2.937289e-01,7.835108e+01,6.250000e+01,1.582000e+02,1.226000e+02,1.544926e-02,2.293421e-02,3.064737e-02,2.364211e-02,-8.747586e+00,-1.350000e+01,-2.900000e+00,-3.100000e+00
-7.771142e-02,2.789000e-01,8.717974e-01,2.491289e-01,5.924933e+01,5.590000e+01,1.425000e+02,6.750000e+01,1.223069e-02,1.223421e-02,-1.335263e-02,1.024211e-02,-7.916976e+00,-9.800000e+00,-1.000000e+00,-3.800000e+00
-6.078998e-02,2.831000e-01,8.953974e-01,2.135289e-01,8.097201e+00,2.640000e+01,1.427000e+02,-1.350000e+01,8.771212e-03,1.073421e-02,-1.575263e-02,5.942105e-03,-6.539829e+00,-6.000000e+00,-2.000000e-01,-4.300000e+00
-1.471616e-01,1.554000e-01,9.145974e-01,2.040289e-01,-5.645818e+01,-1.750000e+01,1.535000e+02,-8.490000e+01,4.682203e-03,8.234211e-03,-1.435263e-02,2.942105e-03,-5.991898e+00,-3.400000e+00,2.000000e-01,-5.200000e+00
-3.787194e-01,-1.252000e-01,8.978974e-01,1.387289e-01,-1.003393e+02,-3.870000e+01,1.613000e+02,-1.547000e+02,4.471599e-03,1.203421e-02,-2.915263e-02,-5.457895e-03,-5.582814e+00,-1.500000e+00,9.000000e-01,-5.700000e+00
-6.091370e-01,-3.721000e-01,8.006974e-01,-2.447105e-02,-1.102112e+02,-3.660000e+01,1.630000e+02,-1.873000e+02,4.840802e-03,1.623421e-02,-3.585263e-02,-1.035789e-02,-4.989578e+00,1.200000e+00,1.900000e+00,-6.400000e+00
-6.885141e-01,-4.714000e-01,7.508974e-01,-1.541711e-01,-1.149932e+02,-1.800000e+01,1.718000e+02,-2.432000e+02,4.529299e-03,1.853421e-02,-3.755263e-02,-1.295789e-02,-3.999666e+00,3.800000e+00,2.200000e+00,-6.800000e+00
-5.779293e-01,-3.994000e-01,6.458974e-01,-1.926711e-01,-1.081575e+02,5.200000e+00,1.891000e+02,-2.783000e+02,4.906020e-03,2.203421e-02,-4.055263e-02,-1.595789e-02,-2.744408e+00,5.700000e+00,4.100000e+00,-5.800000e+00
-4.021337e-01,-2.481000e-01,5.446974e-01,-2.130711e-01,-9.274727e+01,2.520000e+01,2.007000e+02,-2.858000e+02,4.601822e-03,2.443421e-02,-3.465263e-02,-1.575789e-02,-2.098478e+00,7.400000e+00,5.300000e+00,-5.700000e+00
-2.491822e-01,-1.329000e-01,5.027974e-01,-1.954711e-01,-7.418586e+01,3.860000e+01,1.997000e+02,-2.717000e+02,3.643077e-03,2.493421e-02,-3.025263e-02,-1.565789e-02,-2.063503e+00,8.900000e+00,5.800000e+00,-6.500000e+00
-1.224417e-01,-4.060000e-02,4.384974e-01,-1.572711e-01,-5.397388e+01,4.720000e+01,1.961000e+02,-2.457000e+02,2.214399e-03,2.453421e-02,-2.675263e-02,-1.585789e-02,-2.817388e+00,9.900000e+00,8.100000e+00,-7.300000e+00
-3.758420e-02,2.910000e-02,3.253974e-01,-1.180711e-01,-3.492019e+01,5.330000e+01,2.001000e+02,-2.215000e+02,9.789850e-04,2.413421e-02,-2.115263e-02,-1.505789e-02,-3.210915e+00,1.070000e+01,8.800000e+00,-8.100000e+00
1.320698e-02,8.140000e-02,1.997974e-01,-8.477105e-02,-2.769152e+01,5.410000e+01,2.043000e+02,-2.120000e+02,-1.349231e-04,2.383421e-02,-1.715263e-02,-1.475789e-02,-3.515512e+00,1.260000e+01,9.600000e+00,-9.500000e+00
5.555856e-02,1.378000e-01,8.349737e-02,-5.227105e-02,-1.790559e+01,5.290000e+01,2.134000e+02,-1.984000e+02,-9.177534e-04,2.093421e-02,-2.045263e-02,-1.485789e-02,-3.526596e+00,1.610000e+01,1.100000e+01,-1.140000e+01
9.676105e-02,2.021000e-01,-1.502632e-03,-2.657105e-02,-1.150871e+01,5.340000e+01,2.162000e+02,-1.901000e+02,-1.334200e-03,1.953421e-02,-2.295263e-02,-1.515789e-02,-3.880240e+00,1.940000e+01,1.240000e+01,-1.360000e+01
1.336103e-01,2.631000e-01,-4.760263e-02,-8.671053e-03,-1.107911e+01,5.340000e+01,2.143000e+02,-1.884000e+02,-1.888296e-03,1.753421e-02,-2.545263e-02,-1.515789e-02,-4.701137e+00,2.240000e+01,1.290000e+01,-1.650000e+01
1.598718e-01,3.092000e-01,-6.340263e-02,3.028947e-03,-1.873281e+01,5.340000e+01,2.053000e+02,-1.950000e+02,-2.116652e-03,1.523421e-02,-2.725263e-02,-1.425789e-02,-4.915368e+00,2.350000e+01,1.270000e+01,-1.760000e+01
1.832646e-01,3.430000e-01,-5.630263e-02,1.642895e-02,-3.021192e+01,4.910000e+01,1.946000e+02,-2.018000e+02,-1.927362e-03,1.343421e-02,-2.615263e-02,-1.215789e-02,-5.485229e+00,2.390000e+01,1.420000e+01,-1.810000e+01
2.223587e-01,3.851000e-01,-2.320263e-02,3.492895e-02,-4.339312e+01,4.400000e+01,1.786000e+02,-2.069000e+02,-1.659368e-03,1.223421e-02,-1.975263e-02,-8.657895e-03,-5.710677e+00,2.300000e+01,1.330000e+01,-1.810000e+01
2.704369e-01,4.404000e-01,1.709737e-02,5.632895e-02,-4.921464e+01,4.380000e+01,1.686000e+02,-2.088000e+02,-2.158067e-03,9.834211e-03,-1.385263e-02,-5.557895e-03,-5.998212e+00,2.080000e+01,1.180000e+01,-1.750000e+01
3.110087e-01,5.017000e-01,5.309737e-02,7.152895e-02,-5.606532e+01,5.140000e+01,1.528000e+02,-2.136000e+02,-1.842460e-03,6.934211e-03,-7.852632e-03,-1.157895e-03,-5.505133e+00,1.860000e+01,1.100000e+01,-1.570000e+01
3.344781e-01,5.611000e-01,7.859737e-02,7.842895e-02,-6.285039e+01,6.070000e+01,1.404000e+02,-2.208000e+02,-1.035891e-03,3.334211e-03,-1.852632e-03,4.242105e-03,-5.958609e+00,1.620000e+01,1.000000e+01,-1.500000e+01
3.342888e-01,6.145000e-01,8.119737e-02,7.932895e-02,-7.318146e+01,6.260000e+01,1.232000e+02,-2.241000e+02,-4.115837e-04,-1.265789e-03,6.247368e-03,1.064211e-02,-5.265775e+00,1.480000e+01,6.200000e+00,-1.440000e+01
3.238756e-01,6.757000e-01,7.009737e-02,7.782895e-02,-8.363925e+01,5.060000e+01,1.054000e+02,-2.188000e+02,2.346849e-03,1.034211e-03,1.694737e-02,1.584211e-02,-5.073606e+00,1.400000e+01,5.700000e+00,-1.380000e+01
3.050824e-01,7.591000e-01,4.069737e-02,7.322895e-02,-9.284772e+01,2.810000e+01,8.930000e+01,-2.078000e+02,4.120442e-03,9.342105e-04,3.044737e-02,2.214211e-02,-4.278540e+00,1.270000e+01,1.600000e+00,-1.320000e+01
2.731074e-01,8.401000e-01,1.197368e-03,7.022895e-02,-9.278089e+01,2.810000e+01,8.930000e+01,-2.078000e+02,5.462074e-03,8.342105e-04,4.474737e-02,2.804211e-02,-6.337017e+00,9.000000e+00,6.000000e-01,-1.360000e+01
2.021789e-01,9.339000e-01,-7.170263e-02,3.672895e-02,-9.824166e+01,-1.120000e+01,6.910000e+01,-1.826000e+02,8.408278e-03,2.734211e-03,5.744737e-02,3.404211e-02,-5.129093e+00,4.800000e+00,-4.100000e+00,-1.070000e+01
1.096403e-01,1.030400e+00,-1.595026e-01,-1.567105e-02,-9.438432e+01,-3.360000e+01,5.260000e+01,-1.556000e+02,1.100517e-02,1.834211e-03,6.744737e-02,4.064211e-02,-5.670179e+00,1.100000e+00,-8.600000e+00,-1.020000e+01
-3.178820e-03,1.132700e+00,-2.618026e-01,-8.817105e-02,-8.705003e+01,-4.240000e+01,3.660000e+01,-1.299000e+02,1.393409e-02,2.342105e-04,6.944737e-02,4.584211e-02,-5.110652e+00,-1.500000e+00,-1.470000e+01,-9.500000e+00
-1.271645e-01,1.235800e+00,-3.607026e-01,-1.829711e-01,-7.478394e+01,-4.200000e+01,2.250000e+01,-1.026000e+02,1.818377e-02,1.342105e-04,7.224737e-02,5.194211e-02,-5.347771e+00,-4.000000e+00,-1.720000e+01,-8.800000e+00
-2.637681e-01,1.321300e+00,-4.670026e-01,-2.901711e-01,-5.688698e+01,-3.270000e+01,9.800000e+00,-7.200000e+01,2.301832e-02,8.342105e-04,7.484737e-02,5.824211e-02,-4.986421e+00,-7.500000e+00,-2.480000e+01,-8.100000e+00
-4.000594e-01,1.392600e+00,-5.662026e-01,-3.964711e-01,-5.694153e+01,-3.270000e+01,9.800000e+00,-7.200000e+01,2.790936e-02,1.234211e-03,7.684737e-02,6.474211e-02,-4.664890e+00,-9.700000e+00,-3.170000e+01,-8.100000e+00
-5.156459e-01,1.445900e+00,-6.555026e-01,-4.983711e-01,-3.531819e+01,-2.320000e+01,-1.810000e+01,-2.510000e+01,3.349933e-02,4.134211e-03,7.694737e-02,7.004211e-02,-8.569457e+00,-1.850000e+01,-4.290000e+01,-1.000000e+01
-6.088143e-01,1.482100e+00,-7.321026e-01,-5.904711e-01,-2.206756e+01,-2.430000e+01,-3.400000e+01,4.600000e+00,4.389564e-02,1.153421e-02,5.784737e-02,7.274211e-02,-1.036769e+01,-1.260000e+01,-4.380000e+01,-1.660000e+01
-6.819504e-01,1.492000e+00,-7.923026e-01,-6.719711e-01,-8.559240e+00,-1.750000e+01,-4.430000e+01,2.790000e+01,4.519280e-02,-1.865789e-03,7.124737e-02,8.854211e-02,-6.241827e+00,-1.900000e+01,-5.970000e+01,-1.130000e+01
-7.436012e-01,1.489000e+00,-8.398026e-01,-7.515711e-01,9.325149e+00,-3.400000e+00,-4.850000e+01,4.980000e+01,5.420657e-02,2.534211e-03,6.824737e-02,9.704211e-02,-4.470561e+00,-2.130000e+01,-7.080000e+01,-1.050000e+01
-7.548472e-01,1.464500e+00,-8.380026e-01,-8.072711e-01,3.023112e+01,1.110000e+01,-5.900000e+01,8.000000e+01,5.948080e-02,-1.665789e-03,6.564737e-02,1.077421e-01,-4.429444e+00,-2.330000e+01,-7.630000e+01,-1.050000e+01
-7.312660e-01,1.403100e+00,-7.908026e-01,-8.662711e-01,3.784541e+00,-5.080000e+01,-1.120000e+02,1.076000e+02,6.827837e-02,-2.965789e-03,6.514737e-02,1.224421e-01,-4.531795e+00,-2.930000e+01,-9.290000e+01,-1.090000e+01
-6.506807e-01,1.136500e+00,-8.062026e-01,-7.872711e-01,-6.722239e+01,-6.820000e+01,-3.160000e+02,1.727000e+02,8.155968e-02,-7.965789e-03,6.754737e-02,1.486421e-01,-4.299168e+00,-3.600000e+01,-1.139000e+02,-1.160000e+01
-4.538005e-01,7.785000e-01,-5.864026e-01,-6.353711e-01,-5.352141e+01,-8.930000e+01,-3.456000e+02,2.224000e+02,9.409080e-02,-1.606579e-02,5.824737e-02,1.759421e-01,-7.478835e-02,-3.870000e+01,-1.447000e+02,-1.330000e+01
-6.169445e-03,8.659000e-01,-3.256026e-01,-3.885711e-01,-2.414541e+01,-2.300000e+02,-3.246000e+02,3.292000e+02,9.934657e-02,-1.966579e-02,4.434737e-02,1.921421e-01,-1.249579e+00,-4.290000e+01,-1.778000e+02,-2.190000e+01
2.296752e-01,9.825000e-01,-2.555026e-01,-2.052711e-01,3.106740e+01,-1.098000e+02,2.890000e+01,9.930000e+01,1.031427e-01,-2.916579e-02,1.994737e-02,2.137421e-01,-1.999735e+01,-6.450000e+01,-2.065000e+02,-3.790000e+01
1.471821e-01,7.808000e-01,-3.151026e-01,-1.491711e-01,2.139209e+01,-5.620000e+01,3.420000e+01,4.690000e+01,1.051115e-01,-4.506579e-02,-1.665263e-02,2.416421e-01,-2.549353e+01,-6.990000e+01,-2.264000e+02,-4.760000e+01
2.307076e-01,6.970000e-01,-2.383026e-01,-3.087105e-02,1.399923e+01,-4.070000e+01,1.230000e+01,3.920000e+01,8.666930e-02,-6.996579e-02,-4.145263e-02,2.655421e-01,-2.615655e+01,-6.540000e+01,-2.721000e+02,-7.050000e+01
2.570866e-01,5.235000e-01,-1.280026e-01,5.862895e-02,5.760154e+00,-1.310000e+01,1.030000e+01,1.080000e+01,7.505374e-02,-6.946579e-02,-1.023526e-01,2.721421e-01,-3.202966e+01,-6.070000e+01,-3.194000e+02,-1.041000e+02
2.877387e-01,4.177000e-01,-8.130263e-02,1.435289e-01,9.222727e-01,-1.430000e+01,3.800000e+00,8.800000e+00,3.577770e-02,-9.126579e-02,-1.471526e-01,2.882421e-01,-4.056129e+01,-5.700000e+01,-3.589000e+02,-1.400000e+02
3.086424e-01,3.152000e-01,-5.930263e-02,2.281289e-01,9.714284e+00,1.000000e-01,1.360000e+01,5.400000e+00,-2.503061e-02,-1.112658e-01,-1.781526e-01,2.942421e-01,-4.590959e+01,-5.300000e+01,-3.959000e+02,-1.720000e+02
3.626857e-01,2.421000e-01,-2.330263e-02,3.293289e-01,9.878739e+00,8.000000e+00,1.380000e+01,2.000000e-01,-1.083173e-01,-1.336658e-01,-1.885526e-01,2.997421e-01,-4.902517e+01,-5.480000e+01,-4.401000e+02,-1.945000e+02
4.478029e-01,3.560000e-01,7.029737e-02,3.148289e-01,4.178168e+00,7.300000e+00,8.700000e+00,-4.100000e+00,-2.078709e-01,-1.536658e-01,-2.353526e-01,2.809421e-01,-3.546900e+01,-4.290000e+01,-4.807000e+02,-2.055000e+02
4.348270e-01,5.513000e-01,-7.570263e-02,2.465289e-01,7.023014e+00,1.070000e+01,1.030000e+01,-3.500000e+00,-3.175713e-01,-1.739658e-01,-3.519526e-01,2.381421e-01,-2.492396e+01,-2.600000e+01,-4.947000e+02,-2.284000e+02
1.278988e-01,3.082000e-01,-2.330026e-01,8.982895e-02,8.105726e+00,1.070000e+01,9.800000e+00,-1.800000e+00,-4.247863e-01,-1.692658e-01,-4.648526e-01,1.967421e-01,9.079974e+00,1.920000e+01,-5.332000e+02,-2.860000e+02
-6.893991e-02,3.200000e-02,-2.016026e-01,-2.371053e-03,7.313434e+00,7.900000e+00,9.500000e+00,-8.000000e-01,-4.506941e-01,-6.036579e-02,-5.604526e-01,1.499421e-01,9.518575e+01,1.069000e+02,-5.847000e+02,-3.113000e+02
5.183734e-02,8.570000e-02,-3.950263e-02,3.302895e-02,7.752781e+00,7.500000e+00,9.400000e+00,1.000000e-01,-3.252720e-01,2.082342e-01,-6.432526e-01,1.120421e-01,1.468859e+02,1.537000e+02,-6.681000e+02,-2.426000e+02
4.814606e-03,2.450000e-02,-1.410263e-02,-1.971053e-03,8.237912e+00,7.800000e+00,8.000000e+00,1.300000e+00,-1.388413e-01,4.963342e-01,-6.362526e-01,1.397421e-01,1.063929e+02,1.131000e+02,-4.579000e+02,-1.280000e+02
7.236741e-03,5.800000e-02,-2.790263e-02,-1.357105e-02,6.508973e+00,5.100000e+00,7.300000e+00,1.200000e+00,1.306891e-01,7.811342e-01,-5.749526e-01,2.573421e-01,-1.546132e+02,-1.551000e+02,-1.400000e+00,8.300000e+00
5.002503e-03,3.670000e-02,9.197368e-03,-2.257105e-02,6.511702e+00,5.100000e+00,7.300000e+00,1.200000e+00,3.154571e-01,9.269342e-01,-6.740526e-01,3.092421e-01,-1.782699e+02,-1.831000e+02,1.969000e+02,5.370000e+01
1.023085e-02,2.030000e-02,4.539737e-02,-2.457105e-02,6.269049e+00,4.700000e+00,6.100000e+00,1.800000e+00,4.002427e-01,9.260342e-01,-8.140526e-01,3.345421e-01,-7.468534e+01,-9.130000e+01,4.145000e+02,2.800000e+01
2.717423e-03,9.000000e-03,3.319737e-02,-2.027105e-02,6.271548e+00,4.700000e+00,6.100000e+00,1.800000e+00,3.222526e-01,7.846342e-01,-8.995526e-01,3.099421e-01,1.594644e+01,-2.900000e+00,4.185000e+02,-6.820000e+01
2.936933e-03,7.300000e-03,3.449737e-02,-1.957105e-02,6.274016e+00,4.700000e+00,6.100000e+00,1.800000e+00,1.503179e-01,5.838342e-01,-8.823526e-01,2.821421e-01,-1.179090e+01,-2.120000e+01,2.631000e+02,-8.870000e+01
5.950739e-03,7.200000e-03,4.359737e-02,-2.057105e-02,7.492919e+00,7.300000e+00,4.600000e+00,2.500000e+00,5.287766e-02,4.659342e-01,-7.656526e-01,2.802421e-01,-8.990012e+01,-9.190000e+01,1.375000e+02,-8.100000e+01
4.172994e-03,5.700000e-03,3.729737e-02,-1.847105e-02,8.530080e+00,8.900000e+00,4.600000e+00,2.800000e+00,4.316556e-02,4.378342e-01,-7.126526e-01,2.883421e-01,-1.201736e+02,-1.227000e+02,1.016000e+02,-5.450000e+01
3.578097e-03,7.700000e-03,3.269737e-02,-1.807105e-02,8.425951e+00,9.600000e+00,3.500000e+00,2.800000e+00,3.704520e-02,3.955342e-01,-6.967526e-01,2.916421e-01,-6.583450e+01,-8.130000e+01,1.927000e+02,-1.110000e+01
2.197029e-03,7.000000e-03,3.199737e-02,-1.907105e-02,9.143444e+00,1.050000e+01,3.400000e+00,3.200000e+00,-1.080595e-01,2.008342e-01,-6.714526e-01,2.761421e-01,-1.379580e+01,-3.940000e+01,2.488000e+02,2.610000e+01
1.211234e-03,8.100000e-03,2.669737e-02,-1.817105e-02,9.642794e+00,1.160000e+01,2.900000e+00,3.400000e+00,-3.198646e-01,-6.036579e-02,-7.150526e-01,1.902421e-01,6.328599e+01,1.810000e+01,3.309000e+02,9.540000e+01
1.750683e-03,9.300000e-03,2.349737e-02,-1.647105e-02,9.759058e+00,1.370000e+01,1.900000e+00,2.700000e+00,-6.075777e-01,-3.741658e-01,-7.793526e-01,9.042105e-03,9.527929e+01,3.660000e+01,3.470000e+02,1.446000e+02
2.205856e-03,1.060000e-02,2.019737e-02,-1.487105e-02,9.764099e+00,1.370000e+01,1.900000e+00,2.700000e+00,-7.700790e-01,-5.749658e-01,-6.521526e-01,-1.156579e-01,8.617676e+01,1.380000e+01,3.201000e+02,1.852000e+02
2.557292e-03,1.000000e-02,1.999737e-02,-1.387105e-02,1.055314e+01,1.750000e+01,-6.000000e-01,2.600000e+00,-7.992506e-01,-6.321658e-01,-4.899526e-01,-2.034579e-01,5.901744e+01,-2.960000e+01,2.763000e+02,2.194000e+02
2.950627e-03,9.400000e-03,2.149737e-02,-1.377105e-02,1.129022e+01,1.930000e+01,-5.000000e-01,2.300000e+00,-6.741077e-01,-5.281658e-01,-4.162526e-01,-2.391579e-01,3.972403e+01,-6.180000e+01,2.338000e+02,2.389000e+02
3.434827e-03,8.900000e-03,2.309737e-02,-1.367105e-02,1.129716e+01,1.930000e+01,-5.000000e-01,2.300000e+00,-4.570095e-01,-3.275658e-01,-4.271526e-01,-2.471579e-01,3.791875e+01,-6.740000e+01,2.214000e+02,2.438000e+02
3.741256e-03,9.500000e-03,2.709737e-02,-1.597105e-02,1.131221e+01,1.960000e+01,-2.900000e+00,3.500000e+00,-2.835506e-01,-1.760658e-01,-4.606526e-01,-2.466579e-01,4.419781e+01,-6.480000e+01,2.178000e+02,2.514000e+02
4.287118e-03,9.400000e-03,3.139737e-02,-1.767105e-02,1.193816e+01,1.870000e+01,-2.300000e+00,4.600000e+00,-2.118259e-01,-1.277658e-01,-4.161526e-01,-2.386579e-01,5.358966e+01,-5.980000e+01,2.270000e+02,2.645000e+02
4.957747e-03,9.900000e-03,3.809737e-02,-2.107105e-02,1.170212e+01,1.600000e+01,-3.600000e+00,6.900000e+00,-2.137123e-01,-1.609658e-01,-3.375526e-01,-2.201579e-01,5.707644e+01,-5.990000e+01,2.374000e+02,2.750000e+02
6.076806e-03,9.900000e-03,4.499737e-02,-2.367105e-02,1.171350e+01,1.440000e+01,-3.400000e+00,7.900000e+00,-2.076132e-01,-1.898658e-01,-2.763526e-01,-1.913579e-01,5.455621e+01,-6.060000e+01,2.421000e+02,2.738000e+02
7.303011e-03,9.300000e-03,5.179737e-02,-2.567105e-02,1.077631e+01,1.130000e+01,-4.100000e+00,9.200000e+00,-1.436958e-01,-1.529658e-01,-2.330526e-01,-1.442579e-01,5.279373e+01,-5.480000e+01,2.473000e+02,2.667000e+02
8.230416e-03,8.700000e-03,5.939737e-02,-2.857105e-02,1.077600e+01,1.130000e+01,-4.100000e+00,9.200000e+00,-2.271725e-02,-4.756579e-02,-2.209526e-01,-8.235789e-02,4.676532e+01,-4.900000e+01,2.567000e+02,2.561000e+02
8.940755e-03,1.000000e-02,6.509737e-02,-3.197105e-02,1.216584e+01,9.500000e+00,-6.500000e+00,1.380000e+01,1.271076e-01,9.153421e-02,-2.383526e-01,-7.457895e-03,4.308427e+01,-5.000000e+01,2.613000e+02,2.539000e+02
9.950877e-03,1.200000e-02,6.979737e-02,-3.487105e-02,1.216241e+01,9.500000e+00,-6.500000e+00,1.380000e+01,2.684042e-01,2.379342e-01,-2.643526e-01,6.404211e-02,4.318985e+01,-5.000000e+01,2.613000e+02,2.539000e+02
1.220734e-02,9.200000e-03,7.989737e-02,-3.587105e-02,2.121188e+01,1.050000e+01,-8.200000e+00,2.650000e+01,3.988598e-01,3.781342e-01,-2.920526e-01,1.450421e-01,3.909615e+01,-5.520000e+01,2.665000e+02,2.551000e+02
1.470392e-02,1.180000e-02,8.689737e-02,-3.847105e-02,2.423697e+01,9.400000e+00,-1.010000e+01,3.260000e+01,4.817925e-01,4.891342e-01,-2.952526e-01,2.172421e-01,4.746997e+01,-6.020000e+01,2.601000e+02,2.655000e+02
1.675629e-02,1.390000e-02,8.939737e-02,-3.857105e-02,2.658501e+01,1.030000e+01,-1.160000e+01,3.610000e+01,5.276474e-01,5.789342e-01,-2.902526e-01,2.766421e-01,6.285033e+01,-6.370000e+01,2.403000e+02,2.748000e+02
1.803949e-02,1.730000e-02,9.089737e-02,-4.007105e-02,2.883728e+01,1.250000e+01,-1.340000e+01,3.870000e+01,5.447340e-01,6.677342e-01,-2.827526e-01,3.165421e-01,7.407004e+01,-6.680000e+01,2.130000e+02,2.724000e+02
1.998952e-02,2.050000e-02,9.019737e-02,-3.917105e-02,2.882242e+01,1.250000e+01,-1.340000e+01,3.870000e+01,5.369194e-01,7.687342e-01,-2.722526e-01,3.374421e-01,7.674977e+01,-6.590000e+01,1.971000e+02,2.643000e+02
1.989681e-02,2.060000e-02,8.419737e-02,-3.557105e-02,3.201347e+01,1.930000e+01,-1.880000e+01,4.130000e+01,5.066855e-01,8.933342e-01,-2.523526e-01,3.364421e-01,7.543381e+01,-5.020000e+01,1.612000e+02,2.311000e+02
1.939862e-02,2.060000e-02,7.949737e-02,-3.317105e-02,3.199944e+01,1.930000e+01,-1.880000e+01,4.130000e+01,4.425729e-01,1.046434e+00,-2.159526e-01,3.015421e-01,5.369313e+01,-2.570000e+01,1.421000e+02,1.819000e+02
2.287737e-02,2.640000e-02,7.489737e-02,-2.967105e-02,2.514927e+01,2.400000e+01,-3.320000e+01,3.680000e+01,3.146355e-01,1.213834e+00,-1.515526e-01,2.068421e-01,1.776233e+01,-9.800000e+00,1.353000e+02,1.270000e+02
2.452436e-02,2.190000e-02,7.339737e-02,-2.217105e-02,1.724338e+01,2.720000e+01,-5.250000e+01,3.490000e+01,1.308264e-01,1.361334e+00,-6.255263e-02,5.384211e-02,-1.442671e+01,-9.000000e+00,1.048000e+02,6.280000e+01
2.451401e-02,2.540000e-02,5.569737e-02,-1.327105e-02,1.965588e+01,2.810000e+01,-4.580000e+01,3.350000e+01,-6.022072e-02,1.510534e+00,3.204737e-02,-1.262579e-01,-2.795415e+01,-1.170000e+01,5.610000e+01,9.200000e+00
2.502296e-02,2.670000e-02,4.029737e-02,-2.771053e-03,1.400434e+01,3.120000e+01,-5.610000e+01,2.920000e+01,-2.711196e-01,1.670034e+00,1.556474e-01,-3.258579e-01,-2.398015e+01,-1.750000e+01,2.300000e+01,-9.900000e+00
2.527685e-02,2.390000e-02,2.639737e-02,1.072895e-02,8.120784e+00,3.480000e+01,-6.950000e+01,2.600000e+01,-4.901740e-01,1.821734e+00,2.930474e-01,-5.286579e-01,-1.306002e+01,-2.180000e+01,8.400000e+00,-6.400000e+00
2.724441e-02,2.530000e-02,1.499737e-02,2.262895e-02,1.817054e+00,3.840000e+01,-8.510000e+01,2.350000e+01,-6.949397e-01,1.935534e+00,4.190474e-01,-7.338579e-01,7.630805e+00,-2.390000e+01,-3.020000e+01,-9.300000e+00
2.895950e-02,2.300000e-02,1.569737e-02,3.092895e-02,-6.062055e+00,3.430000e+01,-1.040000e+02,2.770000e+01,-8.453209e-01,2.019834e+00,5.123474e-01,-9.198579e-01,1.012143e+01,-1.140000e+01,-6.830000e+01,-3.790000e+01
3.025345e-02,1.710000e-02,1.999737e-02,4.152895e-02,-9.817364e+00,3.430000e+01,-1.235000e+02,3.490000e+01,-9.440760e-01,2.081834e+00,5.929474e-01,-1.072958e+00,-1.735348e+00,-0.000000e+00,-9.100000e+01,-7.310000e+01
3.309143e-02,2.230000e-02,2.649737e-02,4.382895e-02,-8.353082e+00,3.850000e+01,-1.347000e+02,4.060000e+01,-9.838128e-01,2.098034e+00,6.448474e-01,-1.186858e+00,-8.605341e+00,3.380000e+01,-1.103000e+02,-1.049000e+02
3.290203e-02,2.040000e-02,4.159737e-02,4.532895e-02,-3.832871e+00,4.900000e+01,-1.555000e+02,5.140000e+01,-8.947594e-01,2.042234e+00,6.196474e-01,-1.202258e+00,-3.519749e+01,1.384000e+02,-1.181000e+02,-1.736000e+02
3.449813e-02,1.670000e-02,5.789737e-02,5.542895e-02,3.590092e+00,5.980000e+01,-1.799000e+02,6.930000e+01,-6.410842e-01,1.628034e+00,5.951474e-01,-8.835579e-01,-6.680438e+01,1.576000e+02,-1.080000e+02,-2.129000e+02
3.535129e-02,6.800000e-03,9.609737e-02,6.262895e-02,-1.183531e+01,4.840000e+01,-2.184000e+02,8.510000e+01,-3.183118e-01,1.067834e+00,3.206474e-01,-5.908579e-01,-1.131656e+02,2.078000e+02,-1.913000e+02,-3.459000e+02
3.206977e-02,4.600000e-03,1.501974e-01,4.992895e-02,-1.031497e+01,4.760000e+01,-2.546000e+02,1.172000e+02,-1.716464e-01,1.012334e+00,3.591474e-01,-4.983579e-01,-5.343824e+01,1.504000e+02,-3.023000e+02,-3.151000e+02
2.129160e-02,1.400000e-03,2.008974e-01,3.962895e-02,7.709066e+00,6.110000e+01,-2.831000e+02,1.559000e+02,-5.017016e-02,1.045634e+00,4.024474e-01,-4.331579e-01,-6.016686e+00,1.511000e+02,-2.061000e+02,-2.019000e+02
-1.545080e-04,-2.400000e-03,2.453974e-01,3.372895e-02,2.226104e+01,7.300000e+01,-3.219000e+02,2.002000e+02,2.015720e-01,9.360342e-01,8.994737e-02,-2.531579e-01,5.148944e+01,2.326000e+02,-1.011000e+02,-1.221000e+02
-3.205066e-02,-1.350000e-02,2.939974e-01,3.842895e-02,2.503776e+01,7.650000e+01,-3.452000e+02,2.212000e+02,3.185381e-01,7.427342e-01,2.844737e-02,-3.685789e-02,4.667593e+01,1.890000e+02,-5.580000e+01,-8.140000e+01
-9.100685e-02,-3.240000e-02,3.173974e-01,6.122895e-02,2.393869e+01,7.970000e+01,-3.965000e+02,2.603000e+02,3.976152e-01,6.094342e-01,7.734737e-02,1.565421e-01,7.920803e+00,8.500000e+01,-7.100000e+00,-4.560000e+01
-1.785628e-01,-5.720000e-02,3.377974e-01,7.772895e-02,1.224269e+01,7.540000e+01,-4.465000e+02,2.874000e+02,4.520474e-01,5.068342e-01,1.115474e-01,2.970421e-01,-5.335020e+00,4.360000e+01,9.200000e+00,-3.010000e+01
-2.768370e-01,-7.430000e-02,3.938974e-01,7.262895e-02,-1.929870e+01,4.860000e+01,-4.979000e+02,3.215000e+02,4.856476e-01,3.625342e-01,2.664737e-02,3.941421e-01,9.039767e+00,3.400000e+01,1.200000e+01,-5.400000e+00
-3.467159e-01,-4.330000e-02,5.016974e-01,4.252895e-02,-6.822591e+01,1.700000e+00,-5.463000e+02,3.716000e+02,4.369901e-01,2.126342e-01,5.244737e-02,4.343421e-01,1.573903e+01,3.450000e+01,1.400000e+00,-1.400000e+00
-2.882223e-01,1.289000e-01,5.761974e-01,-7.497105e-02,-1.520049e+02,-8.440000e+01,-5.369000e+02,3.662000e+02,3.310440e-01,4.029342e-01,8.364737e-02,1.971421e-01,4.474993e-02,1.840000e+01,8.100000e+00,-8.400000e+00
-9.271239e-02,4.158000e-01,6.513974e-01,-1.097711e-01,-1.032316e+02,-4.720000e+01,-4.527000e+02,2.649000e+02,3.108201e-01,7.546342e-01,2.841474e-01,2.434211e-02,1.391538e+00,2.350000e+01,8.800000e+00,-9.700000e+00
7.686309e-02,6.871000e-01,7.622974e-01,-1.527105e-02,-4.782064e+01,-2.500000e+00,-3.617000e+02,2.120000e+02,3.110627e-01,5.967342e-01,1.739474e-01,8.164211e-02,-2.745970e-01,2.470000e+01,9.500000e+00,-1.230000e+01
1.839892e-01,8.840000e-01,8.018974e-01,2.264289e-01,1.562955e+02,1.800000e+02,-9.170000e+01,1.096000e+02,2.804107e-01,3.231342e-01,6.514737e-02,1.744421e-01,-2.950712e-01,2.140000e+01,6.400000e+00,-1.140000e+01
2.653103e-01,9.597000e-01,8.705974e-01,3.447289e-01,1.803449e+02,2.056000e+02,2.556000e+02,1.212000e+02,1.393308e-01,2.000342e-01,2.840474e-01,1.491421e-01,-5.253808e-01,1.510000e+01,6.200000e+00,-7.900000e+00
2.521940e-01,9.114000e-01,9.818974e-01,3.908289e-01,1.168388e+02,1.451000e+02,3.391000e+02,1.367000e+02,9.353196e-02,1.861342e-01,2.554474e-01,9.114211e-02,-1.148835e+00,1.160000e+01,6.000000e+00,-6.600000e+00
2.026781e-01,8.366000e-01,9.935974e-01,3.667289e-01,1.098766e+02,1.400000e+02,3.190000e+02,1.802000e+02,6.028544e-02,1.263342e-01,1.349474e-01,4.804211e-02,-2.179634e+00,8.000000e+00,6.200000e+00,-5.600000e+00
1.400144e-01,7.709000e-01,9.990974e-01,3.018289e-01,8.197882e+01,1.092000e+02,2.835000e+02,2.108000e+02,3.469395e-02,4.183421e-02,3.214737e-02,3.604211e-02,-1.922074e+00,7.600000e+00,4.500000e+00,-5.600000e+00
8.695549e-02,7.319000e-01,1.062897e+00,2.723289e-01,5.617547e+01,8.080000e+01,2.656000e+02,2.025000e+02,1.686049e-02,1.583421e-02,7.374737e-02,4.324211e-02,-2.744543e+00,7.400000e+00,4.800000e+00,-6.400000e+00
-9.938986e-04,6.519000e-01,1.066597e+00,2.686289e-01,5.674588e+01,8.080000e+01,2.656000e+02,2.025000e+02,1.439600e-02,2.133421e-02,7.024737e-02,3.554211e-02,-2.753574e+00,9.100000e+00,5.700000e+00,-7.200000e+00
-1.313569e-01,4.783000e-01,1.106097e+00,3.458289e-01,-6.979606e+01,-2.660000e+01,2.664000e+02,2.940000e+01,1.210061e-02,1.653421e-02,3.044737e-02,2.344211e-02,-3.200201e+00,1.100000e+01,6.800000e+00,-8.600000e+00
-3.720936e-01,1.619000e-01,1.086897e+00,3.371289e-01,-1.049323e+02,-4.330000e+01,2.802000e+02,-6.780000e+01,8.559045e-03,1.173421e-02,4.234737e-02,2.564211e-02,-3.482958e+00,1.290000e+01,7.600000e+00,-9.900000e+00
-6.198300e-01,-1.619000e-01,1.006997e+00,2.140289e-01,-1.099107e+02,-3.250000e+01,2.667000e+02,-1.497000e+02,6.459668e-03,9.234211e-03,4.934737e-02,2.664211e-02,-4.227611e+00,1.390000e+01,8.100000e+00,-1.130000e+01
-8.334185e-01,-3.968000e-01,9.794974e-01,-6.147105e-02,-1.119824e+02,-1.890000e+01,2.545000e+02,-2.146000e+02,7.730600e-03,1.213421e-02,3.374737e-02,2.184211e-02,-4.653543e+00,1.530000e+01,9.500000e+00,-1.230000e+01
-9.134956e-01,-5.108000e-01,9.305974e-01,-2.192711e-01,-1.116875e+02,-1.890000e+01,2.545000e+02,-2.146000e+02,6.474574e-03,8.734211e-03,2.804737e-02,2.084211e-02,-4.776897e+00,1.540000e+01,9.300000e+00,-1.260000e+01
-8.651860e-01,-4.979000e-01,8.347974e-01,-3.143711e-01,-1.113462e+02,-1.890000e+01,2.545000e+02,-2.146000e+02,4.448207e-03,6.734211e-03,2.674737e-02,1.934211e-02,-5.744694e+00,1.480000e+01,8.700000e+00,-1.360000e+01
-7.763200e-01,-4.483000e-01,8.512974e-01,-3.531711e-01,-1.109516e+02,-1.890000e+01,2.545000e+02,-2.146000e+02,3.821170e-03,4.734211e-03,2.504737e-02,1.944211e-02,-6.595240e+00,1.360000e+01,8.400000e+00,-1.400000e+01
-6.714358e-01,-3.984000e-01,8.734974e-01,-3.472711e-01,-1.105186e+02,-1.890000e+01,2.545000e+02,-2.146000e+02,3.177257e-03,4.534211e-03,2.974737e-02,2.014211e-02,-6.955356e+00,1.140000e+01,6.600000e+00,-1.360000e+01
-5.179324e-01,-3.285000e-01,7.464974e-01,-2.927711e-01,-9.327147e+01,4.090000e+01,2.409000e+02,-2.903000e+02,3.167222e-03,4.834211e-03,3.254737e-02,2.074211e-02,-7.466442e+00,8.300000e+00,5.600000e+00,-1.260000e+01
-3.751146e-01,-2.552000e-01,6.097974e-01,-2.341711e-01,-7.413873e+01,5.240000e+01,2.648000e+02,-2.765000e+02,2.726189e-03,2.234211e-03,3.594737e-02,2.274211e-02,-6.535361e+00,8.500000e+00,3.800000e+00,-1.210000e+01
-2.992807e-01,-2.398000e-01,4.581974e-01,-1.772711e-01,-5.297975e+01,6.170000e+01,2.780000e+02,-2.556000e+02,3.585852e-03,1.034211e-03,3.904737e-02,2.534211e-02,-5.400589e+00,9.100000e+00,1.600000e+00,-1.170000e+01
-1.914739e-01,-1.766000e-01,3.486974e-01,-1.161711e-01,-3.393594e+01,6.370000e+01,2.826000e+02,-2.277000e+02,5.283722e-03,-6.578947e-05,4.314737e-02,2.914211e-02,-3.594958e+00,1.160000e+01,4.000000e-01,-1.140000e+01
-6.762994e-02,-8.980000e-02,2.780974e-01,-5.047105e-02,-2.617051e+01,6.460000e+01,2.839000e+02,-2.174000e+02,6.975772e-03,-1.165789e-03,4.934737e-02,3.344211e-02,-1.986758e+00,1.270000e+01,-1.700000e+00,-1.070000e+01
6.088059e-02,5.300000e-03,2.373974e-01,1.992895e-02,-2.221929e+01,6.540000e+01,2.828000e+02,-2.125000e+02,9.527711e-03,-1.965789e-03,5.714737e-02,3.894211e-02,-2.351618e+00,1.180000e+01,-4.500000e+00,-1.130000e+01
1.913366e-01,1.082000e-01,2.150974e-01,9.392895e-02,-3.485825e+01,6.500000e+01,2.745000e+02,-2.278000e+02,1.268543e-02,-2.165789e-03,6.454737e-02,4.464211e-02,-1.798172e+00,1.010000e+01,-8.200000e+00,-1.050000e+01
3.094712e-01,2.111000e-01,1.927974e-01,1.679289e-01,-3.451015e+01,6.500000e+01,2.745000e+02,-2.278000e+02,1.580943e-02,-1.865789e-03,7.144737e-02,4.984211e-02,-1.794952e+00,1.010000e+01,-8.200000e+00,-1.050000e+01
4.213989e-01,3.304000e-01,1.720974e-01,2.383289e-01,-9.955501e+01,4.200000e+01,2.310000e+02,-2.778000e+02,1.864303e-02,-5.657895e-04,7.724737e-02,5.374211e-02,-2.601819e+00,3.800000e+00,-1.650000e+01,-9.500000e+00
5.206356e-01,4.703000e-01,1.358974e-01,3.059289e-01,-1.288425e+02,3.300000e+01,1.934000e+02,-2.915000e+02,2.267347e-02,1.342105e-04,7.874737e-02,5.844211e-02,-2.251533e+00,1.600000e+00,-2.210000e+01,-9.000000e+00
5.550699e-01,5.487000e-01,1.576974e-01,3.157289e-01,-1.286769e+02,3.300000e+01,1.934000e+02,-2.915000e+02,2.700120e-02,2.134211e-03,8.084737e-02,6.284211e-02,-3.393054e+00,-2.400000e+00,-2.720000e+01,-9.000000e+00
5.919144e-01,6.886000e-01,1.590974e-01,3.178289e-01,-1.505611e+02,2.370000e+01,1.461000e+02,-2.879000e+02,3.323614e-02,1.533421e-02,7.914737e-02,6.134211e-02,-9.966756e+00,-7.300000e+00,-3.110000e+01,-1.470000e+01
6.312141e-01,8.898000e-01,1.737974e-01,3.010289e-01,-1.433672e+02,-7.800000e+00,1.339000e+02,-2.558000e+02,3.618608e-02,4.434211e-03,7.854737e-02,7.204211e-02,-1.607768e+01,-1.260000e+01,-3.310000e+01,-1.910000e+01
6.221417e-01,1.119500e+00,1.510974e-01,2.535289e-01,-1.262639e+02,-2.700000e+01,1.325000e+02,-2.249000e+02,4.136989e-02,9.834211e-03,8.244737e-02,7.584211e-02,-1.757653e+01,-1.650000e+01,-4.210000e+01,-2.040000e+01
5.418221e-01,1.328900e+00,8.589737e-02,1.720289e-01,-1.203126e+02,-2.820000e+01,1.234000e+02,-2.116000e+02,4.417126e-02,1.303421e-02,9.044737e-02,7.924211e-02,-1.647177e+01,-1.820000e+01,-4.670000e+01,-1.890000e+01
3.988788e-01,1.518800e+00,-4.302632e-03,4.512895e-02,-1.263770e+02,-3.560000e+01,9.090000e+01,-1.967000e+02,4.536490e-02,1.103421e-02,9.254737e-02,8.304211e-02,-1.712592e+01,-2.270000e+01,-5.340000e+01,-1.810000e+01
2.054151e-01,1.700800e+00,-1.318026e-01,-1.221711e-01,-1.283898e+02,-4.110000e+01,4.650000e+01,-1.705000e+02,4.788375e-02,1.183421e-02,9.394737e-02,8.664211e-02,-1.328438e+01,-2.390000e+01,-6.360000e+01,-1.480000e+01
-2.186019e-02,1.872400e+00,-2.861026e-01,-3.120711e-01,-1.253644e+02,-3.730000e+01,2.450000e+01,-1.547000e+02,5.060491e-02,8.934211e-03,9.514737e-02,9.354211e-02,-8.125335e+00,-2.240000e+01,-7.440000e+01,-1.190000e+01
-2.428336e-01,2.023100e+00,-4.499026e-01,-5.023711e-01,-1.160623e+02,-2.160000e+01,-1.960000e+01,-1.214000e+02,5.575217e-02,9.234211e-03,9.944737e-02,1.024421e-01,-4.537589e+00,-2.150000e+01,-8.300000e+01,-1.000000e+01
-4.385011e-01,2.153600e+00,-6.029026e-01,-6.883711e-01,-9.995163e+01,-1.300000e+00,-5.850000e+01,-8.420000e+01,5.999974e-02,6.434211e-03,1.043474e-01,1.135421e-01,2.013665e+00,-1.910000e+01,-9.710000e+01,-6.800000e+00
-6.140264e-01,2.272100e+00,-7.593026e-01,-8.689711e-01,-7.864562e+01,2.070000e+01,-8.570000e+01,-4.820000e+01,6.315249e-02,3.434211e-03,1.134474e-01,1.257421e-01,9.453019e+00,-1.670000e+01,-1.154000e+02,-3.500000e+00
-7.454057e-01,2.314700e+00,-8.702026e-01,-1.027671e+00,-5.477518e+01,3.460000e+01,-1.075000e+02,-1.000000e+01,6.291657e-02,-8.565789e-03,1.238474e-01,1.433421e-01,1.251177e+01,-1.910000e+01,-1.347000e+02,-2.300000e+00
-8.344228e-01,2.297500e+00,-9.534026e-01,-1.147471e+00,-1.747707e+01,3.890000e+01,-1.040000e+02,3.190000e+01,6.709308e-02,1.034211e-03,1.285474e-01,1.491421e-01,9.998724e+00,-2.530000e+01,-1.564000e+02,-5.900000e+00
-8.590220e-01,2.221800e+00,-9.618026e-01,-1.235371e+00,1.520047e+01,9.800000e+00,-1.063000e+02,8.350000e+01,6.518493e-02,-3.465789e-03,1.211474e-01,1.588421e-01,3.041844e+00,-3.490000e+01,-1.791000e+02,-1.280000e+01
-7.763902e-01,1.968800e+00,-1.021303e+00,-1.110171e+00,-1.247645e+01,-4.150000e+01,-1.521000e+02,9.750000e+01,6.751021e-02,-5.465789e-03,9.514737e-02,1.699421e-01,-5.587659e+00,-3.800000e+01,-1.913000e+02,-2.540000e+01
-6.047266e-01,1.406800e+00,-9.126026e-01,-9.147711e-01,-5.671997e+01,-7.150000e+01,-3.659000e+02,1.894000e+02,7.472514e-02,-9.365789e-03,6.284737e-02,1.943421e-01,-8.664844e+00,-4.350000e+01,-2.226000e+02,-3.340000e+01
-3.099018e-01,1.208200e+00,-7.467026e-01,-6.955711e-01,9.044789e+01,-1.069000e+02,-2.603000e+02,3.310000e+02,6.764876e-02,-2.096579e-02,1.604737e-02,2.105421e-01,-2.572015e+00,-2.880000e+01,-2.629000e+02,-5.290000e+01
6.094974e-02,1.250700e+00,-5.458026e-01,-4.610711e-01,7.581534e+01,-2.114000e+02,-1.329000e+02,3.021000e+02,4.694204e-02,-2.726579e-02,-3.115263e-02,2.107421e-01,-2.124006e+01,-3.850000e+01,-3.037000e+02,-8.420000e+01
2.622403e-01,1.297600e+00,-4.484026e-01,-2.750711e-01,4.762278e+01,1.210000e+01,4.690000e+01,3.030000e+01,1.612384e-02,-3.756579e-02,-8.305263e-02,2.128421e-01,-5.030042e+01,-5.920000e+01,-3.393000e+02,-1.179000e+02
2.026027e-01,8.862000e-01,-3.995026e-01,-1.166711e-01,1.683703e+01,-2.780000e+01,1.250000e+01,3.350000e+01,-2.771320e-02,-4.966579e-02,-1.274526e-01,2.190421e-01,-6.778385e+01,-7.030000e+01,-3.840000e+02,-1.489000e+02
3.063436e-01,7.111000e-01,-2.893026e-01,7.022895e-02,9.572130e+00,-2.220000e+01,-5.000000e+00,2.910000e+01,-8.997574e-02,-6.606579e-02,-1.803526e-01,2.250421e-01,-7.045994e+01,-6.780000e+01,-4.339000e+02,-1.768000e+02
3.461468e-01,5.137000e-01,-1.960026e-01,2.038289e-01,1.858494e+01,1.370000e+01,-3.000000e-01,1.510000e+01,-1.743592e-01,-8.956579e-02,-2.102526e-01,2.359421e-01,-7.617679e+01,-7.230000e+01,-4.570000e+02,-1.893000e+02
3.758961e-01,3.524000e-01,-1.098026e-01,3.066289e-01,1.633218e+01,2.000000e+01,5.500000e+00,5.300000e+00,-2.891226e-01,-1.227658e-01,-2.202526e-01,2.464421e-01,-9.510492e+01,-9.080000e+01,-5.020000e+02,-2.105000e+02
3.841255e-01,1.802000e-01,-6.270263e-02,4.080289e-01,6.547864e+00,2.040000e+01,3.700000e+00,-6.700000e+00,-4.153498e-01,-1.425658e-01,-3.492526e-01,2.180421e-01,-4.944784e+01,-3.490000e+01,-5.561000e+02,-2.640000e+02
3.770787e-01,1.892000e-01,5.809737e-02,3.350289e-01,7.239384e+00,2.340000e+01,5.600000e+00,-8.700000e+00,-4.723665e-01,-5.976579e-02,-5.131526e-01,1.588421e-01,7.334450e+01,9.290000e+01,-6.247000e+02,-3.081000e+02
4.444701e-01,5.068000e-01,3.029737e-02,2.283289e-01,1.019973e+01,2.260000e+01,8.900000e+00,-6.000000e+00,-3.436290e-01,2.175342e-01,-6.563526e-01,1.086421e-01,1.453973e+02,1.612000e+02,-7.010000e+02,-2.208000e+02
3.255977e-01,4.602000e-01,-2.660263e-02,1.334289e-01,8.079172e+00,1.440000e+01,7.900000e+00,-2.900000e+00,-1.419513e-01,4.999342e-01,-6.565526e-01,9.444211e-02,8.057304e+01,8.880000e+01,-3.720000e+02,-1.159000e+02
9.236869e-02,1.830000e-01,-9.170263e-02,4.572895e-02,8.090393e+00,1.440000e+01,7.900000e+00,-2.900000e+00,4.853795e-02,7.807342e-01,-6.560526e-01,9.284211e-02,8.083375e+01,8.880000e+01,-3.720000e+02,-1.159000e+02
-5.854123e-02,-9.000000e-02,-5.230263e-02,9.328947e-03,8.209660e+00,1.900000e+00,1.000000e+01,4.400000e+00,2.212488e-01,9.549342e-01,-7.051526e-01,2.043421e-01,-2.435779e+02,-2.531000e+02,1.209000e+02,2.980000e+01
6.247439e-02,9.490000e-02,4.019737e-02,-8.710526e-04,8.210864e+00,1.900000e+00,1.000000e+01,4.400000e+00,3.428697e-01,1.026134e+00,-8.973526e-01,2.436421e-01,-1.314949e+02,-1.683000e+02,3.676000e+02,-2.120000e+01
2.191571e-02,5.550000e-02,7.499737e-02,-4.497105e-02,8.214243e+00,1.900000e+00,1.000000e+01,4.400000e+00,3.203907e-01,9.485342e-01,-9.970526e-01,2.663421e-01,-4.274863e+00,-5.310000e+01,4.302000e+02,-9.380000e+01
2.565590e-02,4.930000e-02,1.109974e-01,-5.407105e-02,8.218790e+00,1.900000e+00,1.000000e+01,4.400000e+00,1.968978e-01,7.918342e-01,-1.021953e+00,2.423421e-01,-5.139854e+01,-8.480000e+01,2.877000e+02,-8.610000e+01
1.166714e-02,1.110000e-02,1.164974e-01,-4.957105e-02,7.668865e+00,-1.340000e+01,1.170000e+01,1.280000e+01,9.234718e-02,6.719342e-01,-1.042753e+00,2.129421e-01,-1.139837e+02,-1.363000e+02,1.933000e+02,-8.180000e+01
1.107346e-02,8.100000e-03,1.109974e-01,-4.517105e-02,7.787464e+00,-1.400000e+01,1.280000e+01,1.280000e+01,8.255331e-02,6.294342e-01,-9.814526e-01,2.205421e-01,-1.171851e+02,-1.392000e+02,1.801000e+02,-5.080000e+01
9.189447e-03,5.200000e-03,1.122974e-01,-4.587105e-02,7.332538e+00,-1.390000e+01,1.270000e+01,1.220000e+01,5.685387e-02,5.566342e-01,-9.089526e-01,2.503421e-01,-8.886579e+01,-1.160000e+02,2.070000e+02,-2.820000e+01
8.923773e-03,6.400000e-03,1.026974e-01,-4.187105e-02,9.194486e+00,-1.180000e+01,1.340000e+01,1.290000e+01,-1.239371e-01,3.073342e-01,-8.502526e-01,2.567421e-01,3.139800e+00,-4.090000e+01,2.841000e+02,3.300000e+01
7.288364e-03,6.700000e-03,8.469737e-02,-3.507105e-02,9.753655e+00,-1.100000e+01,1.300000e+01,1.330000e+01,-3.372429e-01,2.483421e-02,-8.938526e-01,2.295421e-01,6.919525e+01,8.100000e+00,3.270000e+02,1.053000e+02
5.635440e-03,7.300000e-03,7.039737e-02,-3.037105e-02,1.010122e+01,-1.050000e+01,1.140000e+01,1.420000e+01,-5.606730e-01,-2.862658e-01,-9.029526e-01,1.961421e-01,7.647891e+01,-0.000000e+00,3.273000e+02,1.703000e+02
4.718043e-03,4.100000e-03,6.289737e-02,-2.557105e-02,1.016215e+01,-1.210000e+01,1.100000e+01,1.550000e+01,-7.217957e-01,-5.064658e-01,-8.340526e-01,4.414211e-02,6.117349e+01,-3.140000e+01,3.145000e+02,2.248000e+02
4.040257e-03,2.300000e-03,5.239737e-02,-1.997105e-02,1.035643e+01,-1.310000e+01,1.120000e+01,1.630000e+01,-7.675138e-01,-6.222658e-01,-6.200526e-01,-3.415789e-02,3.940207e+01,-6.850000e+01,2.915000e+02,2.657000e+02
2.509900e-03,0.000000e+00,3.939737e-02,-1.407105e-02,9.497985e+00,-1.250000e+01,1.020000e+01,1.530000e+01,-6.635694e-01,-5.655658e-01,-4.942526e-01,-8.485789e-02,3.658974e+01,-8.120000e+01,2.840000e+02,2.882000e+02
1.929735e-03,-2.600000e-03,2.199737e-02,-4.871053e-03,9.473441e+00,-9.900000e+00,8.100000e+00,1.460000e+01,-4.413398e-01,-3.873658e-01,-4.679526e-01,-8.715789e-02,3.331490e+01,-8.650000e+01,2.831000e+02,2.915000e+02
7.118339e-04,-4.700000e-03,1.219737e-02,-4.710526e-04,8.962341e+00,-4.800000e+00,5.100000e+00,1.210000e+01,-2.387675e-01,-2.224658e-01,-4.540526e-01,-7.805789e-02,3.707814e+01,-7.570000e+01,3.017000e+02,2.843000e+02
1.796075e-03,-6.700000e-03,1.149737e-02,2.528947e-03,7.486028e+00,-1.400000e+00,2.200000e+00,9.400000e+00,-1.455256e-01,-1.601658e-01,-3.687526e-01,-5.975789e-02,2.401226e+01,-8.040000e+01,3.059000e+02,2.683000e+02
2.729628e-03,-7.200000e-03,1.219737e-02,3.728947e-03,7.571854e+00,-5.000000e-01,1.200000e+00,9.400000e+00,-1.327741e-01,-1.754658e-01,-2.327526e-01,-2.725789e-02,1.226795e+00,-9.670000e+01,2.951000e+02,2.468000e+02
3.137572e-03,-8.000000e-03,1.159737e-02,5.028947e-03,7.359368e+00,1.200000e+00,0.000000e+00,8.600000e+00,-1.250135e-01,-1.904658e-01,-1.014526e-01,1.704211e-02,-1.477734e+01,-1.021000e+02,2.811000e+02,2.206000e+02
2.827481e-03,-6.900000e-03,9.397368e-03,4.928947e-03,7.540147e+00,1.900000e+00,-9.000000e-01,8.800000e+00,-6.240371e-02,-1.473658e-01,-1.325263e-02,7.984211e-02,-2.369070e+01,-9.880000e+01,2.737000e+02,1.987000e+02
3.539190e-03,-4.100000e-03,6.797368e-03,5.228947e-03,7.591069e+00,1.300000e+00,-1.000000e+00,9.300000e+00,4.762285e-02,-5.326579e-02,4.004737e-02,1.612421e-01,-2.447161e+01,-9.740000e+01,2.739000e+02,1.953000e+02
4.744191e-03,-1.800000e-03,4.297368e-03,6.428947e-03,7.587680e+00,1.300000e+00,-1.000000e+00,9.300000e+00,1.819133e-01,6.693421e-02,5.214737e-02,2.490421e-01,-1.625341e+01,-8.720000e+01,2.754000e+02,1.978000e+02
5.868390e-03,-8.000000e-04,4.697368e-03,7.028947e-03,7.584300e+00,1.300000e+00,-1.000000e+00,9.300000e+00,3.101889e-01,1.810342e-01,3.494737e-02,3.323421e-01,1.100051e+00,-6.680000e+01,2.618000e+02,1.973000e+02
7.740158e-03,6.000000e-04,7.697368e-03,7.128947e-03,7.580866e+00,1.300000e+00,-1.000000e+00,9.300000e+00,4.115332e-01,2.767342e-01,2.544737e-02,4.106421e-01,2.276724e+01,-6.230000e+01,2.319000e+02,2.059000e+02
9.489411e-03,-1.500000e-03,1.489737e-02,7.428947e-03,1.377880e+01,3.700000e+00,-6.500000e+00,1.820000e+01,5.007108e-01,3.833342e-01,2.324737e-02,4.853421e-01,4.917060e+01,-6.300000e+01,2.139000e+02,2.303000e+02
1.203707e-02,6.900000e-03,2.109737e-02,2.328947e-03,1.718784e+01,7.000000e+00,-1.080000e+01,2.240000e+01,5.829582e-01,5.255342e-01,1.544737e-02,5.453421e-01,7.409828e+01,-4.890000e+01,2.081000e+02,2.507000e+02
1.573968e-02,5.300000e-03,3.439737e-02,2.028947e-03,2.448342e+01,1.000000e+01,-1.210000e+01,3.040000e+01,6.473999e-01,7.091342e-01,-9.526316e-04,5.779421e-01,7.753468e+01,-3.910000e+01,2.030000e+02,2.466000e+02
1.751885e-02,8.900000e-03,3.249737e-02,2.828947e-03,2.606008e+01,1.110000e+01,-1.510000e+01,3.310000e+01,6.636699e-01,9.167342e-01,-6.752632e-03,5.689421e-01,8.029118e+01,-2.460000e+01,1.905000e+02,2.354000e+02
2.297924e-02,1.340000e-02,4.279737e-02,2.128947e-03,3.103197e+01,1.570000e+01,-1.890000e+01,3.820000e+01,6.184956e-01,1.131434e+00,4.847368e-03,5.068421e-01,6.759672e+01,1.000000e+00,1.689000e+02,1.954000e+02
2.611285e-02,1.080000e-02,4.589737e-02,6.628947e-03,3.534285e+01,1.990000e+01,-2.290000e+01,4.280000e+01,4.976514e-01,1.333334e+00,5.124737e-02,3.814421e-01,5.474301e+01,2.790000e+01,1.327000e+02,1.466000e+02
2.928034e-02,1.610000e-02,3.859737e-02,1.062895e-02,3.327800e+01,2.070000e+01,-3.220000e+01,4.390000e+01,3.167032e-01,1.511934e+00,1.174474e-01,1.909421e-01,5.479557e+01,4.610000e+01,7.490000e+01,1.034000e+02
3.205706e-02,1.020000e-02,3.689737e-02,1.962895e-02,3.021485e+01,2.160000e+01,-4.060000e+01,4.320000e+01,1.039716e-01,1.675034e+00,2.084474e-01,-4.175789e-02,6.280587e+01,5.330000e+01,5.700000e+00,6.640000e+01
3.578883e-02,8.600000e-03,2.619737e-02,3.142895e-02,2.630856e+01,2.190000e+01,-5.050000e+01,4.250000e+01,-1.056861e-01,1.860234e+00,3.224474e-01,-2.834579e-01,7.667633e+01,5.380000e+01,-4.630000e+01,4.990000e+01
4.085989e-02,4.200000e-03,1.849737e-02,4.632895e-02,1.798969e+01,1.940000e+01,-6.490000e+01,4.010000e+01,-3.054402e-01,2.054934e+00,4.377474e-01,-5.247579e-01,8.439835e+01,4.860000e+01,-6.430000e+01,4.920000e+01
4.432364e-02,5.000000e-03,6.697368e-03,5.772895e-02,1.501708e+01,1.990000e+01,-7.300000e+01,3.960000e+01,-5.098591e-01,2.200034e+00,5.674474e-01,-7.627579e-01,9.887779e+01,2.370000e+01,-9.140000e+01,5.640000e+01
4.837817e-02,-7.000000e-03,8.497368e-03,7.472895e-02,8.324961e+00,1.900000e+01,-9.110000e+01,3.990000e+01,-6.938315e-01,2.282634e+00,6.772474e-01,-9.889579e-01,9.497496e+01,2.130000e+01,-1.090000e+02,4.150000e+01
5.177605e-02,-2.400000e-03,-5.026316e-04,8.412895e-02,6.528078e+00,2.080000e+01,-1.102000e+02,4.520000e+01,-8.171158e-01,2.293634e+00,7.499474e-01,-1.177458e+00,7.004173e+01,2.620000e+01,-1.365000e+02,-7.100000e+00
5.164729e-02,-9.900000e-03,5.597368e-03,9.342895e-02,7.606767e+00,2.640000e+01,-1.303000e+02,5.180000e+01,-8.529024e-01,2.282334e+00,7.804474e-01,-1.311258e+00,3.748455e+01,5.120000e+01,-1.560000e+02,-6.680000e+01
5.369498e-02,-1.230000e-02,3.197368e-03,1.085289e-01,1.334149e+01,3.550000e+01,-1.523000e+02,6.280000e+01,-8.045970e-01,2.167534e+00,8.375474e-01,-1.302658e+00,9.766845e+00,2.170000e+01,-1.707000e+02,-9.900000e+01
5.877051e-02,-1.760000e-02,1.829737e-02,1.267289e-01,9.362848e+00,3.450000e+01,-1.837000e+02,7.380000e+01,-4.821056e-01,1.770034e+00,6.714474e-01,-9.767579e-01,-1.078510e+02,1.220000e+02,-1.270000e+02,-2.589000e+02
5.866342e-02,-2.340000e-02,5.209737e-02,1.340289e-01,1.468555e+01,2.680000e+01,-2.046000e+02,1.005000e+02,-1.724782e-01,1.350334e+00,3.850474e-01,-7.028579e-01,-8.248387e+01,1.244000e+02,-2.380000e+02,-2.909000e+02
5.440733e-02,-1.630000e-02,8.479737e-02,1.280289e-01,1.589712e+01,3.410000e+01,-2.358000e+02,1.108000e+02,-4.300751e-02,1.254834e+00,3.971474e-01,-5.917579e-01,-4.934462e+01,8.640000e+01,-2.143000e+02,-2.176000e+02
4.301054e-02,-1.760000e-02,1.344974e-01,1.210289e-01,3.658567e+01,4.640000e+01,-2.668000e+02,1.469000e+02,8.964999e-02,1.189034e+00,3.470474e-01,-4.900579e-01,9.585107e+00,1.313000e+02,-1.826000e+02,-1.550000e+02
2.023401e-02,-1.970000e-02,1.795974e-01,1.127289e-01,4.616691e+01,4.350000e+01,-3.019000e+02,1.869000e+02,2.893476e-01,1.074334e+00,9.804737e-02,-3.034579e-01,3.548811e+01,1.683000e+02,-7.530000e+01,-9.830000e+01
-1.489393e-02,-2.310000e-02,2.218974e-01,1.053289e-01,5.039376e+01,3.730000e+01,-3.390000e+02,2.249000e+02,3.678562e-01,8.657342e-01,3.674737e-02,-1.005579e-01,1.458362e+01,1.208000e+02,-2.550000e+01,-7.310000e+01
-6.379060e-02,-2.320000e-02,2.369974e-01,1.047289e-01,5.798714e+01,3.800000e+01,-3.775000e+02,2.608000e+02,4.166809e-01,7.097342e-01,3.764737e-02,6.224211e-02,-1.280299e+01,4.550000e+01,-5.800000e+00,-4.940000e+01
-1.362688e-01,-3.600000e-02,2.477974e-01,1.092289e-01,5.737011e+01,3.370000e+01,-4.118000e+02,2.869000e+02,4.648959e-01,5.448342e-01,-7.965263e-02,1.930421e-01,-1.335723e+01,2.810000e+01,1.110000e+01,-3.220000e+01
-2.177880e-01,-4.960000e-02,3.052974e-01,1.079289e-01,4.805213e+01,2.030000e+01,-4.297000e+02,3.047000e+02,4.710545e-01,3.391342e-01,-1.373526e-01,3.216421e-01,9.026113e+00,3.250000e+01,1.170000e+01,-6.800000e+00
-3.151231e-01,-5.370000e-02,4.075974e-01,7.402895e-02,2.197456e+01,-1.590000e+01,-4.552000e+02,3.460000e+02,4.597797e-01,2.508342e-01,-1.966526e-01,3.476421e-01,4.953810e+00,2.600000e+01,1.800000e+00,-1.090000e+01
-3.469785e-01,3.870000e-02,4.751974e-01,-6.871053e-03,-2.557312e+01,-7.690000e+01,-4.533000e+02,4.019000e+02,3.240172e-01,4.194342e-01,-1.010526e-01,9.454211e-02,-1.316397e+00,1.760000e+01,1.030000e+01,-1.020000e+01
-2.225282e-01,2.826000e-01,4.949974e-01,-6.877105e-02,-9.263313e+01,-1.421000e+02,-4.380000e+02,3.843000e+02,2.563836e-01,6.078342e-01,1.121474e-01,-4.825789e-02,4.229782e+00,2.440000e+01,9.500000e+00,-8.200000e+00
-6.054798e-02,5.552000e-01,5.662974e-01,-6.897105e-02,-7.919973e+01,-1.221000e+02,-3.914000e+02,3.264000e+02,2.570244e-01,4.747342e-01,1.604737e-02,1.124211e-02,1.966094e+00,2.270000e+01,9.000000e+00,-1.010000e+01
4.598098e-02,7.452000e-01,5.877974e-01,2.452895e-02,6.301714e+01,3.590000e+01,-2.562000e+02,2.248000e+02,2.311128e-01,3.008342e-01,-2.365263e-02,8.434211e-02,1.841053e+00,2.140000e+01,7.200000e+00,-1.000000e+01
2.074163e-01,9.292000e-01,6.030974e-01,2.113289e-01,2.404841e+02,2.566000e+02,4.710000e+01,1.155000e+02,1.018036e-01,1.658342e-01,1.331474e-01,6.354211e-02,5.014282e-01,2.150000e+01,7.500000e+00,-1.170000e+01
3.358675e-01,1.055100e+00,7.206974e-01,3.136289e-01,2.287022e+02,2.741000e+02,2.200000e+02,1.031000e+02,5.979426e-02,1.278342e-01,9.184737e-02,2.364211e-02,6.873875e-01,2.060000e+01,8.800000e+00,-1.050000e+01
3.042693e-01,1.012900e+00,8.875974e-01,3.360289e-01,1.230181e+02,1.863000e+02,3.259000e+02,1.050000e+02,3.583926e-02,4.573421e-02,5.047368e-03,2.334211e-02,8.305445e-01,1.730000e+01,8.100000e+00,-8.300000e+00
2.055405e-01,9.014000e-01,9.516974e-01,3.074289e-01,7.454816e+01,1.289000e+02,2.958000e+02,1.156000e+02,1.935800e-02,1.563421e-02,5.434737e-02,3.804211e-02,1.103121e+00,1.440000e+01,6.100000e+00,-6.600000e+00
1.350642e-01,8.231000e-01,9.289974e-01,2.548289e-01,6.066422e+01,1.001000e+02,2.462000e+02,1.344000e+02,2.213392e-02,2.973421e-02,5.844737e-02,3.304211e-02,8.398221e-01,1.180000e+01,4.000000e+00,-5.800000e+00
1.227098e-01,7.920000e-01,9.110974e-01,2.362289e-01,4.418302e+01,8.800000e+01,2.299000e+02,8.230000e+01,1.512419e-02,9.534211e-03,2.904737e-02,2.944211e-02,5.046479e-01,1.000000e+01,1.600000e+00,-5.700000e+00
7.261950e-02,7.128000e-01,9.693974e-01,2.603289e-01,-1.144912e+01,4.740000e+01,2.335000e+02,6.000000e+00,1.365356e-02,4.134211e-03,4.854737e-02,3.694211e-02,3.413928e-01,8.500000e+00,1.200000e+00,-5.000000e+00
-1.319750e-01,4.530000e-01,1.052897e+00,2.789289e-01,-5.816634e+01,1.900000e+01,2.369000e+02,-6.930000e+01,1.316893e-02,2.534211e-03,5.284737e-02,3.864211e-02,4.941142e-02,7.100000e+00,2.000000e-01,-4.700000e+00
-3.639308e-01,1.629000e-01,1.080297e+00,2.440289e-01,-5.784463e+01,1.900000e+01,2.369000e+02,-6.930000e+01,1.265667e-02,3.334211e-03,5.494737e-02,3.804211e-02,-2.348447e-01,5.400000e+00,-1.200000e+00,-4.300000e+00
-5.322395e-01,-5.710000e-02,1.071497e+00,1.180289e-01,-1.186976e+02,-6.600000e+00,2.308000e+02,-1.837000e+02,1.193004e-02,3.734211e-03,6.304737e-02,3.914211e-02,-5.907112e-01,3.700000e+00,-1.600000e+00,-3.700000e+00
-7.239737e-01,-2.700000e-01,1.058597e+00,-1.015711e-01,-1.225599e+02,1.280000e+01,2.253000e+02,-2.438000e+02,1.175334e-02,7.342105e-04,6.874737e-02,4.254211e-02,-1.020582e+00,8.000000e-01,-2.800000e+00,-2.600000e+00
-8.201870e-01,-4.260000e-01,9.379974e-01,-2.334711e-01,-1.252675e+02,2.500000e+01,2.143000e+02,-2.812000e+02,1.151520e-02,-1.365789e-03,6.654737e-02,4.304211e-02,-1.326251e+00,-1.400000e+00,-5.000000e+00,-2.100000e+00
-7.374361e-01,-4.107000e-01,7.653974e-01,-2.823711e-01,-1.212638e+02,3.820000e+01,2.038000e+02,-3.012000e+02,1.146664e-02,-1.657895e-04,6.434737e-02,4.154211e-02,-1.203327e-01,-8.000000e-01,-6.400000e+00,-1.400000e+00
-5.870766e-01,-3.198000e-01,6.996974e-01,-2.825711e-01,-1.210043e+02,3.820000e+01,2.038000e+02,-3.012000e+02,1.140627e-02,6.342105e-04,6.084737e-02,3.994211e-02,1.348608e-01,-1.000000e+00,-6.600000e+00,-1.000000e+00
-4.224116e-01,-2.341000e-01,6.514974e-01,-2.336711e-01,-9.931633e+01,6.590000e+01,2.012000e+02,-3.058000e+02,1.188482e-02,2.134211e-03,5.594737e-02,3.814211e-02,3.316252e-01,9.000000e-01,-8.200000e+00,-2.500000e+00
-3.122960e-01,-2.012000e-01,5.548974e-01,-1.797711e-01,-8.474043e+01,7.570000e+01,2.064000e+02,-2.951000e+02,1.235005e-02,3.234211e-03,5.154737e-02,3.674211e-02,-4.127793e-01,2.100000e+00,-9.100000e+00,-4.500000e+00
-2.394643e-01,-1.926000e-01,4.070974e-01,-1.208711e-01,-7.133758e+01,7.840000e+01,2.128000e+02,-2.771000e+02,1.318487e-02,3.634211e-03,4.804737e-02,3.654211e-02,4.052084e-01,2.200000e+00,-1.070000e+01,-4.000000e+00
-1.516312e-01,-1.485000e-01,2.677974e-01,-5.897105e-02,-5.754593e+01,7.910000e+01,2.260000e+02,-2.588000e+02,1.433397e-02,2.934211e-03,4.324737e-02,3.714211e-02,4.073137e-01,2.900000e+00,-1.290000e+01,-5.100000e+00
-6.992671e-02,-9.420000e-02,1.361974e-01,3.528947e-03,-4.779933e+01,7.660000e+01,2.372000e+02,-2.441000e+02,1.512478e-02,2.834211e-03,4.184737e-02,3.784211e-02,5.159964e-01,2.400000e+00,-1.460000e+01,-5.100000e+00
2.698011e-02,-2.330000e-02,8.269737e-02,6.182895e-02,-4.770552e+01,7.660000e+01,2.372000e+02,-2.441000e+02,1.646406e-02,3.634211e-03,4.054737e-02,3.864211e-02,5.015748e-01,1.500000e+00,-1.710000e+01,-5.200000e+00
1.378210e-01,6.630000e-02,6.419737e-02,1.233289e-01,-4.629784e+01,6.900000e+01,2.407000e+02,-2.361000e+02,1.841704e-02,5.134211e-03,4.284737e-02,4.074211e-02,-1.487634e-01,-2.000000e+00,-2.040000e+01,-4.500000e+00
2.499826e-01,1.692000e-01,6.289737e-02,1.822289e-01,-5.131664e+01,6.770000e+01,2.381000e+02,-2.410000e+02,2.003039e-02,6.734211e-03,4.644737e-02,4.274211e-02,-1.442597e+00,-7.600000e+00,-2.470000e+01,-3.400000e+00
3.493187e-01,2.759000e-01,8.079737e-02,2.266289e-01,-6.569175e+01,6.520000e+01,2.276000e+02,-2.538000e+02,2.225173e-02,8.934211e-03,4.934737e-02,4.494211e-02,-4.267548e+00,-1.260000e+01,-3.030000e+01,-5.000000e+00
4.321829e-01,3.912000e-01,8.799737e-02,2.643289e-01,-7.869364e+01,6.310000e+01,2.053000e+02,-2.583000e+02,2.412652e-02,9.834211e-03,5.064737e-02,4.724211e-02,-7.844227e+00,-1.650000e+01,-3.370000e+01,-7.700000e+00
4.827016e-01,5.056000e-01,9.979737e-02,2.727289e-01,-8.763513e+01,7.150000e+01,1.690000e+02,-2.558000e+02,2.607341e-02,1.203421e-02,5.494737e-02,4.964211e-02,-1.063193e+01,-2.060000e+01,-3.800000e+01,-9.500000e+00
5.153599e-01,6.461000e-01,9.089737e-02,2.686289e-01,-9.458833e+01,7.900000e+01,1.316000e+02,-2.477000e+02,2.826176e-02,1.383421e-02,5.614737e-02,5.184211e-02,-1.066506e+01,-2.230000e+01,-4.320000e+01,-9.800000e+00
5.493106e-01,8.292000e-01,8.699737e-02,2.551289e-01,-1.038528e+02,6.080000e+01,1.099000e+02,-2.365000e+02,3.096070e-02,1.553421e-02,5.424737e-02,5.394211e-02,-1.097829e+01,-2.290000e+01,-4.610000e+01,-1.060000e+01
5.583556e-01,1.052400e+00,7.379737e-02,2.132289e-01,-9.974723e+01,4.540000e+01,1.042000e+02,-2.199000e+02,3.382909e-02,1.903421e-02,5.044737e-02,5.444211e-02,-1.416080e+01,-2.700000e+01,-5.080000e+01,-1.300000e+01
4.827823e-01,1.261400e+00,-7.902632e-03,1.344289e-01,-1.062434e+02,2.750000e+01,9.520000e+01,-2.141000e+02,3.652571e-02,2.153421e-02,4.644737e-02,5.554211e-02,-1.523439e+01,-2.930000e+01,-5.600000e+01,-1.420000e+01
3.611380e-01,1.450100e+00,-1.140026e-01,3.202895e-02,-1.195590e+02,7.600000e+00,6.520000e+01,-2.022000e+02,3.801338e-02,2.373421e-02,4.484737e-02,5.624211e-02,-1.654403e+01,-3.230000e+01,-6.360000e+01,-1.590000e+01
1.932253e-01,1.628500e+00,-2.557026e-01,-1.059711e-01,-1.416905e+02,-1.710000e+01,1.310000e+01,-1.844000e+02,3.988131e-02,2.523421e-02,3.724737e-02,5.634211e-02,-1.473433e+01,-3.090000e+01,-7.080000e+01,-1.690000e+01
-7.593067e-04,1.795300e+00,-4.221026e-01,-2.642711e-01,-1.462699e+02,-2.280000e+01,-2.320000e+01,-1.624000e+02,4.396568e-02,2.613421e-02,2.944737e-02,6.024211e-02,-1.138944e+01,-2.890000e+01,-8.270000e+01,-1.790000e+01
-2.009007e-01,1.947600e+00,-5.994026e-01,-4.282711e-01,-1.366824e+02,-3.200000e+00,-5.030000e+01,-1.376000e+02,4.460838e-02,2.643421e-02,2.824737e-02,6.264211e-02,-9.207922e+00,-2.880000e+01,-8.990000e+01,-1.740000e+01
-3.886751e-01,2.086100e+00,-7.652026e-01,-5.951711e-01,-1.154804e+02,2.230000e+01,-7.120000e+01,-1.041000e+02,4.650900e-02,2.763421e-02,3.344737e-02,6.894211e-02,-6.159158e+00,-2.970000e+01,-1.030000e+02,-1.680000e+01
-5.464797e-01,2.204500e+00,-9.039026e-01,-7.467711e-01,-1.038343e+02,2.760000e+01,-7.990000e+01,-8.460000e+01,4.801943e-02,2.733421e-02,3.614737e-02,7.654211e-02,-1.711416e+00,-3.140000e+01,-1.207000e+02,-1.510000e+01
-6.801579e-01,2.271800e+00,-1.020903e+00,-8.861711e-01,-7.633574e+01,2.740000e+01,-8.710000e+01,-4.340000e+01,4.985769e-02,2.863421e-02,4.014737e-02,8.534211e-02,7.375715e-01,-3.470000e+01,-1.384000e+02,-1.470000e+01
-8.107228e-01,2.245600e+00,-1.139203e+00,-1.006171e+00,-4.939418e+01,2.210000e+01,-9.090000e+01,-3.200000e+00,4.732774e-02,2.703421e-02,4.544737e-02,9.374211e-02,-8.092366e-01,-4.320000e+01,-1.596000e+02,-1.620000e+01
-8.893553e-01,2.129100e+00,-1.207403e+00,-1.082171e+00,-2.759116e+01,1.810000e+01,-1.028000e+02,3.650000e+01,4.336157e-02,2.573421e-02,4.794737e-02,1.023421e-01,-7.218490e+00,-5.550000e+01,-1.840000e+02,-2.210000e+01
-8.143271e-01,1.978100e+00,-1.142003e+00,-1.081771e+00,-4.792817e+01,-6.390000e+01,-1.481000e+02,7.950000e+01,3.559325e-02,2.383421e-02,4.294737e-02,1.077421e-01,-2.052570e+01,-7.400000e+01,-2.111000e+02,-3.280000e+01
-6.023522e-01,1.587100e+00,-1.099403e+00,-8.635711e-01,-1.258944e+02,-1.464000e+02,-3.572000e+02,1.744000e+02,2.746961e-02,1.933421e-02,3.194737e-02,1.183421e-01,-2.803490e+01,-8.400000e+01,-2.265000e+02,-3.940000e+01
-4.250038e-01,1.190000e+00,-1.044403e+00,-6.149711e-01,-1.258275e+02,-1.464000e+02,-3.572000e+02,1.744000e+02,2.481229e-02,1.243421e-02,3.247368e-03,1.440421e-01,-3.062294e+01,-9.130000e+01,-2.651000e+02,-5.160000e+01
-4.415633e-02,1.230900e+00,-8.490026e-01,-3.608711e-01,1.239107e+02,-2.903000e+02,5.450000e+01,3.241000e+02,6.580082e-03,-2.657895e-04,-4.725263e-02,1.536421e-01,-1.764897e+01,-6.650000e+01,-3.057000e+02,-8.360000e+01
-6.571739e-02,1.076600e+00,-8.443026e-01,-3.056711e-01,3.455208e+01,-7.130000e+01,5.060000e+01,6.320000e+01,-2.377182e-02,-1.346579e-02,-9.175263e-02,1.642421e-01,-2.847420e+01,-7.330000e+01,-3.488000e+02,-1.163000e+02
-7.700307e-02,9.273000e-01,-8.404026e-01,-2.405711e-01,3.436878e+01,-7.130000e+01,5.060000e+01,6.320000e+01,-6.407469e-02,-2.826579e-02,-1.527526e-01,1.765421e-01,-2.602005e+01,-6.280000e+01,-3.892000e+02,-1.534000e+02
-3.618754e-02,6.548000e-01,-7.572026e-01,-6.387105e-02,1.194431e+00,-2.300000e+01,8.800000e+00,1.160000e+01,-1.250911e-01,-4.726579e-02,-2.147526e-01,1.895421e-01,-2.586857e+01,-6.080000e+01,-4.339000e+02,-1.843000e+02
1.084011e-02,4.642000e-01,-6.648026e-01,6.612895e-02,2.852224e+01,-3.100000e+00,2.190000e+01,2.750000e+01,-2.164147e-01,-7.746579e-02,-2.538526e-01,2.065421e-01,-3.075696e+01,-6.650000e+01,-4.576000e+02,-1.986000e+02
7.513463e-02,3.373000e-01,-5.327026e-01,1.604289e-01,1.395960e+01,3.000000e+00,2.030000e+01,5.600000e+00,-3.436992e-01,-1.190658e-01,-2.720526e-01,2.329421e-01,-1.436164e+01,-5.850000e+01,-5.211000e+02,-2.090000e+02
1.117882e-01,2.052000e-01,-4.484026e-01,2.474289e-01,1.109862e+01,6.900000e+00,1.810000e+01,6.000000e-01,-4.866263e-01,-1.531658e-01,-3.723526e-01,2.383421e-01,6.071660e+01,1.210000e+01,-6.017000e+02,-2.460000e+02
1.090323e-01,1.101000e-01,-4.327026e-01,2.950289e-01,1.584670e+01,9.500000e+00,1.950000e+01,4.400000e+00,-5.512892e-01,-7.876579e-02,-4.685526e-01,1.848421e-01,1.512662e+02,8.860000e+01,-7.266000e+02,-2.155000e+02
1.027674e-01,2.760000e-01,-3.605026e-01,1.454289e-01,1.281772e+01,8.100000e+00,1.600000e+01,3.200000e+00,-3.893226e-01,1.942342e-01,-5.623526e-01,9.294211e-02,1.098280e+02,5.900000e+01,-6.833000e+02,-8.400000e+01
9.270886e-02,4.368000e-01,-2.891026e-01,-4.971053e-03,1.246560e+01,5.100000e+00,1.510000e+01,5.100000e+00,-1.684857e-01,4.700342e-01,-5.960526e-01,1.165421e-01,-1.849923e+02,-1.976000e+02,-2.277000e+02,1.810000e+01
-1.652090e-01,1.653000e-01,-3.375026e-01,-1.425711e-01,1.159555e+01,8.000000e-01,1.450000e+01,7.000000e+00,7.769067e-02,7.393342e-01,-5.758526e-01,2.964421e-01,-2.440283e+02,-2.424000e+02,1.469000e+02,4.400000e+00
-8.312658e-02,9.460000e-02,-1.877026e-01,-6.977105e-02,9.416057e+00,-3.700000e+00,1.280000e+01,7.900000e+00,2.164236e-01,8.385342e-01,-6.893526e-01,3.970421e-01,-1.835338e+02,-1.857000e+02,2.867000e+02,-4.980000e+01
-2.063601e-03,2.290000e-02,-4.060263e-02,4.328947e-03,7.582168e+00,-7.600000e+00,1.160000e+01,8.600000e+00,2.499867e-01,8.127342e-01,-8.114526e-01,4.602421e-01,-6.265076e+01,-8.100000e+01,4.118000e+02,-1.873000e+02
1.267678e-02,7.520000e-02,1.699737e-02,-3.817105e-02,6.724891e+00,-8.700000e+00,1.120000e+01,8.400000e+00,1.791667e-01,7.054342e-01,-8.370526e-01,4.900421e-01,-5.874429e+01,-7.650000e+01,3.220000e+02,-1.918000e+02
1.774116e-02,6.090000e-02,5.839737e-02,-4.327105e-02,4.897950e+00,-1.180000e+01,1.000000e+01,8.600000e+00,1.299951e-01,6.240342e-01,-8.365526e-01,4.766421e-01,-1.239047e+02,-1.390000e+02,2.811000e+02,-1.642000e+02
5.446354e-03,1.990000e-02,5.289737e-02,-3.057105e-02,5.519022e+00,-1.220000e+01,1.030000e+01,9.500000e+00,1.612120e-01,6.191342e-01,-8.589526e-01,4.313421e-01,-1.579818e+02,-1.747000e+02,2.968000e+02,-1.288000e+02
6.470072e-03,1.880000e-02,5.099737e-02,-2.747105e-02,4.301549e+00,-1.020000e+01,7.500000e+00,8.100000e+00,2.361397e-01,6.433342e-01,-8.254526e-01,3.929421e-01,-1.205890e+02,-1.440000e+02,3.458000e+02,-9.030000e+01
5.485573e-03,1.840000e-02,4.399737e-02,-2.497105e-02,3.962228e+00,-4.600000e+00,6.500000e+00,4.700000e+00,2.121967e-01,5.616342e-01,-8.368526e-01,4.073421e-01,-7.146538e+01,-9.920000e+01,3.705000e+02,-6.930000e+01
3.813294e-03,1.680000e-02,2.919737e-02,-1.887105e-02,3.120988e+00,-3.000000e-01,4.200000e+00,2.100000e+00,-1.681983e-02,2.503342e-01,-8.640526e-01,4.612421e-01,3.246449e+01,-4.100000e+00,3.777000e+02,-1.620000e+01
5.169839e-03,1.850000e-02,1.719737e-02,-1.237105e-02,4.315778e+00,4.400000e+00,2.600000e+00,1.500000e+00,-2.771884e-01,-6.966579e-02,-8.978526e-01,3.841421e-01,7.998642e+01,2.700000e+01,3.448000e+02,6.290000e+01
4.311513e-03,1.440000e-02,4.797368e-03,-4.871053e-03,4.317894e+00,4.400000e+00,2.600000e+00,1.500000e+00,-5.457259e-01,-3.522658e-01,-9.251526e-01,1.530421e-01,9.738511e+01,1.910000e+01,3.491000e+02,1.374000e+02
3.702889e-03,1.170000e-02,-1.602632e-03,-8.710526e-04,6.173082e+00,7.800000e+00,1.700000e+00,2.200000e+00,-6.253258e-01,-4.654658e-01,-8.001526e-01,-8.657895e-03,9.631792e+01,-9.800000e+00,3.457000e+02,2.043000e+02
3.670787e-03,1.110000e-02,-6.302632e-03,1.728947e-03,5.802253e+00,7.500000e+00,-1.000000e-01,2.800000e+00,-6.208922e-01,-4.812658e-01,-6.423526e-01,-1.404579e-01,8.183145e+01,-4.950000e+01,3.119000e+02,2.553000e+02
2.646539e-03,1.010000e-02,-1.000263e-02,2.828947e-03,5.834982e+00,7.400000e+00,-3.000000e-01,3.000000e+00,-5.534226e-01,-4.253658e-01,-5.762526e-01,-2.268579e-01,6.615446e+01,-8.210000e+01,2.576000e+02,2.810000e+02
1.570018e-03,9.500000e-03,-1.050263e-02,2.028947e-03,5.778931e+00,6.800000e+00,-1.000000e-01,3.200000e+00,-4.623704e-01,-3.616658e-01,-5.702526e-01,-2.623579e-01,6.509817e+01,-8.980000e+01,2.371000e+02,2.895000e+02
5.549231e-04,8.000000e-03,-6.902632e-03,-1.710526e-04,6.403872e+00,5.200000e+00,1.100000e+00,4.400000e+00,-3.721499e-01,-3.187658e-01,-5.745526e-01,-2.609579e-01,7.140606e+01,-9.330000e+01,2.230000e+02,3.034000e+02
4.286628e-05,6.500000e-03,3.397368e-03,-5.071053e-03,6.330856e+00,1.700000e+00,2.100000e+00,6.000000e+00,-2.775841e-01,-2.773658e-01,-5.450526e-01,-2.315579e-01,8.656107e+01,-8.150000e+01,2.282000e+02,3.150000e+02
1.004917e-03,5.800000e-03,1.389737e-02,-8.671053e-03,6.728195e+00,1.000000e+00,3.000000e+00,6.500000e+00,-1.833635e-01,-2.206658e-01,-4.624526e-01,-1.857579e-01,9.516834e+01,-7.270000e+01,2.375000e+02,3.217000e+02
5.910150e-04,5.100000e-03,2.209737e-02,-1.287105e-02,6.525671e+00,-1.000000e+00,2.600000e+00,7.700000e+00,-8.349596e-02,-1.258658e-01,-3.593526e-01,-1.373579e-01,9.701682e+01,-6.860000e+01,2.393000e+02,3.211000e+02
1.720645e-03,6.400000e-03,3.039737e-02,-1.637105e-02,7.443742e+00,-2.300000e+00,3.400000e+00,9.300000e+00,2.662080e-02,-1.116579e-02,-2.959526e-01,-8.155789e-02,9.385413e+01,-6.150000e+01,2.424000e+02,3.112000e+02
2.202373e-03,7.200000e-03,3.489737e-02,-1.847105e-02,9.004065e+00,-3.400000e+00,2.600000e+00,1.240000e+01,1.435123e-01,9.503421e-02,-2.744526e-01,-5.557895e-03,9.094509e+01,-5.680000e+01,2.431000e+02,3.035000e+02
3.536651e-03,9.900000e-03,3.679737e-02,-1.937105e-02,9.150149e+00,-4.600000e+00,1.300000e+00,1.400000e+01,2.829048e-01,2.222342e-01,-2.807526e-01,8.994211e-02,8.243521e+01,-4.650000e+01,2.519000e+02,2.884000e+02
4.777531e-03,1.140000e-02,3.979737e-02,-2.017105e-02,9.142833e+00,-4.600000e+00,1.300000e+00,1.400000e+01,4.216923e-01,3.830342e-01,-2.747526e-01,1.914421e-01,7.889560e+01,-5.420000e+01,2.571000e+02,2.919000e+02
4.203074e-03,1.430000e-02,3.509737e-02,-2.037105e-02,1.331050e+01,-5.300000e+00,9.000000e-01,2.000000e+01,5.287214e-01,5.518342e-01,-2.554526e-01,2.813421e-01,8.028790e+01,-6.320000e+01,2.373000e+02,2.872000e+02
7.393952e-03,1.590000e-02,3.649737e-02,-1.797105e-02,1.530760e+01,-1.500000e+00,0.000000e+00,2.060000e+01,5.887522e-01,7.143342e-01,-2.333526e-01,3.394421e-01,8.008340e+01,-4.940000e+01,2.117000e+02,2.634000e+02
9.981358e-03,1.740000e-02,3.569737e-02,-1.527105e-02,2.223313e+01,4.900000e+00,-1.400000e+00,2.610000e+01,6.084080e-01,9.065342e-01,-1.883526e-01,3.650421e-01,6.657854e+01,-4.130000e+01,1.781000e+02,2.204000e+02
1.259150e-02,1.700000e-02,3.029737e-02,-9.171053e-03,2.843600e+01,1.320000e+01,-6.000000e+00,3.100000e+01,5.668153e-01,1.108134e+00,-1.251526e-01,3.389421e-01,5.109726e+01,-1.970000e+01,1.657000e+02,1.837000e+02
1.449794e-02,1.950000e-02,2.089737e-02,-3.971053e-03,3.330486e+01,2.250000e+01,-1.120000e+01,3.380000e+01,4.506582e-01,1.293734e+00,-5.115263e-02,2.511421e-01,4.239731e+01,-1.700000e+00,1.643000e+02,1.654000e+02
2.118194e-02,2.180000e-02,2.249737e-02,2.128947e-03,3.602495e+01,2.780000e+01,-1.740000e+01,3.690000e+01,2.768952e-01,1.465334e+00,2.774737e-02,1.059421e-01,1.690049e+01,1.660000e+01,1.529000e+02,1.202000e+02
2.432983e-02,2.370000e-02,2.229737e-02,4.828947e-03,3.754956e+01,3.120000e+01,-2.340000e+01,3.960000e+01,5.950149e-02,1.625534e+00,1.289474e-01,-8.665789e-02,-3.804651e+00,2.230000e+01,1.111000e+02,6.470000e+01
2.754963e-02,2.200000e-02,2.119737e-02,1.062895e-02,3.956978e+01,3.320000e+01,-2.360000e+01,4.100000e+01,-1.774689e-01,1.764034e+00,2.525474e-01,-3.030579e-01,-3.843868e+00,2.970000e+01,5.950000e+01,2.820000e+01
2.687568e-02,1.710000e-02,4.697368e-03,2.152895e-02,3.541927e+01,3.440000e+01,-3.210000e+01,3.900000e+01,-4.017387e-01,1.883934e+00,3.767474e-01,-5.224579e-01,1.762454e+01,4.300000e+01,4.500000e+00,1.490000e+01
3.132268e-02,1.730000e-02,-5.702632e-03,3.292895e-02,2.670729e+01,3.370000e+01,-4.360000e+01,3.380000e+01,-6.007622e-01,2.009634e+00,4.958474e-01,-7.352579e-01,4.400787e+01,5.240000e+01,-3.960000e+01,1.600000e+01
3.648701e-02,8.900000e-03,-7.502632e-03,4.762895e-02,2.029893e+01,3.620000e+01,-5.460000e+01,2.910000e+01,-7.847832e-01,2.154434e+00,6.074474e-01,-9.545579e-01,4.054910e+01,5.240000e+01,-5.680000e+01,7.000000e-01
3.988230e-02,6.200000e-03,-1.750263e-02,6.082895e-02,1.274190e+01,3.410000e+01,-6.910000e+01,2.800000e+01,-9.768083e-01,2.308634e+00,7.207474e-01,-1.212058e+00,3.746354e+01,3.750000e+01,-8.900000e+01,-1.980000e+01
4.616385e-02,-3.000000e-04,-1.330263e-02,7.442895e-02,6.566419e+00,3.230000e+01,-8.740000e+01,3.060000e+01,-1.144868e+00,2.221234e+00,9.051474e-01,-1.394758e+00,-2.734196e+01,4.650000e+01,-1.305000e+02,-1.261000e+02
5.857118e-02,-5.700000e-03,1.797368e-03,9.152895e-02,-1.054721e-01,2.910000e+01,-1.124000e+02,3.730000e+01,-8.809564e-01,1.899534e+00,7.904474e-01,-1.239658e+00,-9.575501e-01,8.500000e+01,-2.751000e+02,-1.937000e+02
6.973821e-02,-1.370000e-02,2.149737e-02,1.079289e-01,-1.018900e-01,2.910000e+01,-1.124000e+02,3.730000e+01,-4.131802e-01,1.803634e+00,6.300474e-01,-9.689579e-01,-1.173121e+02,1.171000e+02,-3.169000e+02,-3.719000e+02
7.593830e-02,-2.110000e-02,3.119737e-02,1.237289e-01,-1.034747e-01,2.910000e+01,-1.124000e+02,3.730000e+01,-1.840415e-01,1.827234e+00,6.153474e-01,-8.221579e-01,-1.475060e+02,1.320000e+02,-7.900000e+01,-2.870000e+02
7.751976e-02,-2.770000e-02,5.719737e-02,1.301289e-01,1.246650e+01,3.680000e+01,-1.855000e+02,9.000000e+01,-6.821282e-02,1.630434e+00,4.671474e-01,-7.069579e-01,-7.045513e+01,1.310000e+02,-2.830000e+01,-1.674000e+02
8.026693e-02,-2.890000e-02,9.229737e-02,1.345289e-01,2.774273e+01,4.750000e+01,-2.163000e+02,1.204000e+02,7.673929e-02,1.369034e+00,2.981474e-01,-5.208579e-01,-1.463370e+01,1.543000e+02,-7.780000e+01,-1.345000e+02
8.123993e-02,-3.010000e-02,1.465974e-01,1.346289e-01,4.024332e+01,5.270000e+01,-2.519000e+02,1.555000e+02,2.686996e-01,1.281234e+00,2.403474e-01,-3.131579e-01,4.814937e+01,1.605000e+02,-1.192000e+02,-7.910000e+01
6.595093e-02,-3.870000e-02,1.957974e-01,1.344289e-01,4.831339e+01,5.130000e+01,-2.907000e+02,1.938000e+02,3.312541e-01,1.110234e+00,2.687474e-01,-1.371579e-01,2.029852e+01,1.028000e+02,3.200000e+00,-3.390000e+01
3.849789e-02,-4.290000e-02,2.349974e-01,1.300289e-01,6.263129e+01,5.030000e+01,-3.095000e+02,2.319000e+02,3.738714e-01,8.472342e-01,1.901474e-01,3.614211e-02,-1.397820e+01,3.440000e+01,1.600000e+01,-3.130000e+01
-3.060364e-03,-5.000000e-02,2.547974e-01,1.365289e-01,6.281071e+01,5.350000e+01,-3.466000e+02,2.501000e+02,4.811376e-01,6.166342e-01,4.474737e-02,2.477421e-01,-3.638391e+00,2.040000e+01,6.300000e+00,-1.410000e+01
-6.111602e-02,-5.540000e-02,2.532974e-01,1.452289e-01,6.597601e+01,5.520000e+01,-3.809000e+02,2.748000e+02,6.223761e-01,5.172342e-01,-1.356526e-01,4.147421e-01,1.143207e+01,2.910000e+01,4.700000e+00,-1.600000e+00
-1.382213e-01,-6.520000e-02,2.973974e-01,1.242289e-01,3.966710e+01,1.820000e+01,-4.103000e+02,3.073000e+02,5.244255e-01,6.011342e-01,-1.705263e-02,2.860421e-01,4.002675e+00,2.340000e+01,3.100000e+00,-7.800000e+00
-2.127282e-01,-5.990000e-02,3.974974e-01,9.472895e-02,6.986597e+00,-3.200000e+01,-4.313000e+02,3.572000e+02,2.631594e-01,4.684342e-01,9.534737e-02,8.494211e-02,-3.782774e+00,9.700000e+00,8.100000e+00,-7.600000e+00
-2.525815e-01,-1.300000e-03,5.333974e-01,6.772895e-02,-2.944803e+01,-8.760000e+01,-4.116000e+02,4.043000e+02,1.297624e-01,2.165342e-01,5.154737e-02,5.714211e-02,1.290379e+00,1.290000e+01,7.800000e+00,-3.500000e+00
-1.735348e-01,1.797000e-01,6.048974e-01,9.232895e-02,-8.775838e+01,-1.459000e+02,-3.507000e+02,3.752000e+02,1.324841e-01,1.854342e-01,1.390474e-01,1.054421e-01,-2.421711e+00,1.260000e+01,8.800000e+00,-7.500000e+00
1.635500e-02,4.573000e-01,6.742974e-01,1.999289e-01,-6.920825e+01,-1.168000e+02,-2.967000e+02,3.081000e+02,1.236735e-01,2.261342e-01,2.218474e-01,9.594211e-02,-2.972289e+00,9.400000e+00,7.600000e+00,-6.700000e+00
1.857030e-01,7.362000e-01,7.378974e-01,3.075289e-01,-6.923720e+01,-1.168000e+02,-2.967000e+02,3.081000e+02,3.426742e-02,8.953421e-02,1.997474e-01,6.094211e-02,-3.805001e+00,4.600000e+00,4.400000e+00,-5.900000e+00
2.704487e-01,7.926000e-01,7.744974e-01,3.860289e-01,2.534236e+02,2.695000e+02,2.078000e+02,1.003000e+02,2.440286e-02,2.943421e-02,7.094737e-02,4.484211e-02,-3.231319e+00,3.000000e-01,1.800000e+00,-3.500000e+00
2.103123e-01,7.074000e-01,8.821974e-01,3.962289e-01,2.008028e+02,2.233000e+02,3.007000e+02,1.289000e+02,3.410596e-02,4.833421e-02,3.804737e-02,3.524211e-02,-2.366123e+00,3.000000e-01,7.000000e-01,-2.800000e+00
6.613990e-02,5.762000e-01,9.862974e-01,3.576289e-01,1.274372e+02,1.319000e+02,2.295000e+02,1.714000e+02,1.163082e-02,5.934211e-03,7.414737e-02,4.394211e-02,-2.833259e+00,-4.000000e-01,1.200000e+00,-2.800000e+00
-7.963646e-02,4.807000e-01,1.064497e+00,2.982289e-01,6.435328e+01,4.590000e+01,1.527000e+02,2.126000e+02,9.829446e-03,3.634211e-03,6.434737e-02,4.004211e-02,-3.293096e+00,-0.000000e+00,1.500000e+00,-3.500000e+00
-1.312643e-01,4.533000e-01,1.085997e+00,2.791289e-01,5.502170e+01,4.480000e+01,1.112000e+02,1.416000e+02,1.255239e-02,6.434211e-03,3.264737e-02,3.204211e-02,-4.358777e+00,1.600000e+00,1.600000e+00,-5.700000e+00
-1.838116e-01,4.107000e-01,1.051597e+00,2.685289e-01,5.530866e+01,4.480000e+01,1.112000e+02,1.416000e+02,1.045849e-02,-8.657895e-04,3.664737e-02,3.494211e-02,-4.473440e+00,4.100000e+00,1.700000e+00,-7.300000e+00
-1.815935e-01,3.724000e-01,1.038197e+00,2.616289e-01,8.460466e+00,5.670000e+01,1.751000e+02,-2.200000e+01,1.161055e-02,9.342105e-04,4.374737e-02,3.724211e-02,-5.296226e+00,4.000000e+00,1.500000e+00,-8.300000e+00
-3.366282e-01,1.638000e-01,1.063397e+00,2.133289e-01,-5.089741e+01,2.600000e+01,1.934000e+02,-1.122000e+02,1.263428e-02,2.434211e-03,3.794737e-02,3.574211e-02,-4.668266e+00,4.600000e+00,2.000000e-01,-8.300000e+00
-5.860593e-01,-1.396000e-01,1.042597e+00,8.362895e-02,-9.014644e+01,7.700000e+00,1.834000e+02,-1.855000e+02,1.106630e-02,2.534211e-03,4.124737e-02,3.464211e-02,-5.207391e+00,3.400000e+00,0.000000e+00,-8.300000e+00
-8.083089e-01,-4.285000e-01,9.916974e-01,-4.377105e-02,-1.090971e+02,1.350000e+01,1.908000e+02,-2.492000e+02,1.073782e-02,4.234211e-03,3.764737e-02,3.204211e-02,-5.711505e+00,6.000000e-01,-1.600000e+00,-7.700000e+00
-8.214723e-01,-5.013000e-01,9.383974e-01,-1.445711e-01,-1.101701e+02,3.120000e+01,1.943000e+02,-2.919000e+02,1.047857e-02,2.134211e-03,3.484737e-02,3.204211e-02,-5.149359e+00,-2.000000e-01,-3.500000e+00,-7.100000e+00
-6.884086e-01,-4.409000e-01,7.972974e-01,-1.718711e-01,-1.079908e+02,4.050000e+01,1.886000e+02,-3.076000e+02,1.007208e-02,1.134211e-03,3.354737e-02,3.164211e-02,-5.205809e+00,-8.000000e-01,-4.500000e+00,-7.100000e+00
-5.042386e-01,-3.255000e-01,6.731974e-01,-1.539711e-01,-9.295791e+01,5.590000e+01,1.773000e+02,-3.053000e+02,1.007866e-02,2.334211e-03,3.304737e-02,3.064211e-02,-5.144709e+00,-1.000000e-01,-4.300000e+00,-7.400000e+00
-3.324132e-01,-2.217000e-01,5.879974e-01,-1.085711e-01,-8.267863e+01,5.980000e+01,1.765000e+02,-2.913000e+02,9.832368e-03,2.234211e-03,3.184737e-02,2.994211e-02,-5.341743e+00,2.000000e+00,-3.500000e+00,-8.700000e+00
-2.197897e-01,-1.660000e-01,5.032974e-01,-7.107105e-02,-7.217013e+01,6.040000e+01,1.818000e+02,-2.729000e+02,9.492739e-03,3.334211e-03,3.184737e-02,2.874211e-02,-5.006339e+00,3.800000e+00,-3.800000e+00,-9.500000e+00
-1.097864e-01,-1.011000e-01,4.117974e-01,-2.767105e-02,-5.840016e+01,6.500000e+01,1.932000e+02,-2.575000e+02,8.887393e-03,4.034211e-03,2.994737e-02,2.694211e-02,-5.612251e+00,6.200000e+00,-2.300000e+00,-1.130000e+01
-6.830196e-02,-8.840000e-02,2.676974e-01,1.022895e-02,-4.896581e+01,6.500000e+01,2.029000e+02,-2.440000e+02,8.536124e-03,4.534211e-03,2.644737e-02,2.514211e-02,-5.793040e+00,8.900000e+00,-1.900000e+00,-1.310000e+01
-1.709562e-03,-2.820000e-02,1.325974e-01,5.032895e-02,-4.898622e+01,6.500000e+01,2.029000e+02,-2.440000e+02,7.668739e-03,5.234211e-03,2.264737e-02,2.254211e-02,-5.679777e+00,1.110000e+01,-1.700000e+00,-1.430000e+01
7.619334e-02,4.480000e-02,5.849737e-02,9.102895e-02,-4.282270e+01,5.780000e+01,2.098000e+02,-2.281000e+02,7.015939e-03,6.534211e-03,2.024737e-02,2.024211e-02,-5.188552e+00,1.110000e+01,-1.600000e+00,-1.370000e+01
1.514469e-01,1.133000e-01,2.379737e-02,1.306289e-01,-4.560672e+01,5.570000e+01,2.121000e+02,-2.309000e+02,7.220715e-03,8.434211e-03,2.314737e-02,2.004211e-02,-4.194574e+00,7.800000e+00,-3.600000e+00,-1.100000e+01
2.374172e-01,1.938000e-01,2.249737e-02,1.712289e-01,-5.511827e+01,5.470000e+01,2.096000e+02,-2.426000e+02,8.018059e-03,9.434211e-03,2.914737e-02,2.194211e-02,-1.755247e+00,6.800000e+00,-6.400000e+00,-8.200000e+00
3.269220e-01,2.883000e-01,3.949737e-02,2.078289e-01,-6.694461e+01,5.300000e+01,1.965000e+02,-2.511000e+02,9.762305e-03,1.013421e-02,3.554737e-02,2.524211e-02,-2.265943e+00,3.000000e+00,-1.030000e+01,-7.500000e+00
4.026128e-01,3.880000e-01,5.799737e-02,2.334289e-01,-7.146946e+01,6.080000e+01,1.818000e+02,-2.557000e+02,1.208127e-02,1.133421e-02,4.544737e-02,2.984211e-02,-1.495642e+00,-1.500000e+00,-1.650000e+01,-5.400000e+00
4.573182e-01,4.937000e-01,7.569737e-02,2.398289e-01,-7.411275e+01,6.610000e+01,1.653000e+02,-2.536000e+02,1.502304e-02,1.173421e-02,5.504737e-02,3.564211e-02,-2.163248e+00,-5.700000e+00,-2.230000e+01,-5.100000e+00
5.006073e-01,6.196000e-01,9.429737e-02,2.305289e-01,-7.957899e+01,6.300000e+01,1.499000e+02,-2.493000e+02,2.000339e-02,1.333421e-02,5.574737e-02,4.074211e-02,-6.170850e+00,-8.800000e+00,-2.600000e+01,-9.000000e+00
5.274424e-01,7.731000e-01,1.025974e-01,2.062289e-01,-8.150875e+01,6.020000e+01,1.460000e+02,-2.477000e+02,2.275757e-02,1.063421e-02,6.694737e-02,4.894211e-02,-6.416059e+00,-1.150000e+01,-3.290000e+01,-9.400000e+00
5.338124e-01,9.212000e-01,1.065974e-01,1.812289e-01,-8.137064e+01,6.020000e+01,1.460000e+02,-2.477000e+02,2.690591e-02,1.203421e-02,7.344737e-02,5.494211e-02,-7.600728e+00,-1.420000e+01,-3.720000e+01,-1.020000e+01
4.753448e-01,1.081500e+00,5.739737e-02,1.142289e-01,-8.218402e+01,4.390000e+01,1.196000e+02,-2.211000e+02,3.102798e-02,1.183421e-02,7.684737e-02,6.124211e-02,-7.738971e+00,-1.500000e+01,-4.020000e+01,-1.060000e+01
3.691569e-01,1.224200e+00,-3.310263e-02,2.892895e-02,-9.356564e+01,1.910000e+01,8.160000e+01,-1.960000e+02,3.456637e-02,1.073421e-02,8.074737e-02,6.774211e-02,-6.521869e+00,-1.650000e+01,-4.530000e+01,-9.400000e+00
2.420284e-01,1.365700e+00,-1.441026e-01,-7.267105e-02,-1.113171e+02,-2.090000e+01,3.670000e+01,-1.677000e+02,3.825156e-02,1.033421e-02,7.764737e-02,7.214211e-02,-4.972935e+00,-1.650000e+01,-5.140000e+01,-9.100000e+00
1.040482e-01,1.511800e+00,-2.716026e-01,-1.893711e-01,-1.161323e+02,-5.710000e+01,1.600000e+00,-1.321000e+02,4.138682e-02,9.934211e-03,7.514737e-02,7.624211e-02,-1.468845e+00,-1.540000e+01,-5.990000e+01,-7.800000e+00
-4.236493e-02,1.660200e+00,-4.092026e-01,-3.225711e-01,-1.027672e+02,-6.280000e+01,-1.910000e+01,-9.630000e+01,4.495581e-02,1.053421e-02,7.224737e-02,8.034211e-02,2.908233e+00,-1.420000e+01,-6.990000e+01,-5.900000e+00
-1.971602e-01,1.796000e+00,-5.497026e-01,-4.652711e-01,-9.323847e+01,-5.370000e+01,-2.770000e+01,-8.070000e+01,4.817966e-02,9.934211e-03,6.844737e-02,8.504211e-02,6.632975e+00,-1.280000e+01,-8.130000e+01,-5.400000e+00
-3.592386e-01,1.900100e+00,-6.969026e-01,-6.111711e-01,-7.581907e+01,-1.690000e+01,-4.430000e+01,-5.940000e+01,5.136573e-02,1.153421e-02,6.914737e-02,8.974211e-02,8.596786e+00,-1.210000e+01,-8.770000e+01,-5.200000e+00
-5.176956e-01,1.950300e+00,-8.313026e-01,-7.526711e-01,-6.528733e+01,1.550000e+01,-6.260000e+01,-4.430000e+01,5.334454e-02,1.053421e-02,7.504737e-02,9.724211e-02,9.349372e+00,-1.500000e+01,-1.017000e+02,-6.000000e+00
-6.357800e-01,1.955400e+00,-9.298026e-01,-8.703711e-01,-6.230466e+01,1.510000e+01,-8.690000e+01,-2.190000e+01,5.738071e-02,1.403421e-02,7.184737e-02,1.021421e-01,7.920029e+00,-1.970000e+01,-1.190000e+02,-9.200000e+00
-7.147597e-01,1.961800e+00,-1.013503e+00,-9.703711e-01,-5.012143e+01,1.600000e+00,-1.031000e+02,1.210000e+01,5.935169e-02,1.373421e-02,6.964737e-02,1.092421e-01,4.393716e+00,-2.760000e+01,-1.366000e+02,-1.260000e+01
-7.036593e-01,1.921300e+00,-1.029603e+00,-1.032371e+00,-5.341483e+01,-7.410000e+01,-1.485000e+02,7.560000e+01,6.025230e-02,1.453421e-02,6.734737e-02,1.159421e-01,-2.487197e+00,-3.800000e+01,-1.560000e+02,-1.890000e+01
-6.327747e-01,1.649600e+00,-1.103303e+00,-9.050711e-01,-8.223795e+01,-1.198000e+02,-2.334000e+02,1.228000e+02,6.054093e-02,1.433421e-02,6.024737e-02,1.241421e-01,-9.662762e+00,-4.980000e+01,-1.804000e+02,-2.590000e+01
-3.874369e-01,1.275500e+00,-9.730026e-01,-6.744711e-01,-2.154353e+01,-2.085000e+02,-3.060000e+02,3.048000e+02,6.622009e-02,9.934211e-03,4.714737e-02,1.477421e-01,-7.354406e+00,-4.800000e+01,-2.175000e+02,-3.700000e+01
3.988410e-02,1.334900e+00,-8.586026e-01,-3.923711e-01,1.222931e+02,-2.151000e+02,-1.712000e+02,4.149000e+02,6.843832e-02,2.034211e-03,1.224737e-02,1.687421e-01,-5.072245e+00,-4.180000e+01,-2.386000e+02,-4.780000e+01
2.869809e-01,1.400000e+00,-5.728026e-01,-2.851711e-01,1.026386e+02,-7.400000e+01,8.140000e+01,1.444000e+02,5.561247e-02,-7.065789e-03,-2.665263e-02,1.768421e-01,-2.565723e+01,-5.750000e+01,-2.802000e+02,-7.760000e+01
2.185295e-01,1.111100e+00,-5.523026e-01,-1.971711e-01,-2.536647e+01,-9.010000e+01,1.360000e+01,2.180000e+01,3.890093e-02,-1.596579e-02,-7.195263e-02,1.903421e-01,-4.794266e+01,-7.070000e+01,-3.185000e+02,-1.131000e+02
2.986527e-01,9.403000e-01,-5.123026e-01,-2.571053e-03,-1.377401e+01,-3.890000e+01,-5.800000e+00,1.170000e+01,1.065318e-02,-2.996579e-02,-1.284526e-01,2.084421e-01,-5.514042e+01,-6.370000e+01,-3.597000e+02,-1.536000e+02
3.110768e-01,6.943000e-01,-4.680026e-01,1.601289e-01,3.705144e+01,1.760000e+01,1.650000e+01,2.830000e+01,-4.009821e-02,-4.856579e-02,-1.795526e-01,2.238421e-01,-5.586373e+01,-5.590000e+01,-4.033000e+02,-1.869000e+02
3.681424e-01,5.567000e-01,-3.609026e-01,2.761289e-01,3.636767e+01,2.410000e+01,8.600000e+00,2.680000e+01,-1.159832e-01,-6.856579e-02,-2.287526e-01,2.290421e-01,-5.844078e+01,-5.400000e+01,-4.522000e+02,-2.178000e+02
3.922475e-01,4.034000e-01,-2.599026e-01,3.653289e-01,1.238826e+01,2.320000e+01,3.100000e+00,-1.400000e+00,-2.188178e-01,-9.666579e-02,-2.665526e-01,2.410421e-01,-6.279371e+01,-5.920000e+01,-4.970000e+02,-2.360000e+02
4.323893e-01,2.848000e-01,-1.734026e-01,4.585289e-01,1.238758e+01,2.320000e+01,3.100000e+00,-1.400000e+00,-3.439753e-01,-1.282658e-01,-3.112526e-01,2.514421e-01,-4.042956e+01,-3.190000e+01,-5.185000e+02,-2.587000e+02
4.937589e-01,3.990000e-01,-5.102632e-03,3.760289e-01,1.239985e+01,2.320000e+01,3.100000e+00,-1.400000e+00,-4.879311e-01,-1.474658e-01,-4.160526e-01,2.234421e-01,5.213298e+01,6.930000e+01,-5.692000e+02,-3.138000e+02
4.559337e-01,5.810000e-01,-3.340263e-02,2.138289e-01,1.066323e+01,2.300000e+01,6.500000e+00,-5.300000e+00,-5.735159e-01,-8.016579e-02,-5.030526e-01,1.513421e-01,1.336513e+02,1.407000e+02,-7.265000e+02,-2.435000e+02
1.670510e-01,3.156000e-01,-3.270263e-02,1.712895e-02,1.212489e+01,1.730000e+01,6.700000e+00,5.000000e-01,-4.191929e-01,1.934342e-01,-5.505526e-01,8.234211e-02,4.339279e+01,5.190000e+01,-6.440000e+02,-1.283000e+02
-4.286621e-02,4.290000e-02,-1.885026e-01,1.002895e-02,9.787516e+00,1.040000e+01,6.200000e+00,2.500000e+00,-1.736784e-01,4.732342e-01,-5.326526e-01,4.004211e-02,-1.743713e+02,-1.692000e+02,-2.096000e+02,-9.500000e+00
6.300030e-02,1.212000e-01,-7.380263e-02,3.662895e-02,8.314780e+00,7.400000e+00,6.300000e+00,2.600000e+00,1.109781e-01,7.532342e-01,-5.394526e-01,1.836421e-01,-2.273942e+02,-2.283000e+02,1.419000e+02,5.320000e+01
3.139903e-02,8.430000e-02,2.619737e-02,-3.057105e-02,7.442550e+00,2.600000e+00,6.700000e+00,4.600000e+00,3.391288e-01,9.350342e-01,-6.666526e-01,2.752421e-01,-1.353760e+02,-1.453000e+02,2.922000e+02,2.770000e+01
6.985827e-02,1.415000e-01,1.136974e-01,-6.437105e-02,5.372113e+00,-3.900000e+00,7.500000e+00,6.000000e+00,4.575943e-01,9.831342e-01,-8.460526e-01,3.239421e-01,6.352811e+01,3.620000e+01,4.791000e+02,-8.980000e+01
4.773526e-02,9.800000e-02,1.159974e-01,-6.407105e-02,4.981443e+00,-9.300000e+00,8.600000e+00,8.700000e+00,4.094834e-01,8.926342e-01,-9.136526e-01,3.092421e-01,5.896069e+01,3.730000e+01,3.789000e+02,-1.154000e+02
3.645309e-02,7.020000e-02,1.077974e-01,-5.497105e-02,5.697103e+00,-1.240000e+01,1.000000e+01,1.110000e+01,3.235159e-01,7.787342e-01,-8.933526e-01,2.726421e-01,-4.079807e+01,-5.610000e+01,2.835000e+02,-1.020000e+02
2.458096e-02,4.180000e-02,9.559737e-02,-4.427105e-02,4.763715e+00,-1.410000e+01,1.030000e+01,1.090000e+01,3.009977e-01,7.345342e-01,-8.776526e-01,2.362421e-01,-1.177169e+02,-1.307000e+02,2.274000e+02,-7.960000e+01
1.270163e-02,1.340000e-02,8.329737e-02,-3.367105e-02,4.767720e+00,-1.410000e+01,1.030000e+01,1.090000e+01,3.423374e-01,7.476342e-01,-8.683526e-01,2.296421e-01,-1.177573e+02,-1.346000e+02,2.306000e+02,-5.370000e+01
9.087514e-03,9.600000e-03,7.529737e-02,-3.147105e-02,4.969425e+00,-1.430000e+01,1.150000e+01,1.070000e+01,3.445199e-01,7.042342e-01,-8.777526e-01,2.536421e-01,-3.100157e+01,-6.020000e+01,2.895000e+02,-9.500000e+00
7.784411e-03,1.110000e-02,6.579737e-02,-2.917105e-02,5.475919e+00,-1.530000e+01,1.180000e+01,1.190000e+01,1.411667e-01,4.392342e-01,-8.851526e-01,2.723421e-01,2.294093e+01,-1.440000e+01,3.145000e+02,2.190000e+01
7.189142e-03,8.000000e-03,5.819737e-02,-2.377105e-02,7.028693e+00,-1.460000e+01,1.230000e+01,1.320000e+01,-7.829834e-02,1.455342e-01,-9.271526e-01,2.720421e-01,8.777353e+01,3.070000e+01,3.435000e+02,8.810000e+01
6.122698e-03,5.900000e-03,5.149737e-02,-2.017105e-02,7.229809e+00,-1.410000e+01,1.130000e+01,1.360000e+01,-3.683201e-01,-1.646658e-01,-9.011526e-01,6.994211e-02,1.040511e+02,2.340000e+01,3.438000e+02,1.546000e+02
4.961611e-03,5.800000e-03,4.049737e-02,-1.607105e-02,6.284015e+00,-1.360000e+01,1.010000e+01,1.260000e+01,-5.597842e-01,-3.899658e-01,-7.297526e-01,-8.895789e-02,9.574505e+01,-1.180000e+01,3.315000e+02,2.153000e+02
3.151266e-03,4.800000e-03,2.539737e-02,-1.037105e-02,6.211566e+00,-1.160000e+01,1.040000e+01,1.100000e+01,-6.284324e-01,-4.856658e-01,-5.084526e-01,-1.945579e-01,8.026553e+01,-4.980000e+01,2.955000e+02,2.569000e+02
2.245400e-03,4.200000e-03,1.689737e-02,-6.971053e-03,6.415755e+00,-1.050000e+01,9.800000e+00,1.080000e+01,-5.337395e-01,-4.203658e-01,-4.158526e-01,-2.168579e-01,6.999514e+01,-7.500000e+01,2.529000e+02,2.777000e+02
1.311575e-03,2.900000e-03,1.089737e-02,-4.371053e-03,6.383030e+00,-8.600000e+00,9.100000e+00,9.800000e+00,-3.725495e-01,-2.882658e-01,-4.307526e-01,-2.112579e-01,7.161474e+01,-7.740000e+01,2.401000e+02,2.829000e+02
1.011976e-03,2.100000e-03,8.897368e-03,-3.171053e-03,6.385288e+00,-8.600000e+00,9.100000e+00,9.800000e+00,-2.497626e-01,-1.982658e-01,-4.194526e-01,-1.922579e-01,7.902380e+01,-7.230000e+01,2.316000e+02,2.871000e+02
-3.634793e-04,-3.000000e-04,5.497368e-03,-1.671053e-03,8.259127e+00,-5.700000e+00,8.600000e+00,1.050000e+01,-1.866627e-01,-1.692658e-01,-3.292526e-01,-1.548579e-01,7.770441e+01,-7.360000e+01,2.387000e+02,2.888000e+02
-1.197277e-03,-1.200000e-03,-2.102632e-03,1.428947e-03,7.084632e+00,-5.300000e+00,6.900000e+00,9.500000e+00,-1.410238e-01,-1.553658e-01,-2.403526e-01,-1.101579e-01,7.287230e+01,-7.550000e+01,2.470000e+02,2.863000e+02
3.171277e-04,-9.000000e-04,-5.602632e-03,4.828947e-03,6.728666e+00,-3.200000e+00,4.800000e+00,8.600000e+00,-6.612900e-02,-1.075658e-01,-1.830526e-01,-5.305789e-02,6.381320e+01,-6.990000e+01,2.531000e+02,2.691000e+02
-2.894965e-04,-1.000000e-03,-1.260263e-02,7.328947e-03,6.831599e+00,6.000000e-01,2.600000e+00,7.200000e+00,3.844014e-02,-2.256579e-02,-1.508526e-01,1.644211e-02,5.183360e+01,-6.700000e+01,2.599000e+02,2.516000e+02
3.170238e-04,-2.000000e-03,-1.730263e-02,1.092895e-02,6.571657e+00,1.900000e+00,1.500000e+00,6.500000e+00,1.734644e-01,9.013421e-02,-1.577526e-01,1.020421e-01,4.310605e+01,-7.370000e+01,2.640000e+02,2.463000e+02
1.139888e-03,-3.300000e-03,-1.920263e-02,1.372895e-02,6.571545e+00,1.900000e+00,1.500000e+00,6.500000e+00,3.230723e-01,2.289342e-01,-1.876526e-01,1.928421e-01,4.631694e+01,-7.270000e+01,2.639000e+02,2.494000e+02
1.822060e-03,-3.300000e-03,-2.230263e-02,1.602895e-02,6.533531e+00,4.100000e+00,-2.700000e+00,6.900000e+00,4.565115e-01,3.813342e-01,-2.170526e-01,2.733421e-01,6.660474e+01,-6.720000e+01,2.489000e+02,2.642000e+02
3.030379e-03,-2.700000e-03,-2.260263e-02,1.732895e-02,6.540341e+00,5.400000e+00,-4.800000e+00,7.000000e+00,5.598848e-01,5.270342e-01,-2.320526e-01,3.475421e-01,9.973330e+01,-5.130000e+01,2.178000e+02,2.800000e+02
4.703663e-03,-2.400000e-03,-2.310263e-02,1.952895e-02,8.006907e+00,7.100000e+00,-6.000000e+00,8.300000e+00,6.332970e-01,6.787342e-01,-2.332526e-01,4.088421e-01,1.303426e+02,-3.290000e+01,1.876000e+02,2.916000e+02
5.821075e-03,-2.300000e-03,-2.310263e-02,2.092895e-02,9.134802e+00,8.300000e+00,-7.200000e+00,9.500000e+00,6.726954e-01,8.537342e-01,-2.272526e-01,4.438421e-01,1.489629e+02,-1.460000e+01,1.713000e+02,2.968000e+02
9.143567e-03,2.400000e-03,-1.910263e-02,2.022895e-02,1.135946e+01,8.800000e+00,-8.200000e+00,1.250000e+01,6.573462e-01,1.047234e+00,-2.140526e-01,4.322421e-01,1.459347e+02,7.000000e-01,1.656000e+02,2.836000e+02
1.313388e-02,6.300000e-03,-8.202632e-03,1.772895e-02,1.541947e+01,1.270000e+01,-9.700000e+00,1.580000e+01,5.666583e-01,1.237234e+00,-1.854526e-01,3.621421e-01,1.350215e+02,8.800000e+00,1.603000e+02,2.642000e+02
1.498476e-02,8.100000e-03,-1.502632e-03,1.582895e-02,2.216968e+01,1.660000e+01,-1.230000e+01,2.310000e+01,4.057710e-01,1.418534e+00,-1.343526e-01,2.320421e-01,9.619754e+01,2.110000e+01,1.443000e+02,2.035000e+02
1.811971e-02,9.400000e-03,4.197368e-03,1.642895e-02,2.657405e+01,1.980000e+01,-1.610000e+01,2.840000e+01,1.858472e-01,1.584134e+00,-5.215263e-02,5.134211e-02,5.642464e+01,1.780000e+01,1.186000e+02,1.398000e+02
2.087027e-02,1.180000e-02,1.169737e-02,1.492895e-02,3.052103e+01,2.450000e+01,-2.040000e+01,3.230000e+01,-6.252693e-02,1.728134e+00,4.404737e-02,-1.630579e-01,4.024520e+01,5.700000e+00,7.730000e+01,9.630000e+01
2.361584e-02,1.410000e-02,1.909737e-02,1.352895e-02,3.050541e+01,2.450000e+01,-2.040000e+01,3.230000e+01,-3.025085e-01,1.853734e+00,1.420474e-01,-3.865579e-01,3.770628e+01,1.160000e+01,2.610000e+01,5.980000e+01
2.665252e-02,1.530000e-02,2.979737e-02,1.172895e-02,3.048740e+01,2.450000e+01,-2.040000e+01,3.230000e+01,-5.444951e-01,1.974834e+00,2.400474e-01,-6.089579e-01,3.772502e+01,1.160000e+01,2.610000e+01,5.980000e+01
2.930179e-02,9.100000e-03,2.139737e-02,2.402895e-02,2.905971e+01,3.820000e+01,-3.760000e+01,2.870000e+01,-7.556531e-01,2.080934e+00,3.699474e-01,-8.200579e-01,5.687339e+01,8.100000e+00,-6.240000e+01,2.720000e+01
3.168268e-02,6.200000e-03,1.059737e-02,3.522895e-02,2.119286e+01,4.110000e+01,-4.980000e+01,2.200000e+01,-9.468149e-01,2.145634e+00,4.819474e-01,-1.023758e+00,5.585490e+01,6.000000e+00,-7.540000e+01,1.810000e+01
3.944965e-02,4.200000e-03,1.529737e-02,4.602895e-02,1.154168e+01,3.680000e+01,-6.340000e+01,1.900000e+01,-1.091633e+00,2.145234e+00,5.621474e-01,-1.199358e+00,3.717357e+01,9.300000e+00,-8.880000e+01,-1.320000e+01
4.354675e-02,-2.500000e-03,1.939737e-02,5.662895e-02,5.598633e+00,3.150000e+01,-7.700000e+01,2.190000e+01,-1.171720e+00,2.093634e+00,6.182474e-01,-1.319458e+00,9.696129e+00,1.030000e+01,-9.790000e+01,-5.200000e+01
4.647096e-02,-6.300000e-03,1.969737e-02,6.642895e-02,3.399771e+00,3.030000e+01,-9.270000e+01,2.790000e+01,-1.179987e+00,2.016334e+00,6.595474e-01,-1.367958e+00,-1.854555e+01,2.200000e+00,-1.030000e+02,-8.740000e+01
4.804264e-02,-7.700000e-03,2.319737e-02,7.202895e-02,3.960664e+00,3.100000e+01,-1.076000e+02,3.590000e+01,-1.101541e+00,1.916834e+00,6.476474e-01,-1.336658e+00,-2.856725e+01,2.230000e+01,-9.770000e+01,-1.010000e+02
5.015859e-02,-6.900000e-03,3.249737e-02,7.502895e-02,8.715384e+00,3.680000e+01,-1.240000e+02,4.640000e+01,-8.607366e-01,1.755334e+00,6.023474e-01,-1.100458e+00,-6.601053e+01,1.880000e+01,-7.120000e+01,-1.289000e+02
5.433014e-02,-1.170000e-02,4.049737e-02,8.862895e-02,1.298201e+01,4.200000e+01,-1.328000e+02,5.270000e+01,-4.937554e-01,1.264934e+00,3.592474e-01,-6.889579e-01,-9.866496e+01,3.520000e+01,1.200000e+00,-1.292000e+02
5.731662e-02,-1.650000e-02,4.859737e-02,1.022289e-01,1.295111e+01,4.200000e+01,-1.328000e+02,5.270000e+01,-2.526954e-01,6.822342e-01,1.232474e-01,-3.882579e-01,-2.246611e+02,9.310000e+01,2.610000e+01,-2.847000e+02
5.896001e-02,-2.140000e-02,5.659737e-02,1.158289e-01,1.292275e+01,4.200000e+01,-1.328000e+02,5.270000e+01,-1.764772e-01,5.438342e-01,1.340474e-01,-3.322579e-01,-5.887326e+01,8.040000e+01,-3.535000e+02,-2.941000e+02
5.562346e-02,-1.810000e-02,1.007974e-01,1.024289e-01,1.831594e+01,4.150000e+01,-2.151000e+02,1.094000e+02,-1.086184e-01,6.076342e-01,2.139474e-01,-2.956579e-01,-8.848775e+01,5.820000e+01,-2.014000e+02,-2.397000e+02
4.824288e-02,-1.500000e-02,1.404974e-01,9.282895e-02,3.362794e+01,5.070000e+01,-2.444000e+02,1.413000e+02,1.595374e-01,5.985342e-01,-8.985263e-02,-1.307579e-01,-1.834313e+01,1.678000e+02,-4.270000e+01,-1.283000e+02
2.913509e-02,-1.540000e-02,1.650974e-01,8.742895e-02,4.272581e+01,5.480000e+01,-2.776000e+02,1.720000e+02,2.607091e-01,3.583342e-01,-2.354526e-01,4.664211e-02,1.896596e+01,1.647000e+02,-3.910000e+01,-8.010000e+01
1.498426e-03,-1.650000e-02,1.856974e-01,8.482895e-02,4.675530e+01,5.480000e+01,-3.136000e+02,2.018000e+02,2.858436e-01,1.421342e-01,-2.290526e-01,1.925421e-01,1.600775e+01,1.223000e+02,-7.900000e+01,-7.860000e+01
-3.552599e-02,-1.930000e-02,2.037974e-01,8.282895e-02,4.972769e+01,5.570000e+01,-3.315000e+02,2.177000e+02,3.574665e-01,1.264342e-01,-1.770526e-01,3.077421e-01,8.656589e-03,8.980000e+01,-3.980000e+01,-6.490000e+01
-8.539305e-02,-2.390000e-02,2.078974e-01,8.932895e-02,5.456937e+01,5.660000e+01,-3.649000e+02,2.483000e+02,3.690335e-01,4.273421e-02,-1.706526e-01,3.706421e-01,-8.093669e+00,4.190000e+01,3.020000e+01,-2.170000e+01
-1.434300e-01,-2.960000e-02,2.099974e-01,9.572895e-02,5.456527e+01,5.660000e+01,-3.649000e+02,2.483000e+02,2.737660e-01,2.243421e-02,-1.621526e-01,2.712421e-01,-8.154817e+00,4.190000e+01,3.020000e+01,-2.170000e+01
-2.185690e-01,-3.900000e-02,2.748974e-01,8.242895e-02,6.319317e+00,-2.300000e+00,-4.270000e+02,3.070000e+02,1.457312e-01,3.026342e-01,1.704737e-02,2.914211e-02,1.022882e+01,3.420000e+01,-2.500000e+00,-7.300000e+00
-2.872795e-01,-2.130000e-02,3.784974e-01,4.982895e-02,-3.981415e+01,-5.830000e+01,-4.532000e+02,3.511000e+02,1.604203e-01,6.828342e-01,2.077474e-01,-9.595789e-02,-2.461444e+00,2.390000e+01,9.200000e+00,-1.280000e+01
-2.572308e-01,1.122000e-01,4.567974e-01,3.928947e-03,-1.081321e+02,-1.370000e+02,-4.142000e+02,3.742000e+02,2.495946e-01,6.136342e-01,1.221474e-01,1.684211e-02,8.827203e-01,2.530000e+01,7.000000e+00,-1.040000e+01
-1.019473e-01,3.686000e-01,5.009974e-01,-1.971053e-03,-1.488396e+02,-1.760000e+02,-3.840000e+02,3.476000e+02,2.780357e-01,3.424342e-01,-5.085263e-02,1.400421e-01,2.103973e+00,2.650000e+01,4.800000e+00,-1.040000e+01
6.480897e-02,6.125000e-01,5.540974e-01,9.602895e-02,-9.043410e+01,-1.088000e+02,-2.966000e+02,2.233000e+02,1.129241e-01,1.437342e-01,1.906474e-01,1.304421e-01,-1.523106e+00,2.020000e+01,4.500000e+00,-1.140000e+01
1.941832e-01,7.765000e-01,5.439974e-01,2.754289e-01,1.391510e+02,1.337000e+02,-8.840000e+01,1.295000e+02,8.335761e-02,1.967342e-01,2.709474e-01,9.044211e-02,-9.294723e-01,1.560000e+01,3.300000e+00,-8.600000e+00
2.785398e-01,8.338000e-01,5.870974e-01,3.986289e-01,2.515792e+02,2.702000e+02,2.131000e+02,9.750000e+01,1.009615e-01,2.486342e-01,2.080474e-01,6.164211e-02,-2.443589e+00,1.230000e+01,4.300000e+00,-8.300000e+00
2.701043e-01,7.867000e-01,7.005974e-01,4.301289e-01,1.929986e+02,2.218000e+02,3.375000e+02,1.269000e+02,4.970979e-02,1.195342e-01,1.061474e-01,3.954211e-02,-2.387143e+00,1.160000e+01,5.200000e+00,-7.600000e+00
1.841391e-01,6.824000e-01,7.874974e-01,4.200289e-01,1.388828e+02,1.594000e+02,3.079000e+02,1.645000e+02,3.454547e-02,7.363421e-02,8.804737e-02,4.084211e-02,-3.108735e+00,1.160000e+01,5.800000e+00,-8.300000e+00
9.582109e-02,5.970000e-01,8.379974e-01,3.786289e-01,9.570177e+01,1.055000e+02,2.615000e+02,1.815000e+02,1.852304e-02,2.683421e-02,6.944737e-02,4.174211e-02,-3.463528e+00,1.180000e+01,6.000000e+00,-8.800000e+00
2.409231e-02,5.199000e-01,8.250974e-01,3.480289e-01,9.625445e+01,1.055000e+02,2.615000e+02,1.815000e+02,1.208154e-02,1.943421e-02,6.534737e-02,3.674211e-02,-3.785365e+00,1.140000e+01,6.300000e+00,-8.900000e+00
4.345134e-02,5.242000e-01,8.467974e-01,3.463289e-01,2.261356e+01,4.950000e+01,2.511000e+02,9.000000e+01,1.080204e-02,1.323421e-02,4.894737e-02,3.364211e-02,-3.535321e+00,1.170000e+01,6.300000e+00,-8.800000e+00
-2.698712e-02,4.099000e-01,8.944974e-01,3.524289e-01,-4.249021e+01,1.730000e+01,2.764000e+02,-1.330000e+01,9.954311e-03,1.193421e-02,6.154737e-02,3.684211e-02,-2.965294e+00,1.270000e+01,6.000000e+00,-8.800000e+00
-2.365777e-01,1.261000e-01,9.168974e-01,3.273289e-01,-9.563523e+01,-5.500000e+00,2.803000e+02,-1.066000e+02,8.094330e-03,1.153421e-02,6.134737e-02,3.464211e-02,-3.516872e+00,1.230000e+01,6.900000e+00,-9.000000e+00
-4.715020e-01,-1.625000e-01,8.999974e-01,1.944289e-01,-1.120094e+02,3.900000e+00,2.602000e+02,-1.810000e+02,7.260879e-03,1.143421e-02,4.664737e-02,2.944211e-02,-3.459170e+00,1.260000e+01,7.700000e+00,-8.900000e+00
-6.740216e-01,-3.702000e-01,9.238974e-01,-2.227105e-02,-1.152828e+02,2.250000e+01,2.342000e+02,-2.369000e+02,5.403968e-03,7.534211e-03,4.594737e-02,2.914211e-02,-4.432199e+00,1.280000e+01,7.300000e+00,-1.030000e+01
-7.447768e-01,-4.639000e-01,8.787974e-01,-1.756711e-01,-1.128680e+02,4.020000e+01,2.084000e+02,-2.715000e+02,4.195058e-03,5.534211e-03,4.404737e-02,2.824211e-02,-4.320005e+00,1.150000e+01,7.200000e+00,-9.500000e+00
-6.687513e-01,-4.379000e-01,7.501974e-01,-2.258711e-01,-1.086729e+02,4.980000e+01,1.970000e+02,-2.815000e+02,3.112493e-03,2.234211e-03,4.734737e-02,2.964211e-02,-4.680736e+00,9.500000e+00,6.600000e+00,-9.000000e+00
-5.190481e-01,-3.365000e-01,6.513974e-01,-2.300711e-01,-9.861804e+01,6.590000e+01,1.884000e+02,-2.889000e+02,1.746302e-03,-6.578947e-05,5.254737e-02,3.064211e-02,-5.079963e+00,8.000000e+00,5.700000e+00,-8.900000e+00
-3.693133e-01,-2.481000e-01,5.838974e-01,-1.919711e-01,-8.625302e+01,7.450000e+01,1.875000e+02,-2.798000e+02,9.317935e-04,-1.865789e-03,5.754737e-02,3.194211e-02,-5.760214e+00,5.900000e+00,5.500000e+00,-8.600000e+00
-2.217576e-01,-1.549000e-01,5.093974e-01,-1.402711e-01,-6.773481e+01,8.080000e+01,1.920000e+02,-2.578000e+02,-1.108449e-04,-4.265789e-03,6.124737e-02,3.294211e-02,-7.160499e+00,4.700000e+00,5.100000e+00,-9.700000e+00
-1.730224e-01,-1.568000e-01,3.668974e-01,-9.047105e-02,-4.907765e+01,8.400000e+01,2.009000e+02,-2.335000e+02,-5.665487e-04,-6.065789e-03,6.324737e-02,3.384211e-02,-6.102959e+00,5.500000e+00,4.800000e+00,-9.000000e+00
-1.166367e-01,-1.429000e-01,2.290974e-01,-2.847105e-02,-3.753009e+01,8.290000e+01,2.111000e+02,-2.170000e+02,-9.364141e-04,-7.565789e-03,6.244737e-02,3.394211e-02,-5.605482e+00,7.400000e+00,4.800000e+00,-9.500000e+00
-1.962061e-02,-7.670000e-02,1.282974e-01,4.332895e-02,-3.277865e+01,8.410000e+01,2.160000e+02,-2.128000e+02,-1.048458e-03,-8.865789e-03,6.044737e-02,3.394211e-02,-5.017675e+00,7.800000e+00,5.000000e+00,-9.000000e+00
9.119133e-02,7.500000e-03,7.389737e-02,1.159289e-01,-2.740973e+01,8.790000e+01,2.237000e+02,-2.116000e+02,-5.035624e-04,-1.196579e-02,6.044737e-02,3.624211e-02,-5.200166e+00,9.400000e+00,3.600000e+00,-1.050000e+01
2.019757e-01,9.510000e-02,4.949737e-02,1.874289e-01,-3.026167e+01,9.040000e+01,2.234000e+02,-2.177000e+02,6.350942e-04,-1.186579e-02,5.974737e-02,3.724211e-02,-4.436764e+00,9.600000e+00,1.400000e+00,-1.030000e+01
3.058638e-01,1.824000e-01,5.149737e-02,2.512289e-01,-4.261133e+01,8.670000e+01,2.139000e+02,-2.272000e+02,1.639891e-03,-1.266579e-02,6.164737e-02,3.924211e-02,-3.179598e+00,8.900000e+00,-4.000000e-01,-8.900000e+00
3.913284e-01,2.608000e-01,6.719737e-02,3.021289e-01,-6.117941e+01,8.080000e+01,1.963000e+02,-2.391000e+02,3.739886e-03,-1.296579e-02,6.244737e-02,4.194211e-02,-3.701314e+00,5.500000e+00,-3.200000e+00,-8.300000e+00
4.494306e-01,3.298000e-01,7.679737e-02,3.371289e-01,-8.245241e+01,8.130000e+01,1.680000e+02,-2.529000e+02,6.083055e-03,-1.256579e-02,6.424737e-02,4.474211e-02,-2.595184e+00,4.000000e+00,-7.400000e+00,-7.200000e+00
4.930042e-01,4.113000e-01,7.729737e-02,3.607289e-01,-1.036907e+02,8.230000e+01,1.313000e+02,-2.610000e+02,8.605769e-03,-1.186579e-02,6.714737e-02,4.784211e-02,-2.734781e+00,2.400000e+00,-9.600000e+00,-7.000000e+00
5.368751e-01,5.274000e-01,8.059737e-02,3.753289e-01,-1.125372e+02,7.860000e+01,1.167000e+02,-2.618000e+02,1.205390e-02,-1.176579e-02,7.114737e-02,5.264211e-02,-2.562130e+00,6.000000e-01,-1.300000e+01,-6.600000e+00
5.710390e-01,6.860000e-01,7.659737e-02,3.732289e-01,-1.278251e+02,5.590000e+01,1.007000e+02,-2.595000e+02,1.611535e-02,-1.026579e-02,7.514737e-02,5.734211e-02,-2.306376e+00,-1.000000e+00,-1.720000e+01,-6.400000e+00
5.517219e-01,8.587000e-01,3.579737e-02,3.358289e-01,-1.289374e+02,3.110000e+01,9.760000e+01,-2.468000e+02,2.064693e-02,-9.665789e-03,8.284737e-02,6.404211e-02,-1.360004e+00,-2.900000e+00,-2.350000e+01,-5.700000e+00
4.763119e-01,1.018300e+00,-3.810263e-02,2.684289e-01,-1.211884e+02,6.100000e+00,9.190000e+01,-2.218000e+02,2.608935e-02,-8.765789e-03,9.034737e-02,7.164211e-02,-2.295119e+00,-6.200000e+00,-2.870000e+01,-6.100000e+00
3.642669e-01,1.178900e+00,-1.341026e-01,1.728289e-01,-1.193072e+02,-2.410000e+01,6.530000e+01,-1.887000e+02,3.168296e-02,-5.765789e-03,9.514737e-02,7.754211e-02,-5.106616e+00,-1.160000e+01,-3.620000e+01,-8.000000e+00
2.251008e-01,1.350100e+00,-2.466026e-01,4.742895e-02,-1.186172e+02,-5.340000e+01,3.600000e+01,-1.565000e+02,3.695660e-02,-4.465789e-03,9.814737e-02,8.374211e-02,-6.907871e+00,-1.450000e+01,-4.380000e+01,-1.020000e+01
5.732437e-02,1.517400e+00,-3.867026e-01,-1.000711e-01,-1.074943e+02,-6.320000e+01,1.290000e+01,-1.230000e+02,4.248433e-02,-5.365789e-03,9.654737e-02,9.064211e-02,-7.286629e+00,-1.590000e+01,-4.860000e+01,-1.090000e+01
-1.238109e-01,1.677600e+00,-5.416026e-01,-2.538711e-01,-9.922583e+01,-5.880000e+01,2.700000e+00,-1.070000e+02,4.662065e-02,-4.765789e-03,9.544737e-02,9.524211e-02,-7.295645e+00,-1.970000e+01,-5.660000e+01,-1.040000e+01
-2.926198e-01,1.830700e+00,-6.855026e-01,-4.074711e-01,-7.863953e+01,-4.110000e+01,-1.340000e+01,-7.600000e+01,4.981571e-02,-4.565789e-03,9.534737e-02,9.944211e-02,-4.980292e+00,-2.150000e+01,-6.410000e+01,-8.200000e+00
-4.501772e-01,1.954100e+00,-8.162026e-01,-5.612711e-01,-5.445121e+01,-2.820000e+01,-2.740000e+01,-4.060000e+01,5.446429e-02,-4.065789e-03,9.264737e-02,1.048421e-01,-7.815822e-01,-2.060000e+01,-7.250000e+01,-5.700000e+00
-6.012034e-01,2.022800e+00,-9.462026e-01,-7.099711e-01,-3.173682e+01,-1.780000e+01,-4.490000e+01,-4.100000e+00,5.976820e-02,-1.865789e-03,9.494737e-02,1.115421e-01,4.121978e+00,-1.750000e+01,-8.270000e+01,-4.300000e+00
-7.308015e-01,2.025500e+00,-1.060803e+00,-8.408711e-01,-8.571497e+00,-4.800000e+00,-6.170000e+01,3.150000e+01,6.470250e-02,-1.465789e-03,9.584737e-02,1.192421e-01,7.931311e+00,-1.680000e+01,-9.550000e+01,-3.300000e+00
-8.078021e-01,2.003300e+00,-1.117203e+00,-9.678711e-01,2.186302e+01,4.500000e+00,-9.160000e+01,8.580000e+01,6.862730e-02,-2.465789e-03,9.064737e-02,1.257421e-01,7.748710e+00,-1.880000e+01,-1.041000e+02,-4.300000e+00
-8.508219e-01,1.872100e+00,-1.168003e+00,-1.045271e+00,2.667696e+01,-3.510000e+01,-1.240000e+02,1.276000e+02,7.613002e-02,-2.765789e-03,8.154737e-02,1.364421e-01,4.599657e+00,-2.480000e+01,-1.222000e+02,-8.700000e+00
-6.561553e-01,1.544800e+00,-1.114003e+00,-8.850711e-01,-4.959612e+01,-8.710000e+01,-3.197000e+02,1.788000e+02,8.913914e-02,-8.165789e-03,6.194737e-02,1.574421e-01,3.287697e-01,-3.230000e+01,-1.427000e+02,-1.410000e+01
-2.952435e-01,1.378500e+00,-8.616026e-01,-6.507711e-01,-8.512682e+00,-3.330000e+01,-3.024000e+02,1.939000e+02,9.978488e-02,-1.266579e-02,3.304737e-02,1.752421e-01,1.449236e+00,-2.790000e+01,-1.745000e+02,-2.550000e+01
3.447729e-02,1.397000e+00,-6.018026e-01,-4.973711e-01,7.649044e+00,-9.540000e+01,-1.898000e+02,1.821000e+02,1.057770e-01,-1.346579e-02,-1.252632e-03,1.863421e-01,-1.041667e+01,-3.350000e+01,-2.065000e+02,-4.640000e+01
2.174350e-01,1.437000e+00,-5.470026e-01,-3.417711e-01,7.740061e+00,-9.530000e+01,-8.000000e+00,7.630000e+01,1.099099e-01,-1.836579e-02,-4.365263e-02,2.030421e-01,-2.789428e+01,-4.150000e+01,-2.419000e+02,-7.450000e+01
2.677940e-01,1.281100e+00,-5.162026e-01,-1.978711e-01,4.360892e+01,-2.430000e+01,3.570000e+01,5.340000e+01,1.066538e-01,-2.816579e-02,-9.255263e-02,2.231421e-01,-3.781003e+01,-3.730000e+01,-2.821000e+02,-1.063000e+02
3.072695e-01,1.043800e+00,-3.968026e-01,-6.247105e-02,4.555800e+01,-5.600000e+00,2.690000e+01,4.870000e+01,9.065379e-02,-4.216579e-02,-1.414526e-01,2.411421e-01,-4.049668e+01,-3.230000e+01,-3.018000e+02,-1.227000e+02
3.806714e-01,8.738000e-01,-2.244026e-01,4.802895e-02,3.426471e+01,-2.300000e+00,1.710000e+01,3.710000e+01,5.216898e-02,-6.006579e-02,-1.826526e-01,2.494421e-01,-4.944118e+01,-2.940000e+01,-3.418000e+02,-1.543000e+02
4.342098e-01,7.304000e-01,-1.056026e-01,1.458289e-01,4.300891e+00,-9.000000e+00,1.400000e+00,1.070000e+01,-2.253189e-03,-7.626579e-02,-1.993526e-01,2.596421e-01,-6.297540e+01,-3.800000e+01,-3.876000e+02,-1.808000e+02
4.733530e-01,5.567000e-01,-4.360263e-02,2.769289e-01,9.060182e+00,1.800000e+00,1.180000e+01,4.500000e+00,-7.507099e-02,-9.246579e-02,-1.838526e-01,2.690421e-01,-7.315865e+01,-4.950000e+01,-4.244000e+02,-1.931000e+02
5.765680e-01,5.017000e-01,9.569737e-02,3.749289e-01,1.251647e+01,1.090000e+01,1.410000e+01,1.900000e+00,-1.668610e-01,-1.116658e-01,-1.968526e-01,2.693421e-01,-7.584757e+01,-4.970000e+01,-4.729000e+02,-2.135000e+02
5.691395e-01,6.279000e-01,1.315974e-01,2.652289e-01,4.988195e+00,1.020000e+01,9.000000e+00,-4.800000e+00,-2.730494e-01,-1.244658e-01,-2.976526e-01,2.405421e-01,-5.375570e+01,-1.230000e+01,-5.056000e+02,-2.578000e+02
3.659175e-01,5.802000e-01,-2.450263e-02,1.134289e-01,9.199087e+00,1.170000e+01,1.090000e+01,-1.300000e+00,-3.648511e-01,-1.034658e-01,-4.113526e-01,2.082421e-01,-3.660077e+01,1.770000e+01,-5.141000e+02,-3.018000e+02
1.567973e-01,3.454000e-01,-1.562026e-01,6.222895e-02,8.623667e+00,8.400000e+00,1.030000e+01,4.000000e-01,-3.643322e-01,3.163421e-02,-4.982526e-01,1.718421e-01,5.761065e+01,1.127000e+02,-5.646000e+02,-2.999000e+02
3.047884e-02,9.270000e-02,-7.180263e-02,1.742895e-02,7.980896e+00,6.300000e+00,9.200000e+00,1.500000e+00,-2.250425e-01,3.093342e-01,-5.364526e-01,1.525421e-01,9.785484e+01,1.485000e+02,-6.382000e+02,-2.203000e+02
2.520721e-02,3.240000e-02,3.829737e-02,-7.871053e-03,6.052388e+00,2.800000e+00,9.300000e+00,1.200000e+00,-2.707886e-02,5.918342e-01,-4.829526e-01,1.940421e-01,2.096358e+01,5.210000e+01,-3.942000e+02,-1.216000e+02
3.790736e-02,6.480000e-02,6.089737e-02,-2.407105e-02,6.056594e+00,2.800000e+00,9.300000e+00,1.200000e+00,2.200365e-01,8.452342e-01,-4.476526e-01,2.974421e-01,-1.846673e+02,-1.850000e+02,-1.270000e+01,-1.000000e-01
1.666558e-02,4.800000e-02,2.999737e-02,-2.467105e-02,3.605407e+00,1.000000e+00,6.000000e+00,9.000000e-01,4.015328e-01,9.810342e-01,-5.843526e-01,3.392421e-01,-1.339652e+02,-1.627000e+02,2.747000e+02,1.890000e+01
6.153447e-03,1.460000e-02,3.929737e-02,-2.167105e-02,3.607378e+00,1.000000e+00,6.000000e+00,9.000000e-01,4.469330e-01,9.734342e-01,-7.475526e-01,3.682421e-01,8.685447e+00,-3.680000e+01,4.210000e+02,-7.480000e+01
1.437374e-02,8.500000e-03,7.559737e-02,-2.617105e-02,4.979554e+00,3.800000e+00,5.000000e+00,1.400000e+00,3.397172e-01,8.285342e-01,-8.413526e-01,3.533421e-01,3.162979e+01,-7.400000e+00,3.803000e+02,-9.820000e+01
7.658868e-03,-1.100000e-03,6.149737e-02,-2.137105e-02,4.982337e+00,3.800000e+00,5.000000e+00,1.400000e+00,1.785135e-01,6.523342e-01,-8.481526e-01,3.255421e-01,-1.658546e+01,-3.380000e+01,2.189000e+02,-1.046000e+02
9.552835e-03,-5.000000e-04,5.869737e-02,-1.787105e-02,4.984970e+00,3.800000e+00,5.000000e+00,1.400000e+00,1.106223e-01,5.600342e-01,-7.505526e-01,3.155421e-01,-9.987996e+01,-1.067000e+02,1.171000e+02,-8.360000e+01
1.060157e-02,2.000000e-04,5.749737e-02,-1.637105e-02,4.987516e+00,3.800000e+00,5.000000e+00,1.400000e+00,1.171101e-01,5.367342e-01,-6.764526e-01,3.111421e-01,-1.189574e+02,-1.320000e+02,1.006000e+02,-3.620000e+01
9.358494e-03,1.900000e-03,4.689737e-02,-1.357105e-02,9.104459e+00,1.220000e+01,3.400000e+00,2.200000e+00,6.751940e-02,4.431342e-01,-6.526526e-01,3.145421e-01,-4.781599e+01,-8.170000e+01,1.882000e+02,8.800000e+00
8.875979e-03,-5.000000e-04,4.489737e-02,-1.167105e-02,1.056303e+01,1.230000e+01,4.400000e+00,3.500000e+00,-1.248484e-01,1.938342e-01,-6.806526e-01,2.950421e-01,3.872843e+01,-1.990000e+01,2.730000e+02,7.140000e+01
8.017569e-03,2.000000e-04,4.539737e-02,-1.357105e-02,1.081689e+01,9.800000e+00,4.100000e+00,5.600000e+00,-3.644294e-01,-9.006579e-02,-7.712526e-01,2.093421e-01,7.899270e+01,2.000000e+00,2.955000e+02,1.309000e+02
7.084684e-03,9.000000e-04,4.589737e-02,-1.557105e-02,1.081857e+01,9.800000e+00,4.100000e+00,5.600000e+00,-6.059215e-01,-3.616658e-01,-8.055526e-01,5.694211e-02,9.776966e+01,1.170000e+01,3.072000e+02,1.570000e+02
5.485516e-03,-9.000000e-04,5.119737e-02,-1.937105e-02,9.643849e+00,3.500000e+00,4.900000e+00,7.700000e+00,-7.046895e-01,-5.208658e-01,-6.512526e-01,-3.395789e-02,9.539966e+01,-1.050000e+01,3.054000e+02,2.057000e+02
3.765392e-03,-2.800000e-03,5.649737e-02,-2.327105e-02,9.643911e+00,3.500000e+00,4.900000e+00,7.700000e+00,-6.874629e-01,-5.437658e-01,-4.827526e-01,-1.155579e-01,7.942010e+01,-4.500000e+01,2.981000e+02,2.423000e+02
4.050914e-03,-3.900000e-03,6.799737e-02,-2.827105e-02,1.009316e+01,-6.100000e+00,8.400000e+00,1.260000e+01,-5.419154e-01,-4.288658e-01,-4.131526e-01,-1.426579e-01,6.437499e+01,-7.050000e+01,2.809000e+02,2.585000e+02
4.293806e-03,-5.100000e-03,7.959737e-02,-3.327105e-02,1.009238e+01,-6.100000e+00,8.400000e+00,1.260000e+01,-3.510800e-01,-2.625658e-01,-4.029526e-01,-1.418579e-01,5.154726e+01,-8.560000e+01,2.641000e+02,2.578000e+02
2.888333e-03,-4.500000e-03,8.459737e-02,-3.777105e-02,1.132527e+01,-1.640000e+01,1.260000e+01,1.860000e+01,-2.158576e-01,-1.569658e-01,-3.985526e-01,-1.312579e-01,4.081718e+01,-9.240000e+01,2.684000e+02,2.496000e+02
1.427546e-03,-3.900000e-03,8.959737e-02,-4.227105e-02,1.132308e+01,-1.640000e+01,1.260000e+01,1.860000e+01,-1.623309e-01,-1.404658e-01,-3.365526e-01,-1.107579e-01,3.561966e+01,-9.470000e+01,2.739000e+02,2.454000e+02
4.592303e-04,-2.600000e-03,8.819737e-02,-4.307105e-02,1.068301e+01,-2.080000e+01,1.430000e+01,1.970000e+01,-1.474516e-01,-1.631658e-01,-2.397526e-01,-8.125789e-02,2.333605e+01,-1.037000e+02,2.823000e+02,2.391000e+02
-5.704052e-04,-1.500000e-03,8.299737e-02,-4.187105e-02,1.028421e+01,-2.050000e+01,1.410000e+01,1.910000e+01,-1.201461e-01,-1.631658e-01,-1.408526e-01,-4.255789e-02,1.453424e+01,-1.091000e+02,2.835000e+02,2.318000e+02
-1.045938e-03,-1.000000e-03,7.349737e-02,-3.747105e-02,1.033416e+01,-1.880000e+01,1.310000e+01,1.860000e+01,-5.674968e-02,-1.164658e-01,-7.235263e-02,7.342105e-03,1.276054e+01,-1.069000e+02,2.798000e+02,2.251000e+02
-6.977018e-04,-9.000000e-04,6.469737e-02,-3.227105e-02,9.646982e+00,-1.560000e+01,1.150000e+01,1.650000e+01,3.903580e-02,-3.716579e-02,-4.005263e-02,7.454211e-02,1.636422e+01,-1.092000e+02,2.750000e+02,2.292000e+02
-3.205518e-04,-2.200000e-03,5.059737e-02,-2.367105e-02,9.664974e+00,-1.120000e+01,8.400000e+00,1.530000e+01,1.652427e-01,6.163421e-02,-5.265263e-02,1.616421e-01,2.879980e+01,-1.036000e+02,2.689000e+02,2.380000e+02
-5.898480e-05,-2.800000e-03,3.309737e-02,-1.417105e-02,9.470490e+00,-4.400000e+00,4.300000e+00,1.280000e+01,3.025395e-01,1.786342e-01,-8.135263e-02,2.573421e-01,4.691424e+01,-9.730000e+01,2.632000e+02,2.540000e+02
1.186066e-03,-2.400000e-03,1.519737e-02,-3.971053e-03,7.941919e+00,1.800000e+00,-1.700000e+00,9.900000e+00,4.194096e-01,2.999342e-01,-1.018526e-01,3.446421e-01,6.786534e+01,-8.080000e+01,2.477000e+02,2.624000e+02
2.975505e-03,-2.100000e-03,5.973684e-04,5.328947e-03,9.681545e+00,8.300000e+00,-4.900000e+00,9.600000e+00,5.019276e-01,4.021342e-01,-1.029526e-01,4.251421e-01,9.728082e+01,-7.190000e+01,2.098000e+02,2.738000e+02
6.455841e-03,-9.000000e-04,-4.902632e-03,1.172895e-02,9.748647e+00,1.070000e+01,-7.600000e+00,9.500000e+00,5.710268e-01,5.137342e-01,-9.755263e-02,5.023421e-01,1.206247e+02,-7.070000e+01,1.676000e+02,2.780000e+02
1.186754e-02,-2.700000e-03,-3.702632e-03,1.922895e-02,1.584794e+01,1.820000e+01,-1.010000e+01,1.380000e+01,6.318437e-01,6.792342e-01,-9.605263e-02,5.602421e-01,1.298020e+02,-4.850000e+01,1.498000e+02,2.695000e+02
1.703251e-02,-3.000000e-03,1.197368e-03,2.362895e-02,1.951755e+01,1.960000e+01,-1.480000e+01,2.000000e+01,6.466059e-01,8.870342e-01,-7.635263e-02,5.733421e-01,1.230346e+02,-4.900000e+00,1.436000e+02,2.418000e+02
2.160278e-02,-1.100000e-03,1.049737e-02,2.362895e-02,2.269816e+01,2.000000e+01,-2.080000e+01,2.690000e+01,5.910364e-01,1.091934e+00,-3.165263e-02,5.222421e-01,9.761889e+01,4.660000e+01,1.226000e+02,1.819000e+02
2.582660e-02,-1.100000e-03,2.399737e-02,2.232895e-02,2.820373e+01,2.250000e+01,-2.350000e+01,3.380000e+01,4.627560e-01,1.284234e+00,2.744737e-02,3.996421e-01,7.889537e+01,7.200000e+01,1.044000e+02,1.412000e+02
2.893033e-02,-3.000000e-04,2.999737e-02,2.292895e-02,3.029006e+01,2.430000e+01,-2.910000e+01,3.820000e+01,2.884800e-01,1.481434e+00,1.036474e-01,2.136421e-01,3.911968e+01,1.029000e+02,6.020000e+01,5.980000e+01
3.256731e-02,2.300000e-03,3.529737e-02,2.342895e-02,3.142914e+01,2.570000e+01,-3.170000e+01,4.010000e+01,7.047953e-02,1.694734e+00,2.232474e-01,-1.555789e-02,1.238003e+01,1.046000e+02,3.060000e+01,1.050000e+01
3.695703e-02,-2.000000e-04,4.349737e-02,2.712895e-02,2.940623e+01,2.550000e+01,-3.810000e+01,4.090000e+01,-1.903921e-01,1.896234e+00,3.888474e-01,-2.640579e-01,1.139909e+01,7.170000e+01,2.490000e+01,1.260000e+01
4.035489e-02,-5.000000e-04,3.999737e-02,3.432895e-02,2.313203e+01,2.520000e+01,-4.870000e+01,3.830000e+01,-4.666356e-01,2.083534e+00,5.696474e-01,-5.165579e-01,3.427912e+01,3.470000e+01,8.900000e+00,3.750000e+01
4.162811e-02,-1.000000e-03,3.339737e-02,4.082895e-02,1.618527e+01,2.670000e+01,-6.050000e+01,3.410000e+01,-7.196952e-01,2.224134e+00,7.173474e-01,-7.765579e-01,5.406702e+01,3.790000e+01,-4.200000e+01,3.240000e+01
4.539762e-02,-7.700000e-03,3.169737e-02,5.342895e-02,9.107934e+00,2.860000e+01,-7.480000e+01,3.070000e+01,-9.331582e-01,2.295934e+00,8.252474e-01,-1.029558e+00,3.537063e+01,5.400000e+01,-7.400000e+01,-9.200000e+00
4.731874e-02,-8.100000e-03,2.799737e-02,6.072895e-02,5.231785e+00,2.930000e+01,-9.050000e+01,3.330000e+01,-1.087193e+00,2.299434e+00,9.288474e-01,-1.238758e+00,4.553008e+01,7.880000e+01,-1.254000e+02,-2.950000e+01
4.732503e-02,-4.600000e-03,2.169737e-02,6.472895e-02,8.730800e+00,3.570000e+01,-1.056000e+02,4.130000e+01,-1.172876e+00,2.263234e+00,1.019747e+00,-1.380358e+00,1.857598e+01,5.410000e+01,-1.359000e+02,-5.970000e+01
4.552305e-02,-1.150000e-02,2.369737e-02,7.132895e-02,9.598619e+00,3.860000e+01,-1.135000e+02,4.450000e+01,-1.176334e+00,2.181434e+00,1.100347e+00,-1.387958e+00,-2.895800e+00,-4.010000e+01,-1.007000e+02,-4.140000e+01
5.407720e-02,-8.300000e-03,3.129737e-02,8.302895e-02,1.593147e+01,4.590000e+01,-1.307000e+02,5.700000e+01,-8.682366e-01,1.887834e+00,9.261474e-01,-1.053458e+00,-1.564522e+02,-3.830000e+01,3.840000e+01,-1.503000e+02
5.887816e-02,-1.760000e-02,5.809737e-02,9.302895e-02,8.275251e+00,3.770000e+01,-1.594000e+02,6.980000e+01,-5.158661e-01,1.261934e+00,5.942474e-01,-7.030579e-01,-1.539126e+02,7.170000e+01,-1.064000e+02,-2.530000e+02
6.084739e-02,-1.280000e-02,8.969737e-02,8.702895e-02,9.102422e+00,3.280000e+01,-1.914000e+02,9.470000e+01,-3.527301e-01,8.616342e-01,4.328474e-01,-5.766579e-01,3.316633e+00,4.220000e+01,-4.197000e+02,-2.072000e+02
6.108545e-02,-7.500000e-03,1.302974e-01,7.762895e-02,2.664812e+01,4.320000e+01,-2.151000e+02,1.256000e+02,-2.480067e-01,8.482342e-01,3.678474e-01,-5.841579e-01,2.879401e+00,4.530000e+01,-3.683000e+02,-1.856000e+02
5.584267e-02,-6.100000e-03,1.759974e-01,6.932895e-02,3.843986e+01,4.640000e+01,-2.477000e+02,1.613000e+02,2.031640e-02,8.594342e-01,1.459474e-01,-4.020579e-01,5.163997e+01,1.972000e+02,-1.344000e+02,-1.051000e+02
4.357585e-02,-8.800000e-03,2.242974e-01,6.602895e-02,4.362416e+01,4.360000e+01,-2.822000e+02,1.954000e+02,2.102614e-01,7.180342e-01,5.354737e-02,-1.276579e-01,1.523916e+01,1.150000e+02,1.360000e+01,-4.290000e+01
2.442532e-02,-7.900000e-03,2.649974e-01,5.912895e-02,4.352944e+01,4.360000e+01,-2.822000e+02,1.954000e+02,3.948549e-01,6.105342e-01,-6.452632e-03,1.335421e-01,1.546623e+01,1.150000e+02,1.360000e+01,-4.290000e+01
-1.120842e-02,-7.700000e-03,2.780974e-01,6.332895e-02,5.100038e+01,4.140000e+01,-3.340000e+02,2.469000e+02,4.799321e-01,4.784342e-01,-8.275263e-02,2.839421e-01,-1.477758e+01,1.000000e+01,-4.900000e+00,-2.530000e+01
-6.587857e-02,-1.750000e-02,2.872974e-01,7.242895e-02,5.234601e+01,4.200000e+01,-3.655000e+02,2.688000e+02,5.419311e-01,3.476342e-01,-2.322526e-01,3.835421e-01,8.627421e+00,1.300000e+01,2.800000e+00,3.800000e+00
-1.250932e-01,-2.090000e-02,3.376974e-01,6.972895e-02,2.146471e+01,-2.700000e+00,-3.895000e+02,3.061000e+02,5.299765e-01,1.866342e-01,-3.474526e-01,4.231421e-01,7.337537e+00,6.400000e+00,-6.500000e+00,2.900000e+00
-2.024515e-01,-2.470000e-02,4.366974e-01,5.332895e-02,-2.145898e+01,-6.240000e+01,-4.132000e+02,3.567000e+02,3.260355e-01,2.650342e-01,-1.927526e-01,1.834421e-01,-1.963920e+00,-1.110000e+01,-1.800000e+00,3.500000e+00
-2.462010e-01,3.110000e-02,5.487974e-01,3.492895e-02,-6.847515e+01,-1.275000e+02,-4.014000e+02,4.066000e+02,2.632670e-01,6.511342e-01,6.254737e-02,-3.095789e-02,-2.195959e+00,-1.350000e+01,1.500000e+00,5.800000e+00
-1.976906e-01,1.866000e-01,6.069974e-01,6.402895e-02,-1.053132e+02,-1.588000e+02,-3.936000e+02,3.735000e+02,3.459286e-01,7.823342e-01,1.125474e-01,7.942105e-03,2.068548e+00,-9.900000e+00,-3.300000e+00,7.200000e+00
-1.887454e-02,4.558000e-01,6.500974e-01,1.600289e-01,-1.033814e+02,-1.468000e+02,-3.035000e+02,3.021000e+02,3.982064e-01,5.260342e-01,4.314737e-02,1.976421e-01,-2.078704e-01,-1.060000e+01,-2.100000e+00,5.300000e+00
1.871995e-01,6.872000e-01,6.794974e-01,3.249289e-01,1.150123e+02,9.900000e+01,-7.560000e+01,1.429000e+02,2.490057e-01,2.553342e-01,1.075474e-01,1.996421e-01,-7.857522e-01,-1.250000e+01,-3.100000e+00,5.400000e+00
3.038534e-01,7.670000e-01,7.236974e-01,4.166289e-01,2.351785e+02,2.468000e+02,2.098000e+02,7.570000e+01,1.570581e-01,1.877342e-01,5.804737e-02,1.101421e-01,-1.781438e+00,-1.420000e+01,-3.200000e+00,5.200000e+00
2.716853e-01,6.963000e-01,8.115974e-01,4.240289e-01,1.659317e+02,1.827000e+02,3.323000e+02,1.110000e+02,6.318508e-02,1.151342e-01,1.284737e-02,2.264211e-02,-2.827274e+00,-1.560000e+01,-3.200000e+00,4.800000e+00
1.389131e-01,5.584000e-01,8.972974e-01,3.992289e-01,1.070310e+02,1.067000e+02,2.878000e+02,1.708000e+02,4.022267e-02,6.833421e-02,-2.065263e-02,1.034211e-02,-3.501528e+00,-1.440000e+01,-3.700000e+00,3.100000e+00
2.426004e-02,4.697000e-01,9.471974e-01,3.496289e-01,7.866518e+01,6.000000e+01,2.086000e+02,1.995000e+02,1.031624e-02,1.153421e-02,5.647368e-03,1.764211e-02,-3.885656e+00,-1.190000e+01,-3.800000e+00,1.100000e+00
-4.268551e-02,4.266000e-01,9.487974e-01,3.082289e-01,6.860539e+01,4.890000e+01,1.913000e+02,1.899000e+02,1.394892e-02,2.753421e-02,-1.005263e-02,6.342105e-03,-4.477047e+00,-8.500000e+00,-2.200000e+00,-1.100000e+00
-5.006045e-02,4.216000e-01,9.155974e-01,2.809289e-01,5.668377e+01,5.440000e+01,1.789000e+02,1.244000e+02,1.112766e-02,1.623421e-02,-5.045263e-02,-5.357895e-03,-4.183194e+00,-5.500000e+00,-2.800000e+00,-2.800000e+00
-6.270577e-02,3.853000e-01,8.853974e-01,2.574289e-01,1.647209e+01,4.840000e+01,2.004000e+02,3.150000e+01,9.641526e-03,1.363421e-02,-4.955263e-02,-5.457895e-03,-5.143201e+00,-3.800000e+00,-1.900000e+00,-4.700000e+00
-2.032825e-01,2.346000e-01,9.092974e-01,2.009289e-01,1.681491e+01,4.840000e+01,2.004000e+02,3.150000e+01,6.701079e-03,1.273421e-02,-3.855263e-02,-4.357895e-03,-1.001198e+01,-2.700000e+00,1.630000e+01,-4.600000e+00
-4.739912e-01,-6.820000e-02,9.081974e-01,7.092895e-02,-9.114769e+01,2.600000e+00,2.017000e+02,-1.357000e+02,3.954695e-03,1.143421e-02,-4.455263e-02,-9.357895e-03,-4.247853e+00,-8.000000e-01,-1.200000e+00,-5.200000e+00
-7.296945e-01,-3.315000e-01,8.893974e-01,-1.333711e-01,-1.015627e+02,2.210000e+01,1.864000e+02,-2.062000e+02,2.432178e-03,1.173421e-02,-4.765263e-02,-1.275789e-02,-3.930551e+00,5.000000e-01,-1.400000e+00,-5.700000e+00
-8.019312e-01,-4.311000e-01,8.434974e-01,-2.667711e-01,-1.028391e+02,4.920000e+01,1.741000e+02,-2.643000e+02,3.516413e-04,9.634211e-03,-4.595263e-02,-1.355789e-02,-4.489011e+00,3.000000e-01,-2.000000e+00,-6.500000e+00
-7.007712e-01,-3.738000e-01,7.500974e-01,-3.156711e-01,-1.054030e+02,5.620000e+01,1.668000e+02,-2.836000e+02,6.245408e-04,1.243421e-02,-4.865263e-02,-1.615789e-02,-3.250116e+00,8.000000e-01,-1.500000e+00,-5.100000e+00
-5.309747e-01,-2.405000e-01,6.728974e-01,-3.330711e-01,-1.136786e+02,5.570000e+01,1.490000e+02,-3.006000e+02,9.276154e-04,1.423421e-02,-4.725263e-02,-1.655789e-02,-2.731674e+00,6.000000e-01,-1.400000e+00,-4.300000e+00
-3.799001e-01,-1.352000e-01,6.220974e-01,-3.188711e-01,-1.171283e+02,5.210000e+01,1.400000e+02,-3.016000e+02,1.342887e-03,1.753421e-02,-4.235263e-02,-1.645789e-02,-2.221892e+00,8.000000e-01,-1.400000e+00,-3.800000e+00
-2.590418e-01,-6.330000e-02,5.530974e-01,-2.887711e-01,-1.072542e+02,6.060000e+01,1.398000e+02,-2.969000e+02,1.622223e-03,1.943421e-02,-3.805263e-02,-1.585789e-02,-2.744762e+00,4.000000e-01,-6.000000e-01,-3.900000e+00
-1.794278e-01,-2.760000e-02,4.647974e-01,-2.548711e-01,-9.431012e+01,6.760000e+01,1.459000e+02,-2.859000e+02,1.368990e-03,2.073421e-02,-3.245263e-02,-1.505789e-02,-2.708710e+00,-3.000000e-01,-1.100000e+00,-3.600000e+00
-1.139936e-01,7.800000e-03,3.643974e-01,-2.171711e-01,-8.977617e+01,5.720000e+01,1.587000e+02,-2.685000e+02,1.667430e-04,2.123421e-02,-2.905263e-02,-1.575789e-02,-2.582611e+00,5.000000e-01,-1.200000e+00,-4.000000e+00
-5.171742e-02,5.540000e-02,2.637974e-01,-1.771711e-01,-8.547681e+01,4.830000e+01,1.646000e+02,-2.530000e+02,-2.762067e-04,2.093421e-02,-2.795263e-02,-1.585789e-02,-2.612935e+00,8.000000e-01,-1.100000e+00,-4.200000e+00
3.663371e-02,1.436000e-01,1.838974e-01,-1.304711e-01,-8.491043e+01,4.000000e+01,1.768000e+02,-2.478000e+02,3.596539e-04,2.143421e-02,-2.665263e-02,-1.505789e-02,-2.349866e+00,1.600000e+00,-1.900000e+00,-4.700000e+00
1.263787e-01,2.286000e-01,1.473974e-01,-7.967105e-02,-7.715729e+01,4.410000e+01,1.830000e+02,-2.436000e+02,-1.262230e-04,2.153421e-02,-2.525263e-02,-1.535789e-02,-2.137152e+00,1.900000e+00,-1.800000e+00,-4.600000e+00
2.185109e-01,3.162000e-01,1.327974e-01,-2.467105e-02,-7.560836e+01,4.820000e+01,1.822000e+02,-2.455000e+02,-7.148788e-05,2.093421e-02,-2.635263e-02,-1.545789e-02,-2.780699e+00,2.600000e+00,-1.600000e+00,-5.800000e+00
3.078389e-01,4.082000e-01,1.213974e-01,3.362895e-02,-7.793516e+01,5.240000e+01,1.804000e+02,-2.522000e+02,7.708227e-04,2.113421e-02,-2.735263e-02,-1.505789e-02,-2.905745e+00,3.100000e+00,-2.400000e+00,-6.600000e+00
3.766926e-01,4.925000e-01,1.030974e-01,8.672895e-02,-7.605930e+01,6.680000e+01,1.731000e+02,-2.580000e+02,1.674590e-03,1.993421e-02,-2.895263e-02,-1.385789e-02,-2.546024e+00,4.500000e+00,-1.900000e+00,-6.900000e+00
4.273816e-01,5.685000e-01,9.559737e-02,1.279289e-01,-6.964120e+01,8.420000e+01,1.633000e+02,-2.571000e+02,3.000595e-03,1.803421e-02,-3.215263e-02,-1.225789e-02,-2.843062e+00,4.700000e+00,-3.700000e+00,-8.100000e+00
4.656809e-01,6.524000e-01,9.959737e-02,1.522289e-01,-6.592759e+01,8.900000e+01,1.582000e+02,-2.525000e+02,4.793666e-03,1.663421e-02,-3.555263e-02,-1.045789e-02,-4.245571e+00,5.000000e+00,-4.800000e+00,-1.050000e+01
4.883192e-01,7.483000e-01,1.002974e-01,1.611289e-01,-6.442259e+01,8.720000e+01,1.435000e+02,-2.398000e+02,7.456121e-03,1.623421e-02,-3.855263e-02,-8.057895e-03,-4.338888e+00,6.000000e+00,-6.100000e+00,-1.180000e+01
4.836229e-01,8.494000e-01,7.759737e-02,1.574289e-01,-6.508135e+01,7.270000e+01,1.307000e+02,-2.233000e+02,1.057145e-02,1.643421e-02,-4.015263e-02,-4.957895e-03,-4.630143e+00,6.900000e+00,-9.300000e+00,-1.400000e+01
4.470873e-01,9.518000e-01,3.439737e-02,1.363289e-01,-6.714926e+01,6.220000e+01,1.178000e+02,-2.111000e+02,1.441464e-02,1.713421e-02,-4.015263e-02,-6.578947e-04,-5.145464e+00,7.000000e+00,-1.050000e+01,-1.520000e+01
3.863529e-01,1.056800e+00,-1.380263e-02,9.382895e-02,-7.525726e+01,5.090000e+01,9.730000e+01,-2.010000e+02,1.834148e-02,1.883421e-02,-3.995263e-02,3.142105e-03,-6.778722e+00,5.000000e+00,-1.310000e+01,-1.690000e+01
2.989295e-01,1.164300e+00,-7.870263e-02,2.702895e-02,-8.639906e+01,2.030000e+01,6.520000e+01,-1.770000e+02,2.261569e-02,2.083421e-02,-3.765263e-02,7.942105e-03,-9.928388e+00,4.000000e-01,-1.780000e+01,-1.950000e+01
1.815489e-01,1.267900e+00,-1.706026e-01,-6.527105e-02,-9.391622e+01,-1.950000e+01,3.100000e+01,-1.430000e+02,2.834698e-02,2.323421e-02,-3.855263e-02,1.314211e-02,-1.389326e+01,-6.300000e+00,-2.370000e+01,-2.210000e+01
5.361189e-02,1.360500e+00,-2.617026e-01,-1.611711e-01,-9.393013e+01,-1.950000e+01,3.100000e+01,-1.430000e+02,3.157569e-02,2.323421e-02,-3.315263e-02,1.924211e-02,-1.664182e+01,-1.060000e+01,-2.850000e+01,-2.440000e+01
-8.309612e-02,1.449300e+00,-3.790026e-01,-2.725711e-01,-8.623853e+01,-5.180000e+01,-1.460000e+01,-8.400000e+01,3.289294e-02,2.583421e-02,-2.125263e-02,2.354211e-02,-1.577087e+01,-1.940000e+01,-3.690000e+01,-2.010000e+01
-2.012454e-01,1.552400e+00,-4.960026e-01,-3.789711e-01,-7.971484e+01,-4.530000e+01,-3.950000e+01,-5.790000e+01,3.548860e-02,2.793421e-02,-6.852632e-03,3.094211e-02,-1.105339e+01,-2.520000e+01,-4.440000e+01,-1.250000e+01
-3.302589e-01,1.640600e+00,-6.121026e-01,-4.959711e-01,-7.531043e+01,-1.480000e+01,-4.640000e+01,-5.780000e+01,3.791938e-02,2.713421e-02,7.847368e-03,4.064211e-02,-7.506310e+00,-2.720000e+01,-4.860000e+01,-7.900000e+00
-4.706594e-01,1.673300e+00,-7.194026e-01,-6.175711e-01,-7.664219e+01,1.040000e+01,-5.940000e+01,-5.870000e+01,4.122255e-02,2.813421e-02,2.264737e-02,5.064211e-02,-1.907347e+00,-3.090000e+01,-6.070000e+01,-2.300000e+00
-5.896890e-01,1.665500e+00,-8.100026e-01,-7.271711e-01,-8.063605e+01,1.450000e+01,-9.190000e+01,-3.980000e+01,4.539553e-02,2.653421e-02,3.124737e-02,6.204211e-02,3.213969e+00,-3.340000e+01,-7.200000e+01,2.100000e+00
-6.503871e-01,1.647900e+00,-8.678026e-01,-8.026711e-01,-8.122838e+01,1.020000e+01,-1.239000e+02,-1.320000e+01,4.865290e-02,2.573421e-02,3.684737e-02,7.124211e-02,7.216614e+00,-3.470000e+01,-8.680000e+01,2.700000e+00
-6.536326e-01,1.631200e+00,-8.934026e-01,-8.333711e-01,-6.747267e+01,-5.000000e-01,-1.209000e+02,7.400000e+00,5.340956e-02,2.563421e-02,3.674737e-02,8.054211e-02,8.612307e+00,-3.520000e+01,-1.018000e+02,-1.000000e+00
-5.962694e-01,1.577100e+00,-9.085026e-01,-8.035711e-01,-7.358479e+01,-7.590000e+01,-1.481000e+02,5.520000e+01,5.778647e-02,2.363421e-02,2.964737e-02,8.934211e-02,6.667259e+00,-3.850000e+01,-1.198000e+02,-8.300000e+00
-4.846706e-01,1.326100e+00,-9.951026e-01,-6.129711e-01,-9.387735e+01,-1.756000e+02,-2.524000e+02,1.599000e+02,6.317227e-02,2.043421e-02,2.434737e-02,1.030421e-01,4.328559e+00,-4.250000e+01,-1.306000e+02,-1.260000e+01
-2.518440e-01,1.083100e+00,-9.590026e-01,-3.447711e-01,3.689779e+01,-1.682000e+02,-2.079000e+02,3.015000e+02,7.386893e-02,1.573421e-02,1.947368e-03,1.209421e-01,8.917361e+00,-3.970000e+01,-1.557000e+02,-1.970000e+01
5.058418e-02,1.158900e+00,-8.700026e-01,-1.517711e-01,1.222630e+02,-1.298000e+02,-6.450000e+01,2.946000e+02,7.992502e-02,8.034211e-03,-3.285263e-02,1.336421e-01,1.034073e+01,-3.750000e+01,-1.885000e+02,-3.480000e+01
2.661871e-01,1.219800e+00,-6.199026e-01,-8.867105e-02,8.797639e+01,-8.850000e+01,5.860000e+01,1.423000e+02,8.141664e-02,1.342105e-04,-7.735263e-02,1.412421e-01,-6.684185e+00,-5.460000e+01,-2.192000e+02,-5.750000e+01
3.352393e-01,1.077300e+00,-4.761026e-01,-9.710526e-04,1.556370e+01,-7.720000e+01,2.570000e+01,5.740000e+01,7.752946e-02,-8.565789e-03,-1.226526e-01,1.495421e-01,-2.159672e+01,-6.740000e+01,-2.532000e+02,-8.370000e+01
3.835908e-01,8.993000e-01,-4.205026e-01,1.377289e-01,-4.138051e+01,-7.700000e+01,-1.530000e+01,5.000000e+00,6.312312e-02,-2.116579e-02,-1.678526e-01,1.579421e-01,-3.024433e+01,-7.380000e+01,-2.916000e+02,-1.104000e+02
4.196683e-01,7.495000e-01,-4.154026e-01,2.762289e-01,-7.244218e+00,-2.380000e+01,-5.100000e+00,9.100000e+00,3.691956e-02,-3.136579e-02,-2.055526e-01,1.633421e-01,-3.781641e+01,-7.800000e+01,-3.307000e+02,-1.398000e+02
4.452632e-01,6.190000e-01,-3.620026e-01,3.665289e-01,3.209645e+01,1.590000e+01,1.220000e+01,2.510000e+01,-3.116765e-03,-4.296579e-02,-2.380526e-01,1.636421e-01,-4.210026e+01,-8.010000e+01,-3.490000e+02,-1.557000e+02
4.748646e-01,5.191000e-01,-2.453026e-01,4.096289e-01,1.737840e+01,1.760000e+01,5.400000e+00,8.200000e+00,-5.881150e-02,-5.966579e-02,-2.662526e-01,1.679421e-01,-4.878063e+01,-8.490000e+01,-3.818000e+02,-1.818000e+02
4.919772e-01,4.563000e-01,-1.307026e-01,4.127289e-01,1.738901e+01,1.760000e+01,5.400000e+00,8.200000e+00,-1.347853e-01,-7.936579e-02,-2.835526e-01,1.688421e-01,-5.145708e+01,-8.700000e+01,-4.152000e+02,-2.060000e+02
5.036265e-01,5.406000e-01,1.019737e-02,2.955289e-01,7.885866e+00,1.180000e+01,5.300000e+00,-4.000000e-01,-2.358086e-01,-1.057658e-01,-2.757526e-01,1.734421e-01,-4.194858e+01,-8.380000e+01,-4.579000e+02,-2.161000e+02
4.093482e-01,6.210000e-01,5.589737e-02,9.192895e-02,1.137422e+01,1.140000e+01,9.500000e+00,2.200000e+00,-3.496708e-01,-1.340658e-01,-3.141526e-01,1.608421e-01,1.122768e+01,-3.470000e+01,-5.078000e+02,-2.300000e+02
2.172082e-01,3.790000e-01,9.669737e-02,-2.087105e-02,7.269271e+00,3.800000e+00,9.500000e+00,1.900000e+00,-4.562735e-01,-1.385658e-01,-3.848526e-01,1.406421e-01,8.413421e+01,3.400000e+01,-5.708000e+02,-2.570000e+02
5.001997e-02,1.251000e-01,-3.520263e-02,9.289474e-04,6.963554e+00,-1.300000e+00,1.070000e+01,4.300000e+00,-4.732363e-01,-3.856579e-02,-4.398526e-01,8.354211e-02,1.248744e+02,6.810000e+01,-6.231000e+02,-2.472000e+02
2.527055e-02,7.690000e-02,-5.730263e-02,1.252895e-02,8.913393e+00,-2.000000e+00,1.100000e+01,7.200000e+00,-3.033657e-01,2.407342e-01,-4.941526e-01,-1.257895e-03,1.606783e+02,1.032000e+02,-6.947000e+02,-1.344000e+02
3.773880e-02,9.840000e-02,3.297368e-03,-1.807105e-02,5.507084e+00,-5.500000e+00,8.900000e+00,6.200000e+00,-1.084995e-01,5.229342e-01,-4.569526e-01,5.004211e-02,-6.130499e+01,-8.860000e+01,-3.808000e+02,-3.310000e+01
5.560441e-02,1.092000e-01,9.889737e-02,-5.277105e-02,4.784703e+00,-6.600000e+00,8.700000e+00,6.100000e+00,1.492045e-01,8.045342e-01,-4.560526e-01,2.020421e-01,-2.460650e+02,-2.433000e+02,1.044000e+02,1.990000e+01
6.134231e-02,9.960000e-02,1.327974e-01,-5.667105e-02,4.443220e+00,-5.700000e+00,8.600000e+00,5.100000e+00,3.304303e-01,9.104342e-01,-6.017526e-01,2.789421e-01,-1.339791e+02,-1.287000e+02,4.283000e+02,-4.460000e+01
3.471555e-02,5.540000e-02,8.849737e-02,-3.837105e-02,4.845925e+00,-4.800000e+00,7.900000e+00,5.400000e+00,3.616330e-01,8.689342e-01,-7.171526e-01,3.285421e-01,-3.366886e+01,-3.920000e+01,4.527000e+02,-1.393000e+02
8.481441e-03,1.170000e-02,4.489737e-02,-2.037105e-02,5.404231e+00,-4.300000e+00,7.900000e+00,5.800000e+00,2.475520e-01,7.179342e-01,-7.520526e-01,3.294421e-01,-4.076930e+01,-4.790000e+01,3.216000e+02,-1.629000e+02
1.292898e-02,1.200000e-02,6.269737e-02,-2.407105e-02,6.822476e+00,-4.300000e+00,8.400000e+00,7.400000e+00,1.250901e-01,5.717342e-01,-7.390526e-01,2.966421e-01,-8.936384e+01,-9.490000e+01,2.679000e+02,-1.554000e+02
1.041319e-02,8.000000e-03,4.929737e-02,-1.757105e-02,5.606456e+00,-3.700000e+00,6.700000e+00,6.300000e+00,8.620424e-02,5.137342e-01,-6.934526e-01,2.738421e-01,-1.584214e+02,-1.622000e+02,1.934000e+02,-1.151000e+02
5.896274e-03,7.300000e-03,2.889737e-02,-1.227105e-02,5.093884e+00,-3.000000e-01,5.100000e+00,4.200000e+00,1.249312e-01,5.273342e-01,-7.046526e-01,2.623421e-01,-1.292254e+02,-1.374000e+02,2.130000e+02,-7.370000e+01
6.559965e-03,1.030000e-02,2.769737e-02,-1.277105e-02,6.365308e+00,1.900000e+00,5.100000e+00,4.400000e+00,1.197607e-01,4.727342e-01,-7.432526e-01,2.951421e-01,-1.609231e+01,-3.660000e+01,2.958000e+02,-1.350000e+01
4.160943e-03,8.100000e-03,2.469737e-02,-1.287105e-02,6.964470e+00,2.100000e+00,5.200000e+00,5.000000e+00,-5.517772e-02,2.166342e-01,-7.481526e-01,3.447421e-01,7.042289e+01,3.450000e+01,3.445000e+02,6.180000e+01
2.607852e-03,6.200000e-03,2.019737e-02,-1.127105e-02,7.929908e+00,2.800000e+00,5.200000e+00,5.800000e+00,-2.928634e-01,-7.636579e-02,-8.201526e-01,2.437421e-01,9.492643e+01,4.490000e+01,3.530000e+02,1.215000e+02
2.986973e-03,6.200000e-03,2.189737e-02,-1.167105e-02,7.855960e+00,2.600000e+00,4.700000e+00,6.100000e+00,-5.856217e-01,-3.920658e-01,-8.267526e-01,3.904211e-02,9.470142e+01,3.790000e+01,3.465000e+02,1.452000e+02
1.878779e-03,4.200000e-03,2.509737e-02,-1.347105e-02,7.541521e+00,1.200000e+00,5.500000e+00,6.200000e+00,-6.966471e-01,-5.386658e-01,-6.640526e-01,-8.475789e-02,8.311895e+01,8.500000e+00,3.243000e+02,1.921000e+02
1.958881e-03,4.500000e-03,2.739737e-02,-1.477105e-02,7.541407e+00,1.200000e+00,5.500000e+00,6.200000e+00,-6.665787e-01,-5.272658e-01,-5.284526e-01,-1.815579e-01,7.242459e+01,-2.210000e+01,3.040000e+02,2.344000e+02
1.415177e-03,3.600000e-03,2.909737e-02,-1.577105e-02,8.525241e+00,1.400000e+00,5.800000e+00,7.200000e+00,-5.107538e-01,-3.892658e-01,-4.843526e-01,-2.216579e-01,7.030888e+01,-3.800000e+01,2.866000e+02,2.593000e+02
1.132577e-03,2.700000e-03,3.109737e-02,-1.657105e-02,1.021044e+01,4.000000e-01,6.900000e+00,9.500000e+00,-3.307730e-01,-2.350658e-01,-5.188526e-01,-2.305579e-01,7.480307e+01,-4.100000e+01,2.753000e+02,2.719000e+02
1.989727e-03,2.400000e-03,3.749737e-02,-1.857105e-02,1.060925e+01,-7.000000e-01,7.200000e+00,1.060000e+01,-2.168615e-01,-1.522658e-01,-5.307526e-01,-2.288579e-01,7.575250e+01,-4.060000e+01,2.699000e+02,2.723000e+02
2.704944e-03,3.200000e-03,4.279737e-02,-2.087105e-02,1.106238e+01,-3.200000e+00,7.700000e+00,1.260000e+01,-1.890086e-01,-1.524658e-01,-4.394526e-01,-2.126579e-01,7.247740e+01,-4.390000e+01,2.663000e+02,2.706000e+02
3.433603e-03,3.700000e-03,4.609737e-02,-2.187105e-02,1.154051e+01,-4.800000e+00,7.500000e+00,1.440000e+01,-1.900097e-01,-1.741658e-01,-3.272526e-01,-1.922579e-01,7.092760e+01,-4.390000e+01,2.666000e+02,2.686000e+02
4.700056e-03,4.000000e-03,4.839737e-02,-2.147105e-02,1.174852e+01,-6.800000e+00,7.900000e+00,1.580000e+01,-1.506020e-01,-1.570658e-01,-2.565526e-01,-1.542579e-01,6.541327e+01,-4.080000e+01,2.668000e+02,2.570000e+02
5.356174e-03,3.400000e-03,4.899737e-02,-2.037105e-02,1.100207e+01,-8.000000e+00,6.600000e+00,1.630000e+01,-6.446945e-02,-9.176579e-02,-2.141526e-01,-9.385789e-02,5.536640e+01,-3.970000e+01,2.672000e+02,2.414000e+02
6.418694e-03,4.200000e-03,4.609737e-02,-1.787105e-02,1.119347e+01,-8.400000e+00,4.700000e+00,1.780000e+01,5.016688e-02,8.434211e-03,-2.002526e-01,-2.285789e-02,4.250399e+01,-4.670000e+01,2.684000e+02,2.299000e+02
6.750901e-03,4.800000e-03,4.189737e-02,-1.557105e-02,1.079693e+01,-6.800000e+00,2.400000e+00,1.740000e+01,1.815003e-01,1.263342e-01,-2.253526e-01,5.264211e-02,4.511877e+01,-3.930000e+01,2.638000e+02,2.253000e+02
7.831769e-03,5.100000e-03,3.639737e-02,-1.147105e-02,1.025820e+01,-5.800000e+00,9.000000e-01,1.680000e+01,2.928240e-01,2.387342e-01,-2.474526e-01,1.206421e-01,5.746692e+01,-2.550000e+01,2.370000e+02,2.180000e+02
9.587420e-03,8.400000e-03,3.109737e-02,-8.671053e-03,9.733642e+00,-1.700000e+00,-2.100000e+00,1.490000e+01,3.779819e-01,3.281342e-01,-2.522526e-01,1.898421e-01,6.494912e+01,-2.450000e+01,2.130000e+02,2.141000e+02
1.122218e-02,1.100000e-02,2.469737e-02,-5.071053e-03,1.118535e+01,3.700000e+00,-6.500000e+00,1.540000e+01,4.566571e-01,4.344342e-01,-2.355526e-01,2.622421e-01,8.484465e+01,-3.170000e+01,1.617000e+02,2.150000e+02
1.397796e-02,1.420000e-02,2.429737e-02,-3.471053e-03,1.660198e+01,1.000000e+01,-8.600000e+00,1.930000e+01,5.264634e-01,5.882342e-01,-2.088526e-01,3.173421e-01,1.016926e+02,-1.610000e+01,1.367000e+02,2.140000e+02
1.684221e-02,1.270000e-02,2.499737e-02,9.289474e-04,2.264180e+01,1.350000e+01,-9.500000e+00,2.530000e+01,5.787324e-01,7.773342e-01,-1.920526e-01,3.392421e-01,9.744677e+01,3.890000e+01,1.263000e+02,1.774000e+02
1.903638e-02,1.240000e-02,2.479737e-02,4.128947e-03,2.263432e+01,1.350000e+01,-9.500000e+00,2.530000e+01,6.066414e-01,9.525342e-01,-1.763526e-01,3.517421e-01,9.755495e+01,3.890000e+01,1.263000e+02,1.774000e+02
2.343967e-02,1.540000e-02,2.709737e-02,6.728947e-03,2.788779e+01,1.840000e+01,-1.670000e+01,3.250000e+01,5.395698e-01,1.173634e+00,-9.215263e-02,2.721421e-01,4.337163e+01,8.350000e+01,1.172000e+02,8.960000e+01
2.517257e-02,1.820000e-02,2.629737e-02,7.528947e-03,2.915640e+01,2.230000e+01,-2.050000e+01,3.340000e+01,3.997034e-01,1.401334e+00,1.914737e-02,1.289421e-01,2.003731e+01,6.940000e+01,1.157000e+02,6.540000e+01
2.705276e-02,1.550000e-02,2.759737e-02,1.142895e-02,3.075855e+01,2.660000e+01,-2.500000e+01,3.480000e+01,1.916166e-01,1.604134e+00,1.521474e-01,-6.615789e-02,1.545761e+01,5.420000e+01,1.054000e+02,5.890000e+01
2.877081e-02,1.300000e-02,1.469737e-02,2.252895e-02,2.695193e+01,2.890000e+01,-3.340000e+01,3.240000e+01,-5.625274e-02,1.764334e+00,3.072474e-01,-2.904579e-01,2.749529e+01,2.810000e+01,5.910000e+01,5.560000e+01
3.206443e-02,1.430000e-02,1.399737e-02,2.692895e-02,2.109970e+01,3.040000e+01,-4.370000e+01,2.880000e+01,-2.871440e-01,1.906334e+00,4.482474e-01,-5.179579e-01,4.699162e+01,2.640000e+01,1.000000e+00,4.800000e+01
3.318651e-02,8.500000e-03,5.197368e-03,3.842895e-02,1.793222e+01,3.680000e+01,-5.430000e+01,2.530000e+01,-4.846328e-01,2.047334e+00,5.731474e-01,-7.449579e-01,6.314102e+01,3.550000e+01,-5.810000e+01,3.330000e+01
3.709070e-02,4.500000e-03,2.697368e-03,4.982895e-02,1.331603e+01,4.070000e+01,-6.890000e+01,2.380000e+01,-6.544384e-01,2.166834e+00,6.787474e-01,-9.700579e-01,6.230668e+01,4.490000e+01,-9.200000e+01,1.210000e+01
3.934056e-02,4.000000e-04,-3.002632e-03,6.162895e-02,1.127736e+01,4.260000e+01,-7.720000e+01,2.400000e+01,-7.843337e-01,2.213234e+00,7.692474e-01,-1.168458e+00,3.212748e+01,1.970000e+01,-1.269000e+02,-3.340000e+01
4.535430e-02,-1.900000e-03,5.297368e-03,7.072895e-02,1.130261e+01,4.590000e+01,-9.330000e+01,3.030000e+01,-8.859901e-01,2.215134e+00,8.632474e-01,-1.333158e+00,1.197512e+01,1.260000e+01,-1.353000e+02,-5.890000e+01
5.396838e-02,-5.800000e-03,1.869737e-02,8.372895e-02,1.073210e+01,4.580000e+01,-1.127000e+02,4.060000e+01,-9.375171e-01,2.101334e+00,9.494474e-01,-1.403358e+00,2.307716e+01,-7.800000e+00,-1.497000e+02,-4.580000e+01
6.423978e-02,-1.780000e-02,4.389737e-02,1.028289e-01,3.586044e+00,3.710000e+01,-1.435000e+02,5.580000e+01,-7.147841e-01,1.709434e+00,7.650474e-01,-1.178658e+00,-9.785721e+01,2.970000e+01,-1.169000e+02,-1.877000e+02
7.061740e-02,-2.180000e-02,7.799737e-02,1.086289e-01,-1.164035e+00,2.710000e+01,-1.806000e+02,8.010000e+01,-4.615924e-01,1.576234e+00,4.742474e-01,-1.111558e+00,-4.212414e+01,7.850000e+01,-2.615000e+02,-2.138000e+02
7.383974e-02,-2.090000e-02,1.181974e-01,1.070289e-01,1.487925e+01,3.710000e+01,-2.072000e+02,1.109000e+02,-2.969565e-01,1.480034e+00,3.924474e-01,-1.006958e+00,-1.690641e+01,8.490000e+01,-1.988000e+02,-1.572000e+02
7.322090e-02,-2.400000e-02,1.741974e-01,1.030289e-01,2.562917e+01,4.050000e+01,-2.409000e+02,1.453000e+02,-6.935481e-02,1.391534e+00,2.567474e-01,-7.930579e-01,1.166127e+01,1.398000e+02,-1.067000e+02,-1.123000e+02
6.235540e-02,-3.280000e-02,2.183974e-01,1.069289e-01,2.718618e+01,3.820000e+01,-2.614000e+02,1.637000e+02,8.437306e-02,1.245934e+00,1.973474e-01,-5.527579e-01,-7.880565e+00,1.073000e+02,2.600000e+00,-7.260000e+01
4.266341e-02,-3.650000e-02,2.641974e-01,1.059289e-01,2.926383e+01,3.270000e+01,-3.021000e+02,2.009000e+02,1.655927e-01,1.036134e+00,1.405474e-01,-3.530579e-01,-1.348103e+01,7.780000e+01,2.020000e+01,-5.540000e+01
5.687297e-03,-4.350000e-02,2.927974e-01,1.114289e-01,3.394501e+01,3.220000e+01,-3.402000e+02,2.354000e+02,2.571449e-01,8.688342e-01,2.234737e-02,-1.890579e-01,-1.143520e+01,2.810000e+01,-3.600000e+00,-3.200000e+01
-5.107916e-02,-5.270000e-02,2.986974e-01,1.216289e-01,3.857404e+01,3.570000e+01,-3.751000e+02,2.618000e+02,3.299624e-01,7.065342e-01,-5.515263e-02,-3.175789e-02,2.804887e+00,2.810000e+01,2.500000e+00,-1.260000e+01
-1.256909e-01,-6.490000e-02,3.327974e-01,1.138289e-01,1.687720e+01,6.400000e+00,-4.080000e+02,2.926000e+02,3.745191e-01,5.020342e-01,-1.205526e-01,1.227421e-01,1.766875e-01,2.010000e+01,9.300000e+00,-8.700000e+00
-2.076568e-01,-6.930000e-02,4.046974e-01,9.392895e-02,-1.084760e+01,-3.470000e+01,-4.312000e+02,3.353000e+02,4.021990e-01,4.322342e-01,-2.072526e-01,1.688421e-01,-3.391572e+00,9.000000e+00,7.200000e+00,-7.100000e+00
-2.827292e-01,-4.570000e-02,5.039974e-01,6.442895e-02,-2.237193e+01,-5.830000e+01,-4.441000e+02,3.815000e+02,3.020012e-01,5.753342e-01,-8.725263e-02,1.342105e-03,7.818024e-01,1.190000e+01,7.200000e+00,-3.800000e+00
-2.864237e-01,6.920000e-02,5.522974e-01,3.792895e-02,-7.187527e+01,-1.134000e+02,-4.356000e+02,3.971000e+02,2.157840e-01,4.359342e-01,1.229474e-01,5.014211e-02,1.059045e+00,1.340000e+01,8.400000e+00,-4.000000e+00
-1.501074e-01,3.161000e-01,6.081974e-01,5.492895e-02,-1.251585e+02,-1.625000e+02,-3.892000e+02,3.528000e+02,1.897451e-01,2.731342e-01,9.904737e-02,1.080421e-01,6.442745e-03,1.260000e+01,9.100000e+00,-4.600000e+00
3.563828e-02,5.808000e-01,6.777974e-01,1.692289e-01,-3.483207e+01,-5.840000e+01,-2.885000e+02,2.082000e+02,9.386137e-02,1.357342e-01,1.235474e-01,8.184211e-02,2.086400e-01,1.270000e+01,6.800000e+00,-5.200000e+00
2.018587e-01,7.662000e-01,6.758974e-01,3.416289e-01,1.756784e+02,1.716000e+02,-3.050000e+01,1.103000e+02,3.543258e-02,7.233421e-02,8.204737e-02,3.554211e-02,-9.153506e-01,9.900000e+00,6.500000e+00,-5.000000e+00
2.840488e-01,8.119000e-01,7.378974e-01,4.129289e-01,1.921366e+02,2.124000e+02,2.595000e+02,8.560000e+01,4.228928e-02,8.513421e-02,4.024737e-02,2.264211e-02,-4.730093e-01,8.000000e+00,6.000000e+00,-3.500000e+00
2.437352e-01,7.418000e-01,8.492974e-01,4.191289e-01,1.470468e+02,1.689000e+02,3.019000e+02,1.095000e+02,2.594943e-02,4.523421e-02,6.394737e-02,3.424211e-02,-1.147824e+00,6.700000e+00,6.800000e+00,-3.300000e+00
1.552773e-01,6.348000e-01,9.160974e-01,3.912289e-01,1.288257e+02,1.457000e+02,2.800000e+02,1.234000e+02,1.284158e-02,1.263421e-02,5.214737e-02,3.424211e-02,-2.305489e+00,5.800000e+00,6.400000e+00,-4.300000e+00
7.796394e-02,5.331000e-01,9.413974e-01,3.813289e-01,1.293378e+02,1.457000e+02,2.800000e+02,1.234000e+02,1.484471e-02,2.143421e-02,2.464737e-02,2.274211e-02,-2.161739e+00,6.200000e+00,5.700000e+00,-4.600000e+00
3.562064e-03,4.251000e-01,9.235974e-01,3.796289e-01,1.298545e+02,1.457000e+02,2.800000e+02,1.234000e+02,1.128825e-02,1.113421e-02,2.634737e-02,2.514211e-02,-2.149878e+00,6.200000e+00,5.700000e+00,-4.600000e+00
2.779200e-02,4.245000e-01,8.965974e-01,3.755289e-01,4.733454e+01,6.290000e+01,2.139000e+02,7.150000e+01,1.024102e-02,5.934211e-03,3.054737e-02,2.824211e-02,-4.538400e+00,8.400000e+00,5.500000e+00,-8.900000e+00
-1.448913e-02,3.350000e-01,9.392974e-01,3.809289e-01,-1.643895e+01,3.300000e+01,2.552000e+02,-2.160000e+01,1.075033e-02,5.934211e-03,2.874737e-02,2.824211e-02,-4.278297e+00,9.800000e+00,4.700000e+00,-9.700000e+00
-2.122980e-01,6.440000e-02,9.358974e-01,3.340289e-01,-6.977043e+01,1.370000e+01,2.718000e+02,-1.140000e+02,9.685320e-03,6.134211e-03,2.864737e-02,2.674211e-02,-3.850509e+00,1.260000e+01,4.400000e+00,-1.100000e+01
-4.880421e-01,-2.605000e-01,8.687974e-01,1.767289e-01,-9.139658e+01,1.530000e+01,2.509000e+02,-1.783000e+02,8.288893e-03,4.734211e-03,2.654737e-02,2.524211e-02,-3.925438e+00,1.400000e+01,4.300000e+00,-1.200000e+01
-7.392716e-01,-5.142000e-01,8.527974e-01,-4.057105e-02,-9.288899e+01,2.240000e+01,2.338000e+02,-2.002000e+02,7.689324e-03,3.634211e-03,2.684737e-02,2.524211e-02,-3.912412e+00,1.320000e+01,3.700000e+00,-1.170000e+01
-8.045616e-01,-6.134000e-01,7.706974e-01,-1.478711e-01,-8.914740e+01,4.080000e+01,1.991000e+02,-2.309000e+02,6.572470e-03,9.342105e-04,2.934737e-02,2.624211e-02,-3.401535e+00,1.230000e+01,3.900000e+00,-1.050000e+01
-7.215750e-01,-5.715000e-01,6.417974e-01,-1.856711e-01,-8.268544e+01,6.030000e+01,1.763000e+02,-2.523000e+02,5.564406e-03,-6.657895e-04,3.274737e-02,2.694211e-02,-3.587805e+00,1.040000e+01,2.800000e+00,-9.900000e+00
-5.784923e-01,-4.737000e-01,5.710974e-01,-1.806711e-01,-8.018663e+01,7.160000e+01,1.683000e+02,-2.652000e+02,5.210894e-03,6.342105e-04,3.654737e-02,2.674211e-02,-2.924788e+00,9.300000e+00,1.200000e+00,-8.900000e+00
-4.344174e-01,-3.693000e-01,4.965974e-01,-1.630711e-01,-7.468751e+01,7.680000e+01,1.713000e+02,-2.636000e+02,5.390383e-03,3.421053e-05,3.964737e-02,2.814211e-02,-2.922474e+00,9.300000e+00,9.000000e-01,-9.000000e+00
-2.903971e-01,-2.570000e-01,4.165974e-01,-1.320711e-01,-6.493312e+01,7.910000e+01,1.791000e+02,-2.519000e+02,5.448679e-03,-5.657895e-04,4.114737e-02,2.894211e-02,-3.457185e+00,1.050000e+01,2.000000e-01,-1.060000e+01
-2.455797e-01,-2.623000e-01,3.040974e-01,-8.597105e-02,-5.099992e+01,8.240000e+01,1.916000e+02,-2.367000e+02,5.630363e-03,5.342105e-04,4.484737e-02,2.944211e-02,-3.415095e+00,1.090000e+01,-1.000000e-01,-1.090000e+01
-2.065959e-01,-2.633000e-01,1.751974e-01,-3.317105e-02,-4.658201e+01,8.110000e+01,1.987000e+02,-2.305000e+02,5.283479e-03,1.834211e-03,4.994737e-02,2.954211e-02,-4.039745e+00,1.050000e+01,0.000000e+00,-1.140000e+01
-1.186350e-01,-2.077000e-01,8.309737e-02,3.492895e-02,-4.176805e+01,7.460000e+01,2.120000e+02,-2.209000e+02,5.532748e-03,1.434211e-03,5.674737e-02,3.184211e-02,-3.732810e+00,9.900000e+00,-1.200000e+00,-1.100000e+01
1.217588e-02,-1.061000e-01,4.469737e-02,1.128289e-01,-3.957477e+01,7.270000e+01,2.218000e+02,-2.196000e+02,6.421520e-03,1.434211e-03,6.244737e-02,3.434211e-02,-3.765330e+00,8.100000e+00,-2.200000e+00,-1.020000e+01
1.516806e-01,1.140000e-02,3.759737e-02,1.897289e-01,-4.690186e+01,6.880000e+01,2.204000e+02,-2.256000e+02,7.885905e-03,5.342105e-04,6.424737e-02,3.704211e-02,-4.055811e+00,6.200000e+00,-5.700000e+00,-1.030000e+01
2.728200e-01,1.218000e-01,4.449737e-02,2.555289e-01,-6.171326e+01,5.950000e+01,2.107000e+02,-2.335000e+02,9.849911e-03,9.342105e-04,6.574737e-02,3.944211e-02,-2.805170e+00,4.500000e+00,-9.800000e+00,-8.800000e+00
3.674681e-01,2.242000e-01,4.799737e-02,3.076289e-01,-8.097109e+01,5.300000e+01,1.882000e+02,-2.431000e+02,1.264768e-02,1.934211e-03,6.674737e-02,4.234211e-02,-3.018842e+00,1.500000e+00,-1.340000e+01,-8.100000e+00
4.366686e-01,3.298000e-01,3.249737e-02,3.487289e-01,-9.039363e+01,5.540000e+01,1.737000e+02,-2.494000e+02,1.518666e-02,1.834211e-03,7.044737e-02,4.634211e-02,-2.534427e+00,9.000000e-01,-1.600000e+01,-7.800000e+00
4.901405e-01,4.569000e-01,7.897368e-03,3.781289e-01,-1.071220e+02,6.710000e+01,1.435000e+02,-2.615000e+02,1.815017e-02,3.334211e-03,7.414737e-02,4.984211e-02,-2.535992e+00,-1.200000e+00,-2.010000e+01,-7.500000e+00
5.420643e-01,6.305000e-01,-4.026316e-04,3.880289e-01,-1.174866e+02,5.710000e+01,1.288000e+02,-2.606000e+02,2.192545e-02,1.153421e-02,7.854737e-02,5.014211e-02,-6.507439e+00,-8.500000e+00,-2.560000e+01,-9.000000e+00
5.590603e-01,8.418000e-01,-2.170263e-02,3.617289e-01,-1.131373e+02,2.900000e+01,1.300000e+02,-2.414000e+02,2.445657e-02,7.034211e-03,8.044737e-02,5.664211e-02,-7.749268e+00,-7.600000e+00,-2.800000e+01,-1.170000e+01
4.985954e-01,1.037100e+00,-9.300263e-02,2.965289e-01,-1.030485e+02,1.340000e+01,1.270000e+02,-2.194000e+02,2.882075e-02,9.034211e-03,7.874737e-02,6.024211e-02,-7.515518e+00,-9.500000e+00,-3.260000e+01,-1.130000e+01
3.834646e-01,1.211400e+00,-1.896026e-01,1.994289e-01,-1.016009e+02,1.700000e+00,1.017000e+02,-1.961000e+02,3.220866e-02,9.834211e-03,7.864737e-02,6.394211e-02,-8.468788e+00,-1.210000e+01,-3.810000e+01,-1.210000e+01
2.415973e-01,1.390600e+00,-2.904026e-01,7.032895e-02,-1.103727e+02,-1.500000e+01,5.980000e+01,-1.730000e+02,3.610958e-02,1.063421e-02,7.684737e-02,6.794211e-02,-8.749197e+00,-1.330000e+01,-4.320000e+01,-1.290000e+01
5.951975e-02,1.569900e+00,-4.107026e-01,-9.227105e-02,-1.162137e+02,-2.410000e+01,3.880000e+01,-1.631000e+02,3.881232e-02,1.143421e-02,7.724737e-02,7.114211e-02,-8.269147e+00,-1.530000e+01,-4.720000e+01,-1.190000e+01
-1.385554e-01,1.733100e+00,-5.548026e-01,-2.643711e-01,-1.179776e+02,-3.680000e+01,2.400000e+00,-1.368000e+02,4.180291e-02,1.093421e-02,7.814737e-02,7.594211e-02,-8.712209e+00,-1.850000e+01,-5.470000e+01,-1.210000e+01
-3.160294e-01,1.887000e+00,-6.910026e-01,-4.295711e-01,-1.059858e+02,-4.120000e+01,-2.550000e+01,-1.019000e+02,4.510545e-02,1.283421e-02,8.234737e-02,8.054211e-02,-6.162071e+00,-2.010000e+01,-6.430000e+01,-1.020000e+01
-4.780068e-01,2.022400e+00,-8.139026e-01,-5.939711e-01,-7.838162e+01,-2.910000e+01,-3.820000e+01,-6.290000e+01,4.784570e-02,1.143421e-02,8.514737e-02,8.684211e-02,-2.065966e+00,-1.930000e+01,-7.360000e+01,-8.000000e+00
-6.399654e-01,2.124700e+00,-9.392026e-01,-7.712711e-01,-3.890730e+01,-7.500000e+00,-5.530000e+01,-9.300000e+00,5.083238e-02,1.183421e-02,9.434737e-02,9.444211e-02,4.217269e+00,-1.870000e+01,-8.760000e+01,-4.100000e+00
-8.461763e-01,2.155400e+00,-1.106803e+00,-1.009771e+00,-1.352818e+01,-2.050000e+01,-1.120000e+02,6.360000e+01,5.245453e-02,2.634211e-03,9.954737e-02,1.077421e-01,7.498129e+00,-2.020000e+01,-1.036000e+02,-3.000000e+00
-9.580507e-01,2.047800e+00,-1.326203e+00,-1.209271e+00,-6.036041e+01,-1.453000e+02,-3.222000e+02,1.858000e+02,6.006788e-02,5.634211e-03,1.013474e-01,1.193421e-01,6.800232e+00,-2.310000e+01,-1.132000e+02,-4.200000e+00
-6.334914e-01,1.901800e+00,-1.289203e+00,-1.039071e+00,-8.937230e+01,-1.688000e+02,-4.038000e+02,2.102000e+02,7.187030e-02,-3.657895e-04,9.434737e-02,1.437421e-01,9.742589e+00,-2.500000e+01,-1.378000e+02,-5.700000e+00
-6.924163e-02,1.949400e+00,-9.867026e-01,-7.332711e-01,-1.874813e+01,-8.810000e+01,-3.146000e+02,2.057000e+02,8.056529e-02,-5.265789e-03,7.834737e-02,1.639421e-01,6.584442e+00,-2.820000e+01,-1.690000e+02,-1.640000e+01
1.155194e-01,1.939900e+00,-8.123026e-01,-6.040711e-01,1.124180e+02,-7.080000e+01,7.930000e+01,1.456000e+02,8.522875e-02,-7.965789e-03,5.354737e-02,1.786421e-01,-1.071705e+01,-4.550000e+01,-2.009000e+02,-3.430000e+01
4.267321e-02,1.688000e+00,-8.684026e-01,-5.290711e-01,5.046686e+01,-3.710000e+01,3.340000e+01,6.990000e+01,8.980932e-02,-1.416579e-02,1.584737e-02,1.995421e-01,-2.458785e+01,-5.280000e+01,-2.365000e+02,-5.850000e+01
1.852393e-01,1.584500e+00,-7.332026e-01,-3.704711e-01,2.065558e+01,-2.640000e+01,-3.400000e+00,4.410000e+01,8.447507e-02,-2.536579e-02,-2.995263e-02,2.195421e-01,-3.640584e+01,-5.400000e+01,-2.800000e+02,-8.960000e+01
2.164177e-01,1.329900e+00,-6.311026e-01,-2.276711e-01,1.900526e+01,1.190000e+01,9.500000e+00,1.220000e+01,6.268693e-02,-4.076579e-02,-7.505263e-02,2.349421e-01,-5.677743e+01,-6.580000e+01,-3.241000e+02,-1.233000e+02
2.577999e-01,1.106200e+00,-5.159026e-01,-9.717105e-02,2.429760e+01,1.600000e+01,7.900000e+00,1.720000e+01,3.125251e-02,-5.326579e-02,-1.168526e-01,2.475421e-01,-6.589170e+01,-7.070000e+01,-3.447000e+02,-1.398000e+02
3.395820e-01,9.353000e-01,-3.511026e-01,3.012895e-02,2.539690e+01,1.420000e+01,1.480000e+01,1.630000e+01,-2.035199e-02,-6.946579e-02,-1.564526e-01,2.523421e-01,-7.742106e+01,-7.390000e+01,-3.789000e+02,-1.692000e+02
4.707065e-01,7.382000e-01,-1.649026e-01,2.269289e-01,1.196754e+01,1.120000e+01,1.040000e+01,3.200000e+00,-8.597997e-02,-8.136579e-02,-1.782526e-01,2.578421e-01,-8.337880e+01,-7.690000e+01,-4.240000e+02,-1.932000e+02
6.641645e-01,6.358000e-01,7.869737e-02,4.167289e-01,1.125374e+01,1.320000e+01,1.170000e+01,4.000000e-01,-1.676596e-01,-9.366579e-02,-1.998526e-01,2.581421e-01,-7.798206e+01,-6.700000e+01,-4.523000e+02,-2.126000e+02
5.317931e-01,5.648000e-01,1.321974e-01,2.655289e-01,1.177754e+01,8.700000e+00,1.500000e+01,2.200000e+00,-2.668660e-01,-1.043658e-01,-2.790526e-01,2.375421e-01,-4.347579e+01,-1.830000e+01,-4.927000e+02,-2.607000e+02
1.339466e-01,3.144000e-01,-6.340263e-02,9.728947e-03,6.939716e+00,-9.000000e-01,1.290000e+01,3.000000e+00,-3.772427e-01,-1.033658e-01,-4.057526e-01,2.037421e-01,3.444193e+01,7.210000e+01,-5.242000e+02,-3.078000e+02
-2.929503e-02,1.101000e-01,-1.315026e-01,-3.887105e-02,6.928668e+00,-9.000000e-01,1.290000e+01,3.000000e+00,-4.321046e-01,-3.026579e-02,-5.068526e-01,1.819421e-01,8.800385e+01,1.217000e+02,-5.592000e+02,-2.865000e+02
8.432502e-02,1.426000e-01,3.819737e-02,2.228947e-03,6.138306e+00,-8.700000e+00,1.350000e+01,6.500000e+00,-3.314777e-01,2.119342e-01,-6.128526e-01,1.729421e-01,1.412825e+02,1.730000e+02,-6.012000e+02,-2.463000e+02
5.399309e-03,3.320000e-02,3.029737e-02,-2.697105e-02,4.641498e+00,-1.270000e+01,1.280000e+01,7.400000e+00,-1.295883e-01,4.955342e-01,-6.161526e-01,2.183421e-01,2.518221e+01,4.190000e+01,-3.207000e+02,-1.281000e+02
1.858578e-02,7.000000e-02,5.269737e-02,-4.327105e-02,2.495312e+00,-1.570000e+01,1.100000e+01,7.400000e+00,1.680465e-01,7.768342e-01,-5.180526e-01,3.459421e-01,-2.014037e+02,-2.137000e+02,1.007000e+02,-2.080000e+01
2.375361e-02,7.380000e-02,7.349737e-02,-4.867105e-02,2.485680e+00,-1.570000e+01,1.100000e+01,7.400000e+00,3.739569e-01,9.135342e-01,-5.739526e-01,4.229421e-01,-1.933341e+02,-2.274000e+02,3.486000e+02,-4.000000e+00
4.965412e-03,2.910000e-02,6.119737e-02,-3.897105e-02,3.663794e+00,-1.620000e+01,1.080000e+01,9.300000e+00,4.668210e-01,9.425342e-01,-7.156526e-01,4.398421e-01,-6.959493e+01,-1.121000e+02,4.449000e+02,-8.950000e+01
8.414185e-03,2.660000e-02,5.729737e-02,-3.087105e-02,5.251008e+00,-1.500000e+01,1.140000e+01,1.030000e+01,3.738043e-01,8.224342e-01,-8.189526e-01,4.274421e-01,-3.438520e+01,-6.080000e+01,3.309000e+02,-1.259000e+02
8.092438e-03,1.770000e-02,6.029737e-02,-2.697105e-02,6.186577e+00,-1.330000e+01,1.110000e+01,1.060000e+01,1.815883e-01,6.137342e-01,-8.701526e-01,3.940421e-01,-6.805209e+01,-8.580000e+01,2.547000e+02,-1.181000e+02
6.843606e-03,1.770000e-02,3.699737e-02,-1.737105e-02,6.220377e+00,-1.160000e+01,1.030000e+01,1.000000e+01,6.970079e-02,4.770342e-01,-8.172526e-01,3.805421e-01,-1.129925e+02,-1.215000e+02,1.200000e+02,-6.600000e+01
6.008354e-03,1.640000e-02,1.999737e-02,-9.571053e-03,6.337150e+00,-8.600000e+00,8.900000e+00,9.000000e+00,7.591700e-02,4.474342e-01,-7.620526e-01,3.815421e-01,-7.972050e+01,-9.900000e+01,1.371000e+02,-2.190000e+01
4.771273e-03,1.430000e-02,4.197368e-03,-2.471053e-03,7.072755e+00,-4.200000e+00,8.000000e+00,7.700000e+00,8.471296e-02,4.084342e-01,-7.472526e-01,3.694421e-01,1.155553e+01,-3.360000e+01,2.211000e+02,4.700000e+01
3.150036e-03,1.260000e-02,-8.102632e-03,2.228947e-03,6.990279e+00,-2.700000e+00,6.700000e+00,7.300000e+00,-6.366443e-02,1.851342e-01,-6.819526e-01,3.338421e-01,6.777640e+01,-5.100000e+00,2.783000e+02,1.253000e+02
2.236019e-03,1.270000e-02,-1.460263e-02,4.028947e-03,7.113513e+00,-3.000000e-01,6.300000e+00,6.200000e+00,-3.075253e-01,-1.231658e-01,-6.815526e-01,2.449421e-01,7.381955e+01,-2.140000e+01,2.797000e+02,1.921000e+02
2.338822e-03,1.080000e-02,-1.310263e-02,4.628947e-03,6.584432e+00,-1.900000e+00,6.300000e+00,6.500000e+00,-5.989407e-01,-4.508658e-01,-7.729526e-01,7.954211e-02,8.161987e+01,-3.070000e+01,2.732000e+02,2.387000e+02
1.510878e-03,8.500000e-03,-1.100263e-02,4.028947e-03,6.540762e+00,-2.000000e+00,6.100000e+00,6.600000e+00,-7.347824e-01,-6.352658e-01,-7.027526e-01,-3.355789e-02,7.281278e+01,-4.520000e+01,2.580000e+02,2.511000e+02
1.375415e-03,6.300000e-03,-1.040263e-02,4.928947e-03,5.579575e+00,-3.300000e+00,5.400000e+00,6.500000e+00,-7.479868e-01,-7.039658e-01,-5.441526e-01,-7.595789e-02,6.863074e+01,-5.490000e+01,2.441000e+02,2.609000e+02
1.345585e-03,6.100000e-03,-9.302632e-03,4.528947e-03,5.651476e+00,-3.700000e+00,4.600000e+00,7.200000e+00,-6.150414e-01,-6.084658e-01,-4.285526e-01,-8.275789e-02,5.537064e+01,-6.710000e+01,2.435000e+02,2.554000e+02
1.142931e-03,4.400000e-03,-6.702632e-03,4.128947e-03,5.993015e+00,-3.600000e+00,4.100000e+00,7.800000e+00,-3.845281e-01,-4.033658e-01,-3.613526e-01,-5.655789e-02,4.142243e+01,-7.250000e+01,2.610000e+02,2.407000e+02
2.048038e-03,4.300000e-03,-5.026316e-04,2.528947e-03,6.553292e+00,-4.300000e+00,3.500000e+00,9.200000e+00,-2.098494e-01,-2.543658e-01,-3.254526e-01,-2.835789e-02,2.576853e+01,-7.930000e+01,2.807000e+02,2.276000e+02
1.436265e-03,3.200000e-03,3.497368e-03,6.289474e-04,6.590978e+00,-3.700000e+00,2.600000e+00,9.300000e+00,-1.419099e-01,-2.196658e-01,-2.304526e-01,8.442105e-03,1.387836e+01,-8.230000e+01,2.971000e+02,2.165000e+02
2.276998e-03,3.200000e-03,4.497368e-03,1.228947e-03,7.264065e+00,-2.900000e+00,1.200000e+00,1.030000e+01,-1.210405e-01,-2.465658e-01,-1.239526e-01,6.004211e-02,1.185402e+01,-8.100000e+01,2.994000e+02,2.123000e+02
2.980425e-03,2.700000e-03,5.097368e-03,2.128947e-03,7.042550e+00,-1.800000e+00,9.000000e-01,9.500000e+00,-6.961218e-02,-2.456658e-01,-5.965263e-02,1.204421e-01,1.121764e+01,-7.740000e+01,2.992000e+02,2.071000e+02
3.954345e-03,1.400000e-03,5.697368e-03,3.828947e-03,6.970059e+00,-6.000000e-01,-9.000000e-01,9.500000e+00,2.536771e-02,-1.841658e-01,-2.705263e-02,1.841421e-01,1.410947e+01,-8.010000e+01,2.910000e+02,2.097000e+02
4.562583e-03,1.400000e-03,5.973684e-04,6.828947e-03,6.539671e+00,-3.000000e-01,-3.600000e+00,1.000000e+01,1.462767e-01,-8.386579e-02,-2.035263e-02,2.545421e-01,2.713781e+01,-7.890000e+01,2.831000e+02,2.222000e+02
6.331272e-03,2.000000e-03,-2.602632e-03,1.002895e-02,6.546523e+00,1.400000e+00,-7.200000e+00,1.060000e+01,2.792350e-01,3.863421e-02,-4.875263e-02,3.248421e-01,6.034918e+01,-5.800000e+01,2.706000e+02,2.442000e+02
7.796739e-03,3.400000e-03,-4.902632e-03,1.192895e-02,8.564365e+00,4.800000e+00,-8.400000e+00,1.160000e+01,3.983898e-01,1.618342e-01,-8.215263e-02,3.915421e-01,9.588292e+01,-4.180000e+01,2.413000e+02,2.645000e+02
9.389028e-03,7.700000e-03,-6.902632e-03,1.202895e-02,1.037772e+01,7.300000e+00,-1.140000e+01,1.370000e+01,5.048050e-01,3.073342e-01,-1.102526e-01,4.493421e-01,1.336785e+02,-4.130000e+01,1.796000e+02,2.800000e+02
1.236070e-02,9.600000e-03,-3.402632e-03,1.282895e-02,1.549964e+01,1.160000e+01,-1.340000e+01,1.840000e+01,5.818938e-01,4.915342e-01,-1.221526e-01,4.815421e-01,1.384108e+02,-4.220000e+01,1.779000e+02,2.852000e+02
1.587924e-02,1.110000e-02,-9.026316e-04,1.502895e-02,1.755301e+01,1.220000e+01,-1.510000e+01,2.140000e+01,6.121411e-01,7.044342e-01,-1.232526e-01,4.723421e-01,1.458408e+02,-2.810000e+01,1.563000e+02,2.762000e+02
1.906024e-02,1.420000e-02,3.697368e-03,1.482895e-02,2.072990e+01,1.320000e+01,-1.860000e+01,2.640000e+01,5.884206e-01,9.417342e-01,-1.073526e-01,4.161421e-01,1.259354e+02,8.000000e-01,1.390000e+02,2.313000e+02
2.266720e-02,1.410000e-02,1.399737e-02,1.462895e-02,2.530645e+01,1.550000e+01,-2.130000e+01,3.200000e+01,4.840971e-01,1.204534e+00,-4.285263e-02,2.967421e-01,9.440362e+01,2.620000e+01,1.248000e+02,1.768000e+02
2.467101e-02,1.660000e-02,1.029737e-02,1.712895e-02,2.672677e+01,1.730000e+01,-2.640000e+01,3.500000e+01,3.034475e-01,1.458734e+00,5.714737e-02,1.143421e-01,6.293392e+01,4.620000e+01,1.018000e+02,1.202000e+02
2.725113e-02,2.030000e-02,9.797368e-03,1.812895e-02,2.590422e+01,1.820000e+01,-3.190000e+01,3.590000e+01,8.022182e-02,1.681034e+00,1.736474e-01,-1.128579e-01,4.088880e+01,6.340000e+01,5.780000e+01,6.460000e+01
2.842015e-02,1.940000e-02,6.797368e-03,2.162895e-02,2.437700e+01,1.980000e+01,-3.780000e+01,3.560000e+01,-1.671418e-01,1.891134e+00,3.194474e-01,-3.589579e-01,3.415636e+01,6.930000e+01,2.980000e+01,3.960000e+01
3.038207e-02,1.870000e-02,1.997368e-03,2.702895e-02,2.123373e+01,1.940000e+01,-4.100000e+01,3.330000e+01,-4.049873e-01,2.091134e+00,5.055474e-01,-5.945579e-01,2.401939e+01,6.420000e+01,-1.220000e+01,6.200000e+00
3.175267e-02,1.750000e-02,-6.802632e-03,3.412895e-02,1.682580e+01,1.830000e+01,-4.930000e+01,3.220000e+01,-6.288299e-01,2.275834e+00,6.966474e-01,-8.210579e-01,2.150446e+01,4.480000e+01,-3.040000e+01,-1.800000e+00
3.357857e-02,1.240000e-02,-1.560263e-02,4.502895e-02,1.138704e+01,1.950000e+01,-5.890000e+01,2.870000e+01,-8.402611e-01,2.414734e+00,8.630474e-01,-1.056758e+00,4.530341e+00,2.380000e+01,-5.230000e+01,-2.760000e+01
3.654315e-02,9.100000e-03,-2.250263e-02,5.582895e-02,6.823557e+00,2.100000e+01,-7.000000e+01,2.680000e+01,-1.022970e+00,2.470834e+00,1.030247e+00,-1.298358e+00,-6.312822e+01,2.330000e+01,-9.800000e+01,-1.288000e+02
4.626425e-02,7.200000e-03,-2.290263e-02,7.252895e-02,7.951671e+00,2.800000e+01,-8.770000e+01,3.150000e+01,-8.962375e-01,2.183734e+00,1.042447e+00,-1.214658e+00,-4.937936e+01,3.990000e+01,-1.912000e+02,-1.645000e+02
5.956641e-02,-6.000000e-03,-8.002632e-03,9.762895e-02,-3.226677e-01,2.330000e+01,-1.177000e+02,3.850000e+01,-5.252207e-01,1.838134e+00,8.285474e-01,-9.594579e-01,-1.688785e+02,7.980000e+01,-2.322000e+02,-3.374000e+02
7.137743e-02,-4.300000e-03,1.309737e-02,1.086289e-01,-2.313588e+00,1.780000e+01,-1.519000e+02,5.710000e+01,-2.628482e-01,1.807434e+00,7.927474e-01,-8.342579e-01,-1.382649e+02,8.910000e+01,-2.385000e+02,-3.084000e+02
8.030609e-02,-7.200000e-03,5.439737e-02,1.121289e-01,6.886764e+00,2.440000e+01,-1.634000e+02,7.020000e+01,-1.866595e-01,1.663134e+00,7.333474e-01,-7.865579e-01,-9.640903e+01,5.490000e+01,-1.084000e+02,-1.873000e+02
8.795382e-02,-8.100000e-03,9.419737e-02,1.176289e-01,2.547748e+01,3.450000e+01,-1.895000e+02,1.012000e+02,4.961960e-02,1.419534e+00,4.593474e-01,-5.668579e-01,-1.032347e+01,8.020000e+01,-1.741000e+02,-1.238000e+02
9.322536e-02,-7.600000e-03,1.425974e-01,1.215289e-01,3.746899e+01,3.460000e+01,-2.229000e+02,1.364000e+02,2.630979e-01,1.262934e+00,3.048474e-01,-3.261579e-01,3.501551e+01,1.366000e+02,-1.200000e+02,-8.110000e+01
8.376972e-02,-1.410000e-02,1.819974e-01,1.259289e-01,4.525563e+01,3.200000e+01,-2.577000e+02,1.696000e+02,3.415630e-01,1.068134e+00,2.988474e-01,-1.311579e-01,5.518831e+00,9.000000e+01,-2.010000e+01,-5.470000e+01
6.063556e-02,-2.050000e-02,2.164974e-01,1.257289e-01,5.355554e+01,3.000000e+01,-2.942000e+02,2.048000e+02,4.063507e-01,8.503342e-01,2.219474e-01,5.024211e-02,-1.653487e+01,1.790000e+01,-4.100000e+00,-3.240000e+01
2.554051e-02,-2.400000e-02,2.240974e-01,1.322289e-01,6.691669e+01,3.730000e+01,-3.271000e+02,2.355000e+02,4.757282e-01,6.211342e-01,5.304737e-02,2.208421e-01,-1.814675e+01,-3.000000e-01,3.800000e+00,-2.070000e+01
-2.490132e-02,-2.640000e-02,2.316974e-01,1.277289e-01,6.309917e+01,2.660000e+01,-3.579000e+02,2.605000e+02,5.740562e-01,4.041342e-01,-1.368526e-01,4.147421e-01,-1.118798e+00,5.900000e+00,-2.800000e+00,-5.900000e+00
-8.401026e-02,-2.470000e-02,2.639974e-01,1.046289e-01,5.882963e+01,1.670000e+01,-3.755000e+02,2.781000e+02,5.423739e-01,4.917342e-01,-1.255526e-01,3.247421e-01,1.383323e+00,1.210000e+01,5.000000e-01,-5.700000e+00
-1.403230e-01,-6.300000e-03,3.265974e-01,6.292895e-02,4.663113e+01,-1.000000e+01,-3.831000e+02,3.098000e+02,3.643578e-01,6.046342e-01,6.114737e-02,9.464211e-02,-6.904638e+00,4.100000e+00,7.700000e+00,-8.600000e+00
-2.078242e-01,2.900000e-03,4.283974e-01,4.162895e-02,1.730259e+01,-5.600000e+01,-3.793000e+02,3.458000e+02,2.166192e-01,3.757342e-01,2.014737e-02,4.464211e-02,-1.934056e+00,9.500000e+00,8.800000e+00,-5.600000e+00
-2.619142e-01,5.180000e-02,4.908974e-01,1.912895e-02,-2.830324e+01,-1.166000e+02,-3.824000e+02,3.880000e+02,2.365962e-01,2.527342e-01,-8.952632e-03,1.368421e-01,-2.511185e+00,1.300000e+01,1.050000e+01,-8.000000e+00
-2.297132e-01,1.949000e-01,5.056974e-01,-2.171053e-03,-8.211435e+01,-1.715000e+02,-3.542000e+02,3.849000e+02,1.618022e-01,2.509342e-01,1.559474e-01,9.614211e-02,-2.406576e+00,1.210000e+01,1.100000e+01,-7.200000e+00
-5.931584e-02,4.533000e-01,5.422974e-01,3.352895e-02,-8.242973e+01,-1.504000e+02,-3.155000e+02,2.760000e+02,6.591875e-02,1.541342e-01,1.870474e-01,4.844211e-02,-1.578149e+00,1.330000e+01,9.600000e+00,-7.400000e+00
1.535767e-01,6.914000e-01,5.256974e-01,1.753289e-01,1.395227e+02,1.089000e+02,-1.331000e+02,1.519000e+02,5.088098e-02,8.863421e-02,5.754737e-02,3.294211e-02,-3.211084e+00,1.070000e+01,8.200000e+00,-8.200000e+00
2.955461e-01,8.311000e-01,5.702974e-01,3.082289e-01,2.286892e+02,2.262000e+02,3.880000e+01,1.075000e+02,3.985293e-02,5.413421e-02,-8.152632e-03,2.204211e-02,-2.000567e+00,8.200000e+00,6.400000e+00,-5.700000e+00
3.342699e-01,8.446000e-01,7.579974e-01,3.473289e-01,1.921702e+02,2.319000e+02,3.047000e+02,6.800000e+01,3.074282e-02,3.793421e-02,2.634737e-02,3.104211e-02,-1.976537e+00,6.400000e+00,5.900000e+00,-4.700000e+00
2.859286e-01,7.649000e-01,8.870974e-01,3.424289e-01,1.126912e+02,1.563000e+02,3.202000e+02,4.420000e+01,2.316563e-02,3.103421e-02,6.264737e-02,3.654211e-02,-2.997657e+00,5.700000e+00,7.000000e+00,-5.200000e+00
1.963369e-01,6.496000e-01,9.120974e-01,3.195289e-01,7.231789e+01,1.005000e+02,2.603000e+02,6.140000e+01,1.857027e-02,1.943421e-02,3.524737e-02,3.034211e-02,-3.640167e+00,6.400000e+00,6.400000e+00,-6.600000e+00
1.123613e-01,5.500000e-01,8.835974e-01,2.918289e-01,3.877342e+01,5.150000e+01,2.227000e+02,8.600000e+01,1.720172e-02,1.143421e-02,3.194737e-02,3.274211e-02,-3.387881e+00,7.400000e+00,6.500000e+00,-6.900000e+00
3.121115e-02,4.475000e-01,8.058974e-01,2.562289e-01,3.920121e+01,5.150000e+01,2.227000e+02,8.600000e+01,1.431916e-02,1.934211e-03,4.234737e-02,3.814211e-02,-4.666883e+00,8.800000e+00,6.300000e+00,-9.400000e+00
2.219357e-02,4.028000e-01,7.945974e-01,2.578289e-01,1.397593e+01,5.280000e+01,1.923000e+02,-4.800000e+00,1.418210e-02,2.342105e-04,3.884737e-02,3.804211e-02,-3.327822e+00,1.160000e+01,5.400000e+00,-9.800000e+00
-6.971383e-02,2.552000e-01,8.361974e-01,2.565289e-01,-3.352696e+01,3.990000e+01,2.169000e+02,-8.780000e+01,1.248396e-02,-2.065789e-03,4.214737e-02,3.834211e-02,-3.770282e+00,1.120000e+01,5.400000e+00,-1.010000e+01
-2.949742e-01,-4.140000e-02,8.208974e-01,1.941289e-01,-7.939445e+01,2.610000e+01,2.263000e+02,-1.646000e+02,1.112581e-02,7.342105e-04,4.474737e-02,3.564211e-02,-3.640026e+00,1.100000e+01,4.800000e+00,-1.000000e+01
-5.545084e-01,-3.251000e-01,8.298974e-01,2.402895e-02,-9.787700e+01,2.980000e+01,2.094000e+02,-2.169000e+02,1.050267e-02,-2.657895e-04,4.564737e-02,3.574211e-02,-3.206349e+00,1.010000e+01,3.800000e+00,-9.200000e+00
-7.174961e-01,-5.106000e-01,7.634974e-01,-1.313711e-01,-9.302342e+01,4.950000e+01,1.915000e+02,-2.451000e+02,9.574795e-03,-1.965789e-03,4.594737e-02,3.574211e-02,-2.602742e+00,7.800000e+00,2.100000e+00,-7.500000e+00
-7.234714e-01,-5.604000e-01,5.721974e-01,-1.925711e-01,-7.804216e+01,7.230000e+01,1.760000e+02,-2.550000e+02,8.672661e-03,-3.865789e-03,4.894737e-02,3.664211e-02,-2.431306e+00,6.600000e+00,1.900000e+00,-6.600000e+00
-6.165557e-01,-4.952000e-01,4.340974e-01,-1.914711e-01,-6.954208e+01,8.170000e+01,1.718000e+02,-2.539000e+02,8.050475e-03,-3.765789e-03,5.354737e-02,3.704211e-02,-2.817432e+00,4.300000e+00,-2.000000e-01,-6.200000e+00
-4.600083e-01,-3.853000e-01,3.688974e-01,-1.508711e-01,-6.892693e+01,8.110000e+01,1.720000e+02,-2.521000e+02,7.319218e-03,-4.665789e-03,5.814737e-02,3.794211e-02,-3.645940e+00,3.100000e+00,0.000000e+00,-6.400000e+00
-3.138984e-01,-2.947000e-01,2.967974e-01,-8.327105e-02,-6.444359e+01,8.010000e+01,1.760000e+02,-2.440000e+02,7.091761e-03,-3.965789e-03,6.314737e-02,3.854211e-02,-4.169954e+00,2.200000e+00,-1.000000e-01,-6.500000e+00
-1.680730e-01,-1.979000e-01,2.247974e-01,-7.371053e-03,-5.392269e+01,8.320000e+01,1.828000e+02,-2.325000e+02,6.678265e-03,-3.065789e-03,6.804737e-02,3.874211e-02,-3.484109e+00,2.700000e+00,-1.600000e+00,-6.400000e+00
-1.168213e-01,-1.851000e-01,1.308974e-01,4.022895e-02,-4.726500e+01,7.850000e+01,1.931000e+02,-2.196000e+02,6.028208e-03,-3.565789e-03,7.074737e-02,3.894211e-02,-3.004431e+00,2.100000e+00,-3.300000e+00,-5.900000e+00
-6.446446e-02,-1.588000e-01,3.189737e-02,9.012895e-02,-4.575981e+01,7.110000e+01,2.008000e+02,-2.118000e+02,6.026433e-03,-3.765789e-03,7.344737e-02,3.974211e-02,-3.249800e+00,1.400000e+00,-3.100000e+00,-5.700000e+00
1.627726e-02,-9.280000e-02,-3.210263e-02,1.424289e-01,-4.634128e+01,6.970000e+01,2.039000e+02,-2.121000e+02,6.033942e-03,-4.165789e-03,7.374737e-02,4.004211e-02,-2.949800e+00,5.000000e-01,-4.000000e+00,-5.000000e+00
1.168622e-01,-4.800000e-03,-4.410263e-02,1.942289e-01,-5.346026e+01,6.710000e+01,2.036000e+02,-2.192000e+02,6.225730e-03,-4.665789e-03,7.404737e-02,4.064211e-02,-2.131948e+00,-8.000000e-01,-6.000000e+00,-3.700000e+00
2.193673e-01,9.030000e-02,-2.430263e-02,2.403289e-01,-6.101815e+01,6.290000e+01,2.006000e+02,-2.242000e+02,7.149965e-03,-4.765789e-03,7.194737e-02,4.124211e-02,-1.709126e+00,-1.100000e+00,-7.900000e+00,-3.500000e+00
2.998027e-01,1.741000e-01,2.973684e-04,2.740289e-01,-7.807048e+01,5.470000e+01,1.903000e+02,-2.356000e+02,7.418728e-03,-4.565789e-03,7.054737e-02,4.104211e-02,-1.157826e+00,-1.700000e+00,-1.000000e+01,-3.000000e+00
3.536506e-01,2.414000e-01,1.729737e-02,2.976289e-01,-9.217492e+01,5.360000e+01,1.679000e+02,-2.420000e+02,7.997338e-03,-4.165789e-03,7.004737e-02,4.134211e-02,-6.154199e-01,-2.400000e+00,-1.120000e+01,-2.200000e+00
3.965448e-01,3.164000e-01,3.669737e-02,3.096289e-01,-1.018667e+02,5.820000e+01,1.425000e+02,-2.440000e+02,8.996425e-03,-2.865789e-03,7.054737e-02,4.184211e-02,7.369756e-03,-3.300000e+00,-1.290000e+01,-1.300000e+00
4.483987e-01,4.291000e-01,8.179737e-02,3.058289e-01,-1.141812e+02,5.110000e+01,1.228000e+02,-2.448000e+02,1.008445e-02,-2.465789e-03,7.174737e-02,4.324211e-02,-1.660699e-01,-3.600000e+00,-1.360000e+01,-1.500000e+00
4.896108e-01,5.767000e-01,1.254974e-01,2.810289e-01,-1.293595e+02,2.980000e+01,1.066000e+02,-2.435000e+02,1.177692e-02,-2.165789e-03,7.394737e-02,4.574211e-02,-2.645010e-01,-5.700000e+00,-1.650000e+01,-1.000000e+00
4.907404e-01,7.389000e-01,1.298974e-01,2.362289e-01,-1.371735e+02,1.960000e+01,9.840000e+01,-2.436000e+02,1.441910e-02,-5.657895e-04,7.644737e-02,4.864211e-02,-5.785012e-01,-7.500000e+00,-1.920000e+01,-9.000000e-01
4.539503e-01,9.108000e-01,1.046974e-01,1.725289e-01,-1.476440e+02,9.400000e+00,8.310000e+01,-2.428000e+02,1.754654e-02,2.342105e-04,7.614737e-02,5.194211e-02,-1.070429e-01,-8.200000e+00,-2.350000e+01,-1.000000e+00
4.004813e-01,1.079000e+00,7.659737e-02,1.086289e-01,-1.475512e+02,9.400000e+00,8.310000e+01,-2.428000e+02,2.182372e-02,2.934211e-03,7.824737e-02,5.604211e-02,2.373749e+00,-4.800000e+00,-2.970000e+01,-1.900000e+00
2.803659e-01,1.257300e+00,-1.140263e-02,1.428947e-03,-1.657481e+02,-1.660000e+01,4.100000e+01,-2.285000e+02,2.557301e-02,2.634211e-03,7.504737e-02,6.014211e-02,3.536289e+00,-3.600000e+00,-3.500000e+01,-2.700000e+00
1.194325e-01,1.420300e+00,-1.362026e-01,-1.247711e-01,-1.642139e+02,-2.950000e+01,1.690000e+01,-2.063000e+02,2.961995e-02,3.434211e-03,7.374737e-02,6.444211e-02,4.339322e+00,-3.200000e+00,-3.810000e+01,-2.800000e+00
-5.142507e-02,1.577700e+00,-2.758026e-01,-2.583711e-01,-1.497282e+02,-3.760000e+01,-7.500000e+00,-1.695000e+02,3.400847e-02,3.834211e-03,7.164737e-02,6.934211e-02,5.050504e+00,-3.100000e+00,-4.480000e+01,-3.800000e+00
-2.175858e-01,1.730700e+00,-4.196026e-01,-3.926711e-01,-1.256976e+02,-3.370000e+01,-2.490000e+01,-1.292000e+02,3.745300e-02,3.634211e-03,7.134737e-02,7.414211e-02,6.825234e+00,-2.700000e+00,-5.230000e+01,-3.900000e+00
-3.919181e-01,1.859500e+00,-5.714026e-01,-5.303711e-01,-1.100049e+02,-2.850000e+01,-3.050000e+01,-1.075000e+02,4.047172e-02,4.234211e-03,7.004737e-02,7.774211e-02,7.582111e+00,-4.300000e+00,-5.780000e+01,-3.300000e+00
-5.693061e-01,1.945100e+00,-7.386026e-01,-6.658711e-01,-7.449441e+01,-1.320000e+01,-4.050000e+01,-6.120000e+01,4.353460e-02,5.234211e-03,6.554737e-02,8.044211e-02,7.436977e+00,-5.300000e+00,-6.480000e+01,-4.700000e+00
-7.415142e-01,1.987900e+00,-9.053026e-01,-8.074711e-01,-3.190748e+01,5.000000e+00,-5.560000e+01,-3.600000e+00,4.641459e-02,6.934211e-03,6.264737e-02,8.314211e-02,5.766001e+00,-8.300000e+00,-7.370000e+01,-7.100000e+00
-9.247391e-01,1.980000e+00,-1.092103e+00,-9.851711e-01,-8.999128e+00,-1.610000e+01,-1.093000e+02,6.670000e+01,4.944191e-02,8.234211e-03,5.714737e-02,8.604211e-02,5.759593e-01,-1.560000e+01,-8.380000e+01,-1.110000e+01
-9.180865e-01,1.796200e+00,-1.256503e+00,-1.022071e+00,-4.904863e+01,-1.223000e+02,-3.159000e+02,1.880000e+02,5.486764e-02,8.634211e-03,5.234737e-02,9.354211e-02,-2.010459e+00,-2.010000e+01,-9.190000e+01,-1.330000e+01
-5.445758e-01,1.697500e+00,-1.165803e+00,-8.049711e-01,-3.580659e+01,-1.199000e+02,-3.626000e+02,2.333000e+02,6.620169e-02,3.634211e-03,3.814737e-02,1.119421e-01,-5.776146e-01,-1.910000e+01,-1.145000e+02,-1.890000e+01
-2.201570e-01,1.640700e+00,-9.592026e-01,-6.172711e-01,7.323159e+01,-6.220000e+01,-1.530000e+02,2.163000e+02,7.576459e-02,2.034211e-03,2.324737e-02,1.273421e-01,-6.479996e+00,-2.370000e+01,-1.419000e+02,-3.120000e+01
2.648794e-02,1.551100e+00,-7.725026e-01,-4.561711e-01,9.650221e+01,-1.037000e+02,-8.040000e+01,2.270000e+02,8.118625e-02,7.342105e-04,6.047368e-03,1.392421e-01,-2.528841e+01,-4.280000e+01,-1.673000e+02,-4.790000e+01
1.680747e-01,1.558700e+00,-7.054026e-01,-3.399711e-01,5.018162e+01,-7.290000e+01,2.430000e+01,9.390000e+01,8.521234e-02,-3.165789e-03,-1.675263e-02,1.546421e-01,-4.276032e+01,-5.740000e+01,-1.988000e+02,-6.880000e+01
2.063786e-01,1.354600e+00,-6.224026e-01,-2.238711e-01,2.680314e+01,-4.450000e+01,2.430000e+01,4.780000e+01,8.659801e-02,-1.046579e-02,-4.565263e-02,1.756421e-01,-5.625082e+01,-6.760000e+01,-2.394000e+02,-9.150000e+01
2.663088e-01,1.147100e+00,-5.181026e-01,-8.437105e-02,2.282116e+01,-1.160000e+01,1.150000e+01,2.990000e+01,8.058099e-02,-2.036579e-02,-7.485263e-02,1.975421e-01,-5.958772e+01,-6.590000e+01,-2.622000e+02,-1.063000e+02
3.307605e-01,9.670000e-01,-3.953026e-01,3.972895e-02,2.074735e+01,7.300000e+00,7.000000e+00,1.840000e+01,6.602125e-02,-2.766579e-02,-1.152526e-01,2.128421e-01,-6.809517e+01,-6.080000e+01,-2.962000e+02,-1.382000e+02
4.102433e-01,8.024000e-01,-2.531026e-01,1.672289e-01,1.189796e+01,1.050000e+01,8.000000e+00,4.900000e+00,3.522434e-02,-3.816579e-02,-1.509526e-01,2.244421e-01,-7.648876e+01,-5.750000e+01,-3.299000e+02,-1.692000e+02
5.513617e-01,6.402000e-01,-7.460263e-02,3.540289e-01,4.376982e+00,1.030000e+01,5.200000e+00,-3.100000e+00,-1.193394e-02,-4.756579e-02,-1.790526e-01,2.306421e-01,-8.249124e+01,-5.610000e+01,-3.720000e+02,-1.975000e+02
6.703191e-01,6.301000e-01,1.146974e-01,4.180289e-01,6.688703e+00,1.690000e+01,6.200000e+00,-4.600000e+00,-7.227919e-02,-5.256579e-02,-1.971526e-01,2.297421e-01,-8.538571e+01,-5.090000e+01,-3.997000e+02,-2.226000e+02
4.531428e-01,5.351000e-01,6.769737e-02,2.235289e-01,8.929480e+00,1.660000e+01,8.200000e+00,-2.600000e+00,-1.449331e-01,-4.876579e-02,-2.114526e-01,2.097421e-01,-7.551908e+01,-3.080000e+01,-4.315000e+02,-2.528000e+02
2.356750e-01,3.765000e-01,-5.550263e-02,1.036289e-01,8.065893e+00,1.010000e+01,8.100000e+00,2.000000e-01,-2.208611e-01,-4.146579e-02,-2.706526e-01,1.890421e-01,-4.564503e+01,1.330000e+01,-4.372000e+02,-2.874000e+02
9.612158e-02,2.636000e-01,-1.305026e-01,3.112895e-02,7.926500e+00,4.500000e+00,8.400000e+00,3.200000e+00,-3.034105e-01,-3.006579e-02,-3.726526e-01,1.704421e-01,-2.169909e+01,4.200000e+01,-4.380000e+02,-3.011000e+02
1.145451e-02,5.710000e-02,-6.790263e-02,1.582895e-02,5.762771e+00,-1.600000e+00,8.800000e+00,3.900000e+00,-3.610400e-01,2.053421e-02,-4.562526e-01,1.574421e-01,1.936954e+01,7.590000e+01,-4.825000e+02,-2.612000e+02
2.502033e-02,6.100000e-02,-1.140263e-02,2.928947e-03,5.758864e+00,-1.600000e+00,8.800000e+00,3.900000e+00,-3.034249e-01,1.727342e-01,-5.284526e-01,1.389421e-01,3.509227e+00,4.250000e+01,-4.685000e+02,-1.228000e+02
2.090399e-02,6.870000e-02,2.369737e-02,-2.397105e-02,3.423548e+00,-5.500000e+00,6.700000e+00,4.300000e+00,-6.768326e-02,4.438342e-01,-5.964526e-01,2.353421e-01,-9.136649e+01,-7.800000e+01,-1.629000e+02,-4.890000e+01
1.415304e-02,5.210000e-02,4.469737e-02,-3.287105e-02,2.994173e+00,-5.000000e+00,5.200000e+00,4.200000e+00,1.065051e-01,5.780342e-01,-5.750526e-01,2.767421e-01,-1.549582e+02,-1.696000e+02,1.748000e+02,1.280000e+01
5.143902e-03,2.170000e-02,4.509737e-02,-2.637105e-02,3.640289e+00,-3.700000e+00,5.500000e+00,4.100000e+00,1.663989e-01,5.805342e-01,-6.802526e-01,2.813421e-01,-8.614905e+01,-1.143000e+02,3.757000e+02,-1.740000e+01
6.613726e-03,1.340000e-02,5.679737e-02,-2.527105e-02,3.854706e+00,-3.000000e+00,5.000000e+00,4.200000e+00,1.002832e-01,4.601342e-01,-7.391526e-01,2.647421e-01,-5.029892e+01,-7.710000e+01,4.193000e+02,-5.230000e+01
8.474522e-03,1.240000e-02,6.099737e-02,-2.437105e-02,4.930820e+00,-1.900000e+00,4.600000e+00,5.100000e+00,-8.690677e-02,2.440342e-01,-7.664526e-01,2.233421e-01,-3.145396e+01,-4.340000e+01,3.288000e+02,-8.560000e+01
6.125948e-03,1.070000e-02,4.499737e-02,-1.857105e-02,5.706908e+00,5.000000e-01,4.100000e+00,4.900000e+00,-2.452655e-01,6.563421e-02,-7.587526e-01,2.050421e-01,-9.346257e+01,-9.340000e+01,1.832000e+02,-8.410000e+01
6.620220e-03,1.180000e-02,3.579737e-02,-1.417105e-02,6.992574e+00,2.900000e+00,4.300000e+00,5.000000e+00,-2.914553e-01,7.934211e-03,-7.481526e-01,1.923421e-01,-1.295703e+02,-1.292000e+02,6.790000e+01,-4.730000e+01
5.438971e-03,8.100000e-03,2.749737e-02,-9.471053e-03,7.690788e+00,3.700000e+00,3.900000e+00,5.600000e+00,-2.397922e-01,4.223421e-02,-7.315526e-01,1.773421e-01,-1.043587e+02,-1.182000e+02,1.020000e+02,-8.400000e+00
5.067789e-03,7.000000e-03,2.039737e-02,-5.871053e-03,8.063304e+00,4.400000e+00,3.600000e+00,5.800000e+00,-1.963341e-01,5.313421e-02,-7.139526e-01,1.487421e-01,-1.115543e+01,-5.280000e+01,2.065000e+02,6.020000e+01
4.272375e-03,6.100000e-03,1.339737e-02,-2.971053e-03,8.139623e+00,4.800000e+00,2.900000e+00,6.000000e+00,-2.797478e-01,-8.976579e-02,-6.700526e-01,1.195421e-01,4.311537e+01,-2.770000e+01,2.728000e+02,1.337000e+02
3.586987e-03,6.400000e-03,1.279737e-02,-3.771053e-03,8.140090e+00,4.800000e+00,2.900000e+00,6.000000e+00,-5.559129e-01,-3.958658e-01,-6.112526e-01,-2.435789e-02,5.243167e+01,-3.140000e+01,2.814000e+02,1.653000e+02
2.963134e-03,6.700000e-03,1.069737e-02,-3.771053e-03,7.840121e+00,4.900000e+00,1.800000e+00,6.100000e+00,-6.950015e-01,-5.797658e-01,-6.092526e-01,-1.086579e-01,5.806475e+01,-4.870000e+01,2.681000e+02,2.149000e+02
3.444999e-03,6.900000e-03,1.259737e-02,-4.271053e-03,8.183314e+00,5.300000e+00,2.400000e+00,6.000000e+00,-6.950339e-01,-6.187658e-01,-4.750526e-01,-1.547579e-01,5.016642e+01,-7.210000e+01,2.415000e+02,2.408000e+02
2.927976e-03,7.000000e-03,1.549737e-02,-6.471053e-03,8.224045e+00,5.300000e+00,2.300000e+00,6.100000e+00,-5.679268e-01,-5.149658e-01,-3.950526e-01,-1.693579e-01,4.109311e+01,-9.170000e+01,2.206000e+02,2.535000e+02
2.194340e-03,7.000000e-03,1.899737e-02,-9.171053e-03,7.570737e+00,3.000000e+00,2.200000e+00,6.700000e+00,-3.344705e-01,-2.957658e-01,-3.669526e-01,-1.469579e-01,3.255771e+01,-1.023000e+02,2.156000e+02,2.531000e+02
1.699850e-03,7.600000e-03,2.199737e-02,-1.167105e-02,6.937018e+00,1.500000e+00,2.400000e+00,6.700000e+00,-1.382743e-01,-1.022658e-01,-3.617526e-01,-1.324579e-01,2.882615e+01,-1.000000e+02,2.209000e+02,2.450000e+02
9.309051e-04,8.600000e-03,2.379737e-02,-1.417105e-02,6.935859e+00,1.500000e+00,2.400000e+00,6.700000e+00,-5.395406e-02,-2.466579e-02,-3.042526e-01,-1.153579e-01,2.656607e+01,-9.940000e+01,2.249000e+02,2.420000e+02
5.997789e-04,1.040000e-02,2.389737e-02,-1.577105e-02,6.795077e+00,1.700000e+00,2.000000e+00,6.600000e+00,-4.782179e-02,-3.496579e-02,-2.153526e-01,-8.955789e-02,2.104962e+01,-9.830000e+01,2.297000e+02,2.338000e+02
4.358592e-04,1.000000e-02,2.279737e-02,-1.527105e-02,6.779838e+00,2.900000e+00,7.000000e-01,6.500000e+00,-4.101949e-02,-4.186579e-02,-1.406526e-01,-5.925789e-02,1.340883e+01,-9.570000e+01,2.314000e+02,2.198000e+02
7.500621e-04,8.900000e-03,2.029737e-02,-1.307105e-02,6.813222e+00,4.200000e+00,-6.000000e-01,6.400000e+00,9.192424e-03,1.403421e-02,-9.965263e-02,-2.925789e-02,1.193695e+01,-9.170000e+01,2.352000e+02,2.148000e+02
1.714014e-03,9.500000e-03,1.919737e-02,-1.177105e-02,7.591210e+00,5.500000e+00,-8.000000e-01,6.700000e+00,7.805964e-02,1.070342e-01,-6.845263e-02,5.242105e-03,1.044227e+01,-9.570000e+01,2.282000e+02,2.120000e+02
2.392069e-03,8.700000e-03,1.719737e-02,-9.571053e-03,6.824940e+00,7.500000e+00,-3.400000e+00,5.800000e+00,1.415554e-01,2.040342e-01,-4.505263e-02,4.134211e-02,6.823380e+00,-1.173000e+02,2.069000e+02,2.126000e+02
3.059055e-03,8.600000e-03,1.569737e-02,-8.071053e-03,7.393934e+00,9.500000e+00,-4.800000e+00,6.000000e+00,1.800387e-01,2.869342e-01,-2.075263e-02,6.904211e-02,5.887569e+00,-1.423000e+02,1.726000e+02,2.100000e+02
3.375814e-03,7.600000e-03,1.099737e-02,-4.871053e-03,8.662898e+00,1.230000e+01,-6.000000e+00,6.500000e+00,1.976540e-01,3.439342e-01,-2.752632e-03,9.334211e-02,7.651052e+00,-1.483000e+02,1.476000e+02,2.011000e+02
5.482697e-03,9.000000e-03,1.169737e-02,-3.571053e-03,8.812653e+00,1.310000e+01,-8.400000e+00,7.400000e+00,2.232114e-01,4.207342e-01,1.434737e-02,1.205421e-01,8.951790e+00,-1.571000e+02,9.040000e+01,1.708000e+02
6.577112e-03,1.090000e-02,1.609737e-02,-5.771053e-03,1.302504e+01,1.720000e+01,-8.300000e+00,1.020000e+01,2.530704e-01,5.490342e-01,3.534737e-02,1.340421e-01,-8.027147e-02,-1.619000e+02,7.540000e+01,1.509000e+02
7.989613e-03,9.600000e-03,1.869737e-02,-4.671053e-03,1.924229e+01,1.940000e+01,-7.700000e+00,1.650000e+01,2.607974e-01,6.791342e-01,6.474737e-02,1.314421e-01,-1.889257e+01,-1.483000e+02,8.620000e+01,1.254000e+02
1.116901e-02,1.000000e-02,2.639737e-02,-4.971053e-03,2.013472e+01,1.910000e+01,-8.800000e+00,1.840000e+01,2.203699e-01,7.783342e-01,1.322474e-01,1.143421e-01,-4.868244e+01,-1.515000e+02,8.450000e+01,8.430000e+01
1.293988e-02,1.370000e-02,3.399737e-02,-9.171053e-03,2.351787e+01,2.040000e+01,-9.100000e+00,2.210000e+01,1.589073e-01,8.823342e-01,2.163474e-01,8.164211e-02,-7.890716e+01,-1.676000e+02,7.660000e+01,4.360000e+01
1.266594e-02,1.440000e-02,4.199737e-02,-1.437105e-02,2.691782e+01,2.230000e+01,-9.500000e+00,2.550000e+01,8.138167e-02,9.934342e-01,3.094474e-01,3.044211e-02,-1.073182e+02,-1.725000e+02,7.780000e+01,6.500000e+00
1.129016e-02,1.490000e-02,3.819737e-02,-1.477105e-02,2.667470e+01,2.270000e+01,-1.290000e+01,2.670000e+01,-1.868910e-03,1.108234e+00,3.916474e-01,-4.005789e-02,-1.214222e+02,-1.762000e+02,7.900000e+01,-1.090000e+01
1.436507e-02,2.130000e-02,4.449737e-02,-1.857105e-02,2.582668e+01,2.470000e+01,-1.730000e+01,2.660000e+01,-9.890867e-02,1.222634e+00,4.766474e-01,-1.336579e-01,-1.314757e+02,-1.790000e+02,7.150000e+01,-3.170000e+01
1.509453e-02,1.780000e-02,4.819737e-02,-1.757105e-02,2.810030e+01,2.870000e+01,-1.930000e+01,2.800000e+01,-1.745222e-01,1.329434e+00,5.367474e-01,-2.268579e-01,-1.248872e+02,-1.793000e+02,5.000000e+01,-4.350000e+01
1.802045e-02,2.240000e-02,4.209737e-02,-1.387105e-02,2.558025e+01,3.160000e+01,-2.560000e+01,2.610000e+01,-2.399073e-01,1.454934e+00,5.962474e-01,-3.302579e-01,-1.083765e+02,-1.600000e+02,3.000000e+01,-4.970000e+01
2.013964e-02,1.980000e-02,3.799737e-02,-7.271053e-03,2.467503e+01,3.290000e+01,-2.890000e+01,2.580000e+01,-3.603889e-01,1.525234e+00,6.951474e-01,-4.568579e-01,-8.918389e+01,-1.461000e+02,1.340000e+01,-4.520000e+01
2.366188e-02,1.690000e-02,3.229737e-02,2.528947e-03,2.467003e+01,3.290000e+01,-2.890000e+01,2.580000e+01,-4.908554e-01,1.527034e+00,7.824474e-01,-5.777579e-01,-8.942456e+01,-1.461000e+02,1.340000e+01,-4.520000e+01
2.700727e-02,1.830000e-02,2.059737e-02,1.272895e-02,1.570935e+01,4.250000e+01,-5.050000e+01,1.890000e+01,-4.792084e-01,1.549034e+00,7.484474e-01,-6.681579e-01,-4.711384e+01,-1.126000e+02,-5.280000e+01,-7.670000e+01
3.076986e-02,1.660000e-02,7.497368e-03,2.722895e-02,1.438622e+01,5.250000e+01,-6.410000e+01,1.750000e+01,-3.349188e-01,1.631234e+00,6.893474e-01,-7.309579e-01,-9.248220e+01,4.310000e+01,-6.290000e+01,-2.787000e+02
3.710471e-02,1.180000e-02,-1.202632e-03,4.632895e-02,1.427094e+01,6.560000e+01,-8.050000e+01,1.700000e+01,-1.565904e-01,1.651534e+00,5.833474e-01,-6.959579e-01,-8.554772e+01,2.777000e+02,7.930000e+01,-2.656000e+02
4.685905e-02,8.500000e-03,-3.502632e-03,6.722895e-02,1.235863e+01,7.480000e+01,-1.045000e+02,2.140000e+01,-1.551634e-01,1.541334e+00,6.174474e-01,-6.407579e-01,-6.701128e+01,3.659000e+02,1.653000e+02,-2.075000e+02
5.908697e-02,2.000000e-04,1.789737e-02,8.312895e-02,1.077040e+01,7.740000e+01,-1.180000e+02,2.530000e+01,-1.087215e-01,1.323334e+00,4.888474e-01,-5.789579e-01,5.670701e+00,3.819000e+02,1.161000e+02,-1.541000e+02
6.956878e-02,-1.290000e-02,4.179737e-02,1.023289e-01,9.695615e+00,7.990000e+01,-1.493000e+02,4.150000e+01,-3.541965e-02,1.029034e+00,2.887474e-01,-4.902579e-01,4.531670e+01,3.372000e+02,-1.160000e+01,-1.686000e+02
8.363261e-02,-2.410000e-02,7.509737e-02,1.248289e-01,7.716369e+00,8.110000e+01,-1.896000e+02,6.410000e+01,6.034420e-02,8.031342e-01,2.086474e-01,-3.189579e-01,4.553952e+01,3.161000e+02,-7.150000e+01,-1.955000e+02
9.402758e-02,-4.590000e-02,1.324974e-01,1.459289e-01,5.489668e+00,8.180000e+01,-2.432000e+02,9.700000e+01,1.968860e-01,8.142342e-01,2.970474e-01,-1.404579e-01,2.331844e+01,2.248000e+02,-6.190000e+01,-1.581000e+02
9.071951e-02,-6.810000e-02,1.884974e-01,1.633289e-01,2.523986e+00,8.050000e+01,-3.008000e+02,1.353000e+02,2.616486e-01,7.681342e-01,3.407474e-01,-1.045789e-02,4.839598e+00,1.261000e+02,5.900000e+01,-5.200000e+01
7.137851e-02,-9.190000e-02,2.450974e-01,1.797289e-01,-2.872044e+00,7.240000e+01,-3.572000e+02,1.788000e+02,2.983548e-01,5.893342e-01,2.667474e-01,1.171421e-01,1.741092e+01,7.140000e+01,1.340000e+01,-2.000000e+01
3.072232e-02,-1.174000e-01,3.001974e-01,1.962289e-01,-1.685368e+01,5.540000e+01,-4.150000e+02,2.228000e+02,2.772365e-01,4.335342e-01,3.285474e-01,2.194421e-01,1.242717e+01,3.800000e+01,1.340000e+01,-3.800000e+00
-3.147251e-02,-1.422000e-01,3.623974e-01,1.969289e-01,-3.145715e+01,3.790000e+01,-4.391000e+02,2.419000e+02,2.196086e-01,2.281342e-01,3.477474e-01,2.893421e-01,6.189652e+00,2.230000e+01,1.100000e+01,-2.300000e+00
-1.250888e-01,-1.697000e-01,4.276974e-01,1.714289e-01,-7.822821e+01,-1.340000e+01,-4.796000e+02,2.700000e+02,1.096957e-01,5.653421e-02,3.754474e-01,2.727421e-01,3.235082e+00,1.770000e+01,1.080000e+01,-3.100000e+00
-2.396746e-01,-1.927000e-01,4.756974e-01,1.223289e-01,-1.209499e+02,-6.210000e+01,-4.896000e+02,2.816000e+02,1.074701e-01,4.534211e-03,2.649474e-01,2.549421e-01,7.020389e-01,1.560000e+01,1.020000e+01,-5.200000e+00
-3.463712e-01,-1.885000e-01,4.827974e-01,8.332895e-02,-1.461962e+02,-7.830000e+01,-5.277000e+02,2.832000e+02,1.169739e-01,6.723421e-02,3.170474e-01,2.446421e-01,-3.283440e+00,1.250000e+01,1.290000e+01,-7.100000e+00
-3.283936e-01,-6.030000e-02,4.778974e-01,3.122895e-02,-1.780081e+02,-1.101000e+02,-5.107000e+02,2.540000e+02,1.495255e-01,2.111342e-01,4.221474e-01,2.312421e-01,-3.597724e+00,1.260000e+01,1.290000e+01,-7.600000e+00
-1.157436e-01,2.234000e-01,5.068974e-01,1.422895e-02,-1.875635e+02,-1.282000e+02,-4.125000e+02,1.489000e+02,1.300414e-01,2.977342e-01,4.205474e-01,1.463421e-01,-4.038029e+00,1.200000e+01,1.340000e+01,-7.600000e+00
1.309389e-01,4.823000e-01,6.151974e-01,1.366289e-01,-9.929696e+01,-6.670000e+01,-2.115000e+02,-1.100000e+00,2.966435e-02,1.322342e-01,2.592474e-01,6.214211e-02,-4.412085e+00,1.110000e+01,1.270000e+01,-7.800000e+00
2.589030e-01,6.214000e-01,6.145974e-01,2.960289e-01,-1.492910e+01,-1.500000e+00,-8.630000e+01,-4.150000e+01,4.651868e-03,3.473421e-02,1.134474e-01,3.614211e-02,-5.246372e+00,1.020000e+01,1.320000e+01,-8.100000e+00
2.673120e-01,5.870000e-01,5.663974e-01,3.526289e-01,5.764714e+01,2.050000e+01,2.170000e+02,-6.140000e+01,1.281362e-02,6.973421e-02,8.944737e-02,1.374211e-02,-4.525022e+00,9.400000e+00,1.220000e+01,-7.100000e+00
1.982826e-01,4.528000e-01,5.505974e-01,3.535289e-01,4.978942e+01,-8.900000e+00,3.304000e+02,-1.840000e+01,7.230898e-03,5.123421e-02,3.394737e-02,-2.757895e-03,-3.974351e+00,7.700000e+00,8.900000e+00,-6.600000e+00
1.241827e-01,3.449000e-01,4.901974e-01,3.453289e-01,1.921950e+01,-4.130000e+01,2.923000e+02,8.500000e+01,5.967373e-03,4.313421e-02,1.834737e-02,-5.157895e-03,-4.488368e+00,4.300000e+00,7.200000e+00,-5.700000e+00
9.198666e-02,2.925000e-01,4.179974e-01,3.414289e-01,-5.498083e+00,-6.940000e+01,2.680000e+02,1.351000e+02,4.805574e-03,4.233421e-02,2.714737e-02,-2.957895e-03,-4.501960e+00,1.000000e-01,4.800000e+00,-3.900000e+00
1.101726e-01,2.771000e-01,4.103974e-01,3.587289e-01,-1.792000e+01,-8.070000e+01,2.702000e+02,1.228000e+02,6.003524e-03,3.793421e-02,2.334737e-02,-1.578947e-04,-3.953552e+00,-2.900000e+00,3.100000e+00,-1.900000e+00
1.598752e-01,2.764000e-01,4.817974e-01,3.742289e-01,-4.190050e+01,-8.850000e+01,2.769000e+02,4.450000e+01,5.205817e-03,3.193421e-02,2.044737e-02,1.542105e-03,-3.630216e+00,-3.900000e+00,1.600000e+00,-1.400000e+00
1.218893e-01,1.745000e-01,5.687974e-01,3.896289e-01,-7.448762e+01,-1.109000e+02,2.954000e+02,-5.100000e+00,4.167204e-03,3.013421e-02,2.244737e-02,2.042105e-03,-4.198013e+00,-4.700000e+00,2.100000e+00,-1.400000e+00
-8.723292e-02,-9.800000e-02,5.934974e-01,3.446289e-01,-1.278778e+02,-1.388000e+02,3.096000e+02,-9.400000e+01,2.635698e-03,2.763421e-02,2.134737e-02,1.242105e-03,-4.058068e+00,-3.900000e+00,2.500000e+00,-1.600000e+00
-3.655075e-01,-3.704000e-01,4.955974e-01,1.475289e-01,-1.705706e+02,-1.584000e+02,3.054000e+02,-1.585000e+02,1.812534e-03,2.713421e-02,2.054737e-02,1.421053e-04,-3.664973e+00,-3.800000e+00,2.700000e+00,-1.100000e+00
-5.521141e-01,-5.172000e-01,4.789974e-01,-8.957105e-02,-1.940275e+02,-1.597000e+02,2.760000e+02,-2.020000e+02,1.666075e-03,2.753421e-02,2.124737e-02,-1.578947e-04,-3.819167e+00,-3.500000e+00,2.400000e+00,-1.600000e+00
-5.470226e-01,-4.889000e-01,5.093974e-01,-2.229711e-01,-1.935797e+02,-1.597000e+02,2.760000e+02,-2.020000e+02,1.655004e-03,2.833421e-02,1.834737e-02,-1.857895e-03,-3.953800e+00,-4.100000e+00,2.600000e+00,-1.300000e+00
-4.114668e-01,-3.199000e-01,5.067974e-01,-2.973711e-01,-2.257749e+02,-1.427000e+02,1.985000e+02,-2.664000e+02,9.296526e-04,2.893421e-02,1.724737e-02,-3.657895e-03,-4.129595e+00,-4.900000e+00,2.300000e+00,-1.100000e+00
-2.732411e-01,-1.597000e-01,5.500974e-01,-3.445711e-01,-2.335747e+02,-1.428000e+02,1.840000e+02,-2.760000e+02,9.907705e-04,2.973421e-02,1.434737e-02,-5.257895e-03,-4.390843e+00,-5.500000e+00,2.100000e+00,-1.100000e+00
-1.549042e-01,-3.530000e-02,6.110974e-01,-3.660711e-01,-2.486528e+02,-1.521000e+02,1.649000e+02,-2.830000e+02,7.593061e-04,3.063421e-02,9.847368e-03,-7.857895e-03,-3.867866e+00,-6.000000e+00,2.400000e+00,0.000000e+00
-8.116481e-02,5.950000e-02,6.199974e-01,-3.857711e-01,-2.573113e+02,-1.653000e+02,1.571000e+02,-2.787000e+02,-1.484787e-06,3.063421e-02,8.547368e-03,-9.357895e-03,-4.679967e+00,-8.700000e+00,1.900000e+00,6.000000e-01
-6.123387e-02,1.202000e-01,5.782974e-01,-4.137711e-01,-2.583215e+02,-1.704000e+02,1.557000e+02,-2.747000e+02,-1.726521e-04,3.003421e-02,8.547368e-03,-9.257895e-03,-4.705796e+00,-1.000000e+01,4.000000e-01,9.000000e-01
-5.931713e-02,1.639000e-01,5.343974e-01,-4.361711e-01,-2.579772e+02,-1.722000e+02,1.548000e+02,-2.726000e+02,-3.823693e-04,2.753421e-02,6.847368e-03,-8.557895e-03,-4.968550e+00,-1.050000e+01,-2.000000e-01,7.000000e-01
-3.783755e-02,2.311000e-01,5.136974e-01,-4.505711e-01,-2.661386e+02,-1.769000e+02,1.451000e+02,-2.764000e+02,-3.328491e-04,2.483421e-02,6.347368e-03,-6.957895e-03,-5.778822e+00,-1.170000e+01,-1.300000e+00,1.000000e-01
5.046087e-03,3.251000e-01,5.268974e-01,-4.621711e-01,-2.814759e+02,-1.820000e+02,1.261000e+02,-2.858000e+02,-6.542545e-04,2.343421e-02,7.547368e-03,-6.057895e-03,-6.184767e+00,-1.330000e+01,-1.800000e+00,5.000000e-01
4.524699e-02,4.181000e-01,5.663974e-01,-4.772711e-01,-2.927861e+02,-1.852000e+02,1.120000e+02,-2.930000e+02,-8.647785e-04,2.323421e-02,7.547368e-03,-6.257895e-03,-6.365303e+00,-1.300000e+01,-1.500000e+00,2.000000e-01
7.362309e-02,5.060000e-01,6.103974e-01,-4.991711e-01,-3.253543e+02,-1.992000e+02,7.390000e+01,-3.099000e+02,-1.264585e-03,2.203421e-02,6.347368e-03,-6.457895e-03,-6.273004e+00,-1.280000e+01,-1.500000e+00,2.000000e-01
8.083938e-02,5.614000e-01,6.646974e-01,-5.275711e-01,-3.644426e+02,-2.171000e+02,2.360000e+01,-3.273000e+02,-1.370830e-03,2.193421e-02,5.347368e-03,-6.957895e-03,-6.114729e+00,-1.350000e+01,-2.300000e+00,6.000000e-01
8.338903e-02,6.173000e-01,7.058974e-01,-5.584711e-01,-4.002059e+02,-2.265000e+02,-2.340000e+01,-3.474000e+02,-1.459775e-03,2.153421e-02,2.647368e-03,-7.857895e-03,-6.917498e+00,-1.350000e+01,-1.500000e+00,-1.000000e-01
6.540480e-02,6.573000e-01,7.352974e-01,-5.959711e-01,-4.000966e+02,-2.265000e+02,-2.340000e+01,-3.474000e+02,-1.546718e-03,2.153421e-02,2.247368e-03,-8.157895e-03,-7.403269e+00,-1.480000e+01,-4.000000e-01,6.000000e-01
6.424892e-02,7.325000e-01,7.597974e-01,-6.374711e-01,-4.365186e+02,-2.316000e+02,-7.350000e+01,-3.695000e+02,-1.349918e-03,2.153421e-02,-1.252632e-03,-9.257895e-03,-8.507088e+00,-1.690000e+01,-1.100000e+00,4.000000e-01
4.081115e-02,8.095000e-01,7.685974e-01,-6.983711e-01,-4.311436e+02,-2.315000e+02,-7.670000e+01,-3.618000e+02,-1.339809e-03,2.183421e-02,-3.552632e-03,-1.035789e-02,-9.032973e+00,-1.800000e+01,-1.400000e+00,4.000000e-01
-1.377669e-02,8.634000e-01,7.413974e-01,-7.692711e-01,-4.239179e+02,-2.276000e+02,-8.160000e+01,-3.534000e+02,-8.891891e-04,2.403421e-02,-3.052632e-03,-1.115789e-02,-8.916806e+00,-1.880000e+01,-2.000000e+00,9.000000e-01
-7.344941e-02,9.042000e-01,6.976974e-01,-8.406711e-01,-4.096646e+02,-2.121000e+02,-1.071000e+02,-3.352000e+02,-4.954132e-04,2.633421e-02,-1.152632e-03,-1.155789e-02,-1.004022e+01,-2.160000e+01,-2.100000e+00,1.400000e+00
-1.148875e-01,9.550000e-01,6.654974e-01,-9.113711e-01,-3.989933e+02,-2.009000e+02,-1.411000e+02,-3.158000e+02,-2.156250e-04,2.703421e-02,-2.852632e-03,-1.235789e-02,-1.072848e+01,-2.370000e+01,-2.400000e+00,1.900000e+00
-1.460997e-01,1.011100e+00,6.222974e-01,-9.799711e-01,-3.911579e+02,-1.942000e+02,-1.697000e+02,-2.994000e+02,1.426219e-04,2.673421e-02,-6.352632e-03,-1.305789e-02,-1.103029e+01,-2.370000e+01,-2.000000e+00,1.700000e+00
-1.730973e-01,1.063600e+00,5.631974e-01,-1.047671e+00,-3.804478e+02,-1.835000e+02,-1.923000e+02,-2.841000e+02,7.269949e-04,2.653421e-02,-9.852632e-03,-1.355789e-02,-1.177667e+01,-2.330000e+01,-2.500000e+00,3.000000e-01
-2.063813e-01,1.097200e+00,4.936974e-01,-1.123971e+00,-3.622329e+02,-1.711000e+02,-2.227000e+02,-2.578000e+02,1.057124e-03,2.623421e-02,-1.395263e-02,-1.455789e-02,-1.188728e+01,-2.270000e+01,-1.900000e+00,0.000000e+00
-2.503221e-01,1.108200e+00,4.131974e-01,-1.206771e+00,-3.495775e+02,-1.633000e+02,-2.402000e+02,-2.403000e+02,1.871515e-03,2.783421e-02,-1.645263e-02,-1.565789e-02,-1.303847e+01,-2.410000e+01,-2.000000e+00,-5.000000e-01
-2.465450e-01,1.133100e+00,3.327974e-01,-1.255771e+00,-3.160176e+02,-1.479000e+02,-2.684000e+02,-1.973000e+02,1.644835e-03,2.823421e-02,-2.045263e-02,-1.785789e-02,-1.335906e+01,-2.520000e+01,-2.000000e+00,-1.000000e-01
-4.823665e-02,1.279500e+00,2.486974e-01,-1.137271e+00,-2.571870e+02,-1.094000e+02,-2.324000e+02,-1.629000e+02,2.064775e-03,3.043421e-02,-2.205263e-02,-1.955789e-02,-1.427545e+01,-2.600000e+01,-1.800000e+00,-6.000000e-01
-8.722836e-03,1.410400e+00,1.376974e-01,-1.152171e+00,-1.708094e+02,-2.260000e+01,-5.860000e+01,-1.853000e+02,3.478015e-03,3.193421e-02,-2.485263e-02,-1.995789e-02,-1.472763e+01,-2.710000e+01,-9.000000e-01,0.000000e+00
-6.484264e-02,1.316300e+00,4.199737e-02,-1.115071e+00,-1.240787e+02,1.110000e+01,-2.730000e+01,-1.626000e+02,3.926428e-03,3.233421e-02,-2.795263e-02,-2.095789e-02,-1.537260e+01,-2.940000e+01,-2.500000e+00,2.000000e-01
-3.427364e-02,1.257500e+00,8.769737e-02,-1.056571e+00,-7.818345e+01,3.860000e+01,-2.630000e+01,-1.229000e+02,4.641847e-03,3.263421e-02,-3.515263e-02,-2.325789e-02,-1.503313e+01,-3.020000e+01,-2.400000e+00,1.300000e+00
8.929459e-03,1.164900e+00,1.245974e-01,-9.466711e-01,-7.364133e+01,4.170000e+01,-1.300000e+01,-1.258000e+02,5.779470e-03,3.003421e-02,-4.475263e-02,-2.395789e-02,-1.488200e+01,-2.950000e+01,-2.700000e+00,9.000000e-01
-2.535842e-04,9.628000e-01,1.466974e-01,-8.140711e-01,-6.201006e+01,4.450000e+01,8.000000e-01,-1.194000e+02,6.323047e-03,2.763421e-02,-5.135263e-02,-2.435789e-02,-1.509532e+01,-2.790000e+01,-4.800000e+00,-1.400000e+00
2.753778e-02,8.274000e-01,1.830974e-01,-6.875711e-01,-1.170811e+01,4.090000e+01,3.180000e+01,-6.460000e+01,7.510931e-03,2.703421e-02,-5.865263e-02,-2.555789e-02,-1.408289e+01,-2.550000e+01,-5.500000e+00,-2.100000e+00
9.531844e-02,7.627000e-01,2.416974e-01,-5.711711e-01,1.642999e+01,2.640000e+01,5.240000e+01,-2.660000e+01,9.057346e-03,2.453421e-02,-6.585263e-02,-2.485789e-02,-1.385905e+01,-2.290000e+01,-6.200000e+00,-4.000000e+00
1.669148e-01,6.583000e-01,2.788974e-01,-4.107711e-01,2.373653e+00,-7.000000e-01,4.220000e+01,-2.000000e+01,1.023515e-02,2.173421e-02,-7.495263e-02,-2.525789e-02,-1.399370e+01,-2.090000e+01,-8.400000e+00,-6.600000e+00
1.997346e-01,5.135000e-01,3.017974e-01,-2.695711e-01,8.000640e+00,-9.900000e+00,3.220000e+01,0.000000e+00,1.293735e-02,1.953421e-02,-8.555263e-02,-2.475789e-02,-1.326736e+01,-1.840000e+01,-1.000000e+01,-8.200000e+00
2.988158e-02,2.293000e-01,3.408974e-01,-3.129711e-01,1.557407e+01,-1.830000e+01,2.410000e+01,2.090000e+01,1.541681e-02,1.573421e-02,-9.865263e-02,-2.445789e-02,-1.223625e+01,-1.370000e+01,-1.120000e+01,-1.090000e+01
-1.028168e-02,-3.880000e-02,3.964974e-01,-2.018711e-01,1.517754e+01,-2.480000e+01,2.000000e+01,2.730000e+01,1.604492e-02,1.283421e-02,-1.112526e-01,-2.705789e-02,-1.062618e+01,-8.300000e+00,-1.310000e+01,-1.370000e+01
5.414869e-02,-5.940000e-02,4.440974e-01,-1.235711e-01,1.639303e+01,-2.390000e+01,1.920000e+01,2.870000e+01,1.738642e-02,1.273421e-02,-1.236526e-01,-3.075789e-02,-1.077217e+01,-6.600000e+00,-1.240000e+01,-1.490000e+01
4.810811e-02,-1.000000e-01,3.574974e-01,-5.487105e-02,1.238205e+01,-1.780000e+01,1.500000e+01,2.120000e+01,1.736817e-02,1.493421e-02,-1.293526e-01,-3.495789e-02,-1.118561e+01,-1.000000e+00,-1.050000e+01,-1.890000e+01
2.079627e-02,-1.175000e-01,2.711974e-01,-3.297105e-02,5.201323e+00,-9.300000e+00,8.700000e+00,8.900000e+00,1.663247e-02,2.253421e-02,-1.272526e-01,-4.075789e-02,-1.396662e+01,-9.000000e-01,-1.000000e+01,-2.250000e+01
4.621783e-02,-3.250000e-02,2.132974e-01,-2.867105e-02,1.822673e+00,-3.300000e+00,5.000000e+00,2.100000e+00,1.708897e-02,3.033421e-02,-1.381526e-01,-5.095789e-02,-2.465221e+01,-5.000000e+00,-4.000000e+00,-3.100000e+01
4.865061e-02,-7.200000e-03,1.591974e-01,-1.477105e-02,6.946778e-01,-1.200000e+00,5.000000e+00,-9.000000e-01,1.409309e-02,3.273421e-02,-1.440526e-01,-5.925789e-02,-3.592060e+01,-6.200000e+00,2.100000e+00,-4.250000e+01
2.765208e-02,-4.220000e-02,9.409737e-02,1.642895e-02,4.760571e-01,-2.000000e+00,5.300000e+00,-8.000000e-01,1.127472e-02,3.863421e-02,-1.456526e-01,-6.805789e-02,-4.647820e+01,-9.400000e+00,8.000000e+00,-5.160000e+01
1.338916e-02,-3.240000e-02,5.609737e-02,1.072895e-02,3.296816e-01,-1.900000e+00,4.600000e+00,-7.000000e-01,7.676657e-03,4.433421e-02,-1.397526e-01,-7.445789e-02,-5.962298e+01,-1.690000e+01,1.690000e+01,-5.950000e+01
7.732180e-03,3.800000e-03,3.249737e-02,-9.571053e-03,3.359111e-01,-1.900000e+00,4.600000e+00,-7.000000e-01,3.057061e-03,5.083421e-02,-1.298526e-01,-8.115789e-02,-6.559518e+01,-2.060000e+01,2.090000e+01,-6.290000e+01
1.691945e-04,1.170000e-02,5.973684e-04,-7.971053e-03,9.278740e-01,6.500000e+00,3.300000e+00,-5.100000e+00,-1.490563e-03,5.833421e-02,-1.200526e-01,-8.865789e-02,-7.663285e+01,-2.930000e+01,3.130000e+01,-6.640000e+01
-1.908269e-03,1.210000e-02,-3.602632e-03,-8.671053e-03,5.432790e-01,1.040000e+01,1.000000e+00,-7.100000e+00,-5.844828e-03,6.243421e-02,-1.119526e-01,-9.405789e-02,-8.830159e+01,-4.040000e+01,3.700000e+01,-7.090000e+01
-8.248273e-04,7.300000e-03,1.269737e-02,-1.277105e-02,1.443962e+00,1.220000e+01,-2.000000e-01,-6.500000e+00,-8.555428e-03,6.573421e-02,-1.138526e-01,-1.008579e-01,-1.035402e+02,-4.940000e+01,4.560000e+01,-8.060000e+01
-3.547452e-04,-1.700000e-03,3.809737e-02,-1.997105e-02,1.987408e+00,1.040000e+01,-4.000000e-01,-4.400000e+00,-1.027985e-02,6.623421e-02,-1.272526e-01,-1.088579e-01,-1.199656e+02,-5.500000e+01,5.340000e+01,-9.490000e+01
8.655641e-04,-8.500000e-03,5.959737e-02,-2.567105e-02,3.324199e+00,5.000000e+00,1.000000e+00,4.000000e-01,-1.213522e-02,6.243421e-02,-1.466526e-01,-1.159579e-01,-1.419869e+02,-6.380000e+01,6.280000e+01,-1.135000e+02
8.644700e-04,-1.290000e-02,7.149737e-02,-2.937105e-02,3.355674e+00,2.700000e+00,1.100000e+00,2.000000e+00,-1.168142e-02,6.253421e-02,-1.520526e-01,-1.169579e-01,-1.566391e+02,-7.080000e+01,7.020000e+01,-1.245000e+02
1.633061e-03,-1.450000e-02,7.329737e-02,-2.827105e-02,3.743532e+00,-2.100000e+00,2.500000e+00,5.100000e+00,-1.039710e-02,6.223421e-02,-1.557526e-01,-1.156579e-01,-1.908617e+02,-8.950000e+01,8.890000e+01,-1.478000e+02
2.300923e-03,-1.470000e-02,7.119737e-02,-2.607105e-02,3.490903e+00,-3.100000e+00,1.900000e+00,5.800000e+00,-9.132076e-03,5.603421e-02,-1.658526e-01,-1.122579e-01,-2.301402e+02,-1.085000e+02,1.090000e+02,-1.770000e+02
2.265886e-03,-1.480000e-02,7.349737e-02,-2.737105e-02,2.532319e+00,-3.700000e+00,1.600000e+00,5.100000e+00,-7.041003e-03,4.753421e-02,-1.827526e-01,-1.085579e-01,-2.728049e+02,-1.290000e+02,1.311000e+02,-2.087000e+02
2.448912e-03,-1.530000e-02,7.589737e-02,-2.817105e-02,1.691600e+00,-3.400000e+00,1.700000e+00,3.700000e+00,-6.054029e-03,3.893421e-02,-1.999526e-01,-1.059579e-01,-3.127541e+02,-1.446000e+02,1.541000e+02,-2.401000e+02
1.701119e-03,-1.450000e-02,7.899737e-02,-3.157105e-02,9.443196e-01,-1.400000e+00,8.000000e-01,1.800000e+00,-8.008709e-03,3.153421e-02,-2.166526e-01,-1.071579e-01,-3.410489e+02,-1.492000e+02,1.710000e+02,-2.667000e+02
1.771684e-03,-1.260000e-02,7.999737e-02,-3.347105e-02,7.882487e-01,-6.000000e-01,1.200000e+00,8.000000e-01,-9.293181e-03,2.673421e-02,-2.194526e-01,-1.036579e-01,-3.589339e+02,-1.522000e+02,1.752000e+02,-2.858000e+02
9.280870e-04,-1.110000e-02,7.879737e-02,-3.507105e-02,8.940746e-02,-5.000000e-01,3.000000e-01,3.000000e-01,-9.302530e-03,2.213421e-02,-1.960526e-01,-8.915789e-02,-3.651291e+02,-1.528000e+02,1.759000e+02,-2.929000e+02
6.323342e-04,-8.500000e-03,7.459737e-02,-3.497105e-02,2.521856e-01,-9.000000e-01,3.000000e-01,8.000000e-01,-1.225425e-03,2.203421e-02,-1.563526e-01,-6.215789e-02,-3.675697e+02,-1.503000e+02,1.767000e+02,-2.973000e+02
1.857977e-04,-6.600000e-03,6.799737e-02,-3.317105e-02,5.962061e-01,-2.400000e+00,1.200000e+00,1.800000e+00,5.504442e-03,1.953421e-02,-8.145263e-02,-2.445789e-02,-3.534714e+02,-1.486000e+02,1.594000e+02,-2.870000e+02
4.031832e-05,-4.800000e-03,6.069737e-02,-3.047105e-02,4.965647e-01,-2.900000e+00,1.400000e+00,1.900000e+00,1.578071e-02,1.893421e-02,9.847368e-03,2.004211e-02,-3.242301e+02,-1.414000e+02,1.348000e+02,-2.640000e+02
-3.470173e-04,-4.200000e-03,5.829737e-02,-3.007105e-02,4.067280e-02,-1.900000e+00,5.000000e-01,1.100000e+00,2.499489e-02,3.013421e-02,1.041474e-01,5.574211e-02,-2.948337e+02,-1.447000e+02,1.119000e+02,-2.337000e+02
-3.789384e-04,-4.200000e-03,5.849737e-02,-3.027105e-02,2.486097e-01,-1.200000e+00,1.000000e+00,6.000000e-01,2.646353e-02,4.233421e-02,1.732474e-01,7.294211e-02,-2.873206e+02,-1.483000e+02,9.790000e+01,-2.270000e+02
-2.750516e-04,-5.100000e-03,6.009737e-02,-3.047105e-02,3.364530e-01,-5.000000e-01,7.000000e-01,4.000000e-01,2.536422e-02,5.873421e-02,2.206474e-01,7.734211e-02,-2.900407e+02,-1.493000e+02,9.340000e+01,-2.312000e+02
-2.134490e-04,-5.200000e-03,6.079737e-02,-3.077105e-02,9.813053e-01,-1.000000e-01,1.200000e+00,7.000000e-01,2.753166e-02,8.243421e-02,2.532474e-01,7.624211e-02,-2.953623e+02,-1.482000e+02,9.010000e+01,-2.394000e+02
2.224946e-04,-4.900000e-03,6.119737e-02,-3.067105e-02,9.998233e-01,1.000000e-01,1.000000e+00,7.000000e-01,2.985460e-02,1.052342e-01,2.818474e-01,7.444211e-02,-2.976453e+02,-1.477000e+02,8.880000e+01,-2.429000e+02
6.844854e-04,-5.300000e-03,6.249737e-02,-3.057105e-02,5.671143e-01,-0.000000e+00,8.000000e-01,3.000000e-01,2.881199e-02,1.243342e-01,2.958474e-01,6.634211e-02,-2.905096e+02,-1.491000e+02,8.310000e+01,-2.353000e+02
1.019725e-03,-5.000000e-03,6.249737e-02,-3.037105e-02,6.162184e-01,-3.000000e-01,1.100000e+00,4.000000e-01,2.464443e-02,1.398342e-01,2.965474e-01,5.254211e-02,-2.738122e+02,-1.464000e+02,7.300000e+01,-2.200000e+02
8.609480e-04,-5.400000e-03,6.289737e-02,-3.057105e-02,-5.771417e-02,-2.400000e+00,1.200000e+00,9.000000e-01,1.918987e-02,1.570342e-01,2.850474e-01,3.234211e-02,-2.562341e+02,-1.409000e+02,6.600000e+01,-2.043000e+02
-3.072100e-05,-5.500000e-03,6.279737e-02,-3.167105e-02,1.501892e-02,-4.100000e+00,2.200000e+00,1.600000e+00,1.762117e-02,1.796342e-01,2.444474e-01,4.042105e-03,-2.376919e+02,-1.293000e+02,6.260000e+01,-1.899000e+02
8.729106e-05,-5.700000e-03,6.549737e-02,-3.297105e-02,-5.447462e-01,-5.900000e+00,2.200000e+00,2.100000e+00,8.041596e-03,1.896342e-01,1.926474e-01,-3.025789e-02,-2.303137e+02,-1.253000e+02,6.000000e+01,-1.842000e+02
6.055061e-04,-5.100000e-03,6.699737e-02,-3.357105e-02,-6.164459e-01,-7.600000e+00,3.200000e+00,2.600000e+00,-1.541815e-04,1.877342e-01,1.388474e-01,-5.685789e-02,-2.211265e+02,-1.193000e+02,5.400000e+01,-1.786000e+02
1.166913e-03,-4.700000e-03,6.849737e-02,-3.397105e-02,-6.128546e-01,-7.600000e+00,3.200000e+00,2.600000e+00,-4.904127e-04,1.871342e-01,1.131474e-01,-6.605789e-02,-2.162352e+02,-1.119000e+02,4.840000e+01,-1.789000e+02
1.486693e-03,-5.300000e-03,6.929737e-02,-3.357105e-02,-1.467922e+00,-9.700000e+00,2.700000e+00,3.200000e+00,-4.948195e-05,1.817342e-01,1.130474e-01,-6.335789e-02,-2.141790e+02,-1.044000e+02,4.590000e+01,-1.817000e+02
1.591451e-03,-5.700000e-03,6.919737e-02,-3.307105e-02,-9.902742e-01,-9.800000e+00,3.400000e+00,3.500000e+00,7.896842e-04,1.653342e-01,1.265474e-01,-4.925789e-02,-2.089870e+02,-1.002000e+02,4.160000e+01,-1.793000e+02
1.591956e-03,-5.400000e-03,6.699737e-02,-3.197105e-02,-1.711719e+00,-9.900000e+00,2.700000e+00,3.000000e+00,7.153759e-03,1.481342e-01,1.434474e-01,-2.675789e-02,-1.989053e+02,-9.280000e+01,4.080000e+01,-1.718000e+02
1.055672e-03,-4.900000e-03,6.449737e-02,-3.157105e-02,-1.498585e+00,-8.800000e+00,2.900000e+00,2.400000e+00,1.540022e-02,1.319342e-01,1.611474e-01,-2.357895e-03,-1.927998e+02,-8.800000e+01,3.920000e+01,-1.678000e+02
1.262636e-03,-5.300000e-03,6.169737e-02,-2.937105e-02,-1.525473e+00,-8.200000e+00,2.800000e+00,2.000000e+00,2.154629e-02,1.106342e-01,1.755474e-01,2.144211e-02,-1.814965e+02,-7.860000e+01,3.570000e+01,-1.609000e+02
1.191052e-03,-5.700000e-03,5.909737e-02,-2.767105e-02,-1.753706e+00,-7.400000e+00,2.000000e+00,1.600000e+00,2.038015e-02,8.123421e-02,1.919474e-01,4.184211e-02,-1.680563e+02,-6.920000e+01,3.190000e+01,-1.515000e+02
1.355049e-03,-5.800000e-03,5.719737e-02,-2.627105e-02,-1.751005e+00,-7.400000e+00,2.000000e+00,1.600000e+00,1.681078e-02,4.773421e-02,1.996474e-01,5.904211e-02,-1.549732e+02,-5.650000e+01,2.930000e+01,-1.442000e+02
1.811683e-03,-5.900000e-03,5.409737e-02,-2.377105e-02,-2.200733e+00,-8.400000e+00,1.800000e+00,1.800000e+00,1.278010e-02,1.483421e-02,1.960474e-01,7.194211e-02,-1.418066e+02,-4.410000e+01,2.710000e+01,-1.365000e+02
1.549282e-03,-6.900000e-03,5.039737e-02,-2.127105e-02,-2.251434e+00,-8.300000e+00,1.900000e+00,1.600000e+00,6.546685e-03,-2.116579e-02,1.831474e-01,8.164211e-02,-1.294808e+02,-3.470000e+01,2.300000e+01,-1.285000e+02
1.316286e-03,-7.700000e-03,4.669737e-02,-1.887105e-02,-3.259710e+00,-8.400000e+00,2.000000e-01,1.300000e+00,-3.369927e-03,-6.156579e-02,1.648474e-01,8.854211e-02,-1.188423e+02,-2.750000e+01,1.800000e+01,-1.214000e+02
1.442556e-03,-7.200000e-03,4.399737e-02,-1.747105e-02,-3.093616e+00,-7.800000e+00,-3.000000e-01,1.400000e+00,-1.445887e-02,-1.046658e-01,1.390474e-01,9.434211e-02,-1.155342e+02,-2.600000e+01,1.520000e+01,-1.190000e+02
2.084448e-03,-7.600000e-03,4.509737e-02,-1.697105e-02,-3.526567e+00,-7.500000e+00,-8.000000e-01,9.000000e-01,-2.790850e-02,-1.478658e-01,1.093474e-01,9.714211e-02,-1.127224e+02,-2.730000e+01,1.140000e+01,-1.157000e+02
2.232926e-03,-8.600000e-03,4.679737e-02,-1.707105e-02,-3.474649e+00,-8.400000e+00,-3.000000e-01,1.300000e+00,-4.083824e-02,-1.898658e-01,7.934737e-02,1.004421e-01,-1.142981e+02,-3.400000e+01,1.010000e+01,-1.137000e+02
2.570409e-03,-9.400000e-03,4.749737e-02,-1.647105e-02,-3.473844e+00,-8.400000e+00,-3.000000e-01,1.300000e+00,-4.920017e-02,-2.252658e-01,5.124737e-02,1.058421e-01,-1.193756e+02,-4.290000e+01,1.530000e+01,-1.130000e+02
2.514754e-03,-9.400000e-03,4.839737e-02,-1.707105e-02,-3.473049e+00,-8.400000e+00,-3.000000e-01,1.300000e+00,-5.122750e-02,-2.516658e-01,2.424737e-02,1.134421e-01,-1.278333e+02,-5.380000e+01,2.160000e+01,-1.149000e+02
2.569897e-03,-8.600000e-03,4.759737e-02,-1.707105e-02,-5.687148e+00,-1.570000e+01,1.000000e+00,2.600000e+00,-4.864452e-02,-2.697658e-01,2.473684e-04,1.216421e-01,-1.376414e+02,-6.400000e+01,3.180000e+01,-1.180000e+02
3.181368e-03,-7.600000e-03,4.629737e-02,-1.617105e-02,-6.197729e+00,-1.640000e+01,1.500000e+00,2.100000e+00,-4.575911e-02,-2.817658e-01,-1.585263e-02,1.278421e-01,-1.442482e+02,-6.920000e+01,3.840000e+01,-1.212000e+02
2.572487e-03,-7.700000e-03,4.519737e-02,-1.627105e-02,-6.104704e+00,-1.660000e+01,1.600000e+00,2.300000e+00,-4.183086e-02,-2.903658e-01,-2.555263e-02,1.341421e-01,-1.587825e+02,-7.990000e+01,4.690000e+01,-1.301000e+02
2.171008e-03,-7.000000e-03,4.379737e-02,-1.647105e-02,-5.890869e+00,-1.680000e+01,2.500000e+00,2.200000e+00,-3.500871e-02,-2.911658e-01,-3.005263e-02,1.401421e-01,-1.721314e+02,-9.020000e+01,4.990000e+01,-1.391000e+02
1.838781e-03,-6.500000e-03,4.139737e-02,-1.587105e-02,-5.944833e+00,-1.650000e+01,2.700000e+00,1.800000e+00,-2.547994e-02,-2.817658e-01,-3.075263e-02,1.441421e-01,-1.833988e+02,-9.620000e+01,5.210000e+01,-1.484000e+02
1.893901e-03,-6.400000e-03,3.949737e-02,-1.477105e-02,-5.390023e+00,-1.530000e+01,2.900000e+00,1.600000e+00,-1.352653e-02,-2.636658e-01,-2.775263e-02,1.468421e-01,-1.937277e+02,-1.021000e+02,5.410000e+01,-1.567000e+02
1.048005e-03,-6.000000e-03,3.439737e-02,-1.327105e-02,-5.905875e+00,-1.490000e+01,2.600000e+00,8.000000e-01,1.223028e-03,-2.367658e-01,-2.335263e-02,1.481421e-01,-2.014506e+02,-1.093000e+02,5.690000e+01,-1.610000e+02
6.804541e-04,-5.900000e-03,2.899737e-02,-1.077105e-02,-5.371774e+00,-1.380000e+01,2.700000e+00,7.000000e-01,1.471753e-02,-2.016658e-01,-1.685263e-02,1.437421e-01,-2.074956e+02,-1.184000e+02,6.520000e+01,-1.610000e+02
-3.759978e-05,-5.900000e-03,2.339737e-02,-8.571053e-03,-5.530369e+00,-1.280000e+01,2.700000e+00,-2.000000e-01,2.220300e-02,-1.640658e-01,-1.215263e-02,1.309421e-01,-2.095890e+02,-1.217000e+02,6.960000e+01,-1.606000e+02
-2.187911e-04,-6.400000e-03,1.929737e-02,-6.171053e-03,-5.434427e+00,-1.220000e+01,2.900000e+00,-6.000000e-01,1.940087e-02,-1.310658e-01,-1.305263e-02,1.079421e-01,-2.132450e+02,-1.259000e+02,7.330000e+01,-1.617000e+02
2.318303e-04,-7.700000e-03,1.639737e-02,-3.071053e-03,-6.728693e+00,-1.250000e+01,3.200000e+00,-2.300000e+00,6.468217e-03,-1.091658e-01,-1.535263e-02,7.944211e-02,-2.148093e+02,-1.316000e+02,6.780000e+01,-1.618000e+02
-1.526739e-04,-8.900000e-03,1.349737e-02,-1.171053e-03,-9.468282e+00,-1.630000e+01,3.400000e+00,-3.500000e+00,-7.314877e-03,-8.996579e-02,-1.925263e-02,5.124211e-02,-2.127759e+02,-1.387000e+02,5.770000e+01,-1.582000e+02
6.210321e-04,-9.300000e-03,9.497368e-03,2.328947e-03,-1.209315e+01,-1.840000e+01,2.000000e+00,-4.800000e+00,-1.463339e-02,-5.896579e-02,-2.655263e-02,2.334211e-02,-2.081003e+02,-1.449000e+02,5.390000e+01,-1.505000e+02
6.678793e-04,-1.060000e-02,6.797368e-03,4.728947e-03,-1.254842e+01,-1.850000e+01,1.200000e+00,-4.900000e+00,-1.873839e-02,-1.946579e-02,-3.515263e-02,-5.657895e-03,-2.024684e+02,-1.482000e+02,5.560000e+01,-1.418000e+02
8.031671e-04,-1.160000e-02,4.997368e-03,6.528947e-03,-1.391862e+01,-1.990000e+01,1.400000e+00,-5.900000e+00,-2.446959e-02,1.493421e-02,-4.325263e-02,-3.365789e-02,-1.986545e+02,-1.482000e+02,5.470000e+01,-1.377000e+02
1.236045e-03,-1.230000e-02,2.997368e-03,8.628947e-03,-1.535261e+01,-1.980000e+01,9.000000e-01,-7.600000e+00,-3.295624e-02,4.343421e-02,-5.045263e-02,-6.175789e-02,-1.911781e+02,-1.471000e+02,4.780000e+01,-1.317000e+02
1.264305e-03,-1.210000e-02,1.973684e-04,1.002895e-02,-1.625822e+01,-2.010000e+01,-2.000000e-01,-8.000000e+00,-4.659167e-02,6.933421e-02,-5.435263e-02,-9.385789e-02,-1.862533e+02,-1.444000e+02,4.250000e+01,-1.291000e+02
1.950128e-03,-1.340000e-02,5.973684e-04,1.152895e-02,-1.695653e+01,-2.060000e+01,-2.000000e-01,-8.600000e+00,-6.241951e-02,8.873421e-02,-5.565263e-02,-1.247579e-01,-1.854727e+02,-1.398000e+02,3.670000e+01,-1.326000e+02
3.929709e-03,-1.460000e-02,3.997368e-03,1.302895e-02,-1.701474e+01,-2.040000e+01,-6.000000e-01,-8.600000e+00,-7.785537e-02,1.056342e-01,-4.935263e-02,-1.517579e-01,-1.844146e+02,-1.341000e+02,3.100000e+01,-1.364000e+02
4.609996e-03,-1.480000e-02,3.597368e-03,1.422895e-02,-1.677915e+01,-2.140000e+01,-1.400000e+00,-7.200000e+00,-8.865482e-02,1.312342e-01,-3.375263e-02,-1.748579e-01,-1.832567e+02,-1.158000e+02,2.730000e+01,-1.462000e+02
4.796070e-03,-1.510000e-02,9.973684e-04,1.602895e-02,-1.772652e+01,-2.300000e+01,-1.400000e+00,-7.400000e+00,-9.161029e-02,1.672342e-01,-1.675263e-02,-1.942579e-01,-1.811804e+02,-9.920000e+01,2.390000e+01,-1.540000e+02
6.313405e-03,-1.520000e-02,1.197368e-03,1.792895e-02,-1.759357e+01,-2.260000e+01,-2.500000e+00,-6.900000e+00,-9.931593e-02,2.004342e-01,1.994737e-02,-2.111579e-01,-1.758577e+02,-9.250000e+01,2.120000e+01,-1.523000e+02
4.573190e-03,-1.570000e-02,-2.902632e-03,1.812895e-02,-1.734982e+01,-2.230000e+01,-2.100000e+00,-7.000000e+00,-1.083325e-01,2.195342e-01,5.864737e-02,-2.217579e-01,-1.573744e+02,-7.220000e+01,1.340000e+01,-1.443000e+02
5.540129e-03,-1.560000e-02,-1.302632e-03,1.842895e-02,-1.707347e+01,-2.150000e+01,-2.600000e+00,-6.900000e+00,-1.055751e-01,2.258342e-01,9.814737e-02,-2.110579e-01,-1.314442e+02,-4.770000e+01,5.300000e+00,-1.299000e+02
5.569320e-03,-1.590000e-02,-4.702632e-03,2.042895e-02,-1.764264e+01,-2.230000e+01,-3.400000e+00,-6.700000e+00,-5.131460e-02,2.389342e-01,1.032474e-01,-1.542579e-01,-9.809416e+01,-4.570000e+01,-7.300000e+00,-9.520000e+01
7.324144e-03,-1.710000e-02,-5.026316e-04,2.122895e-02,-1.880382e+01,-2.390000e+01,-4.300000e+00,-6.700000e+00,5.005521e-03,2.122342e-01,6.824737e-02,-8.025789e-02,-6.240124e+01,-3.140000e+01,5.110000e+01,-3.870000e+01
9.811312e-03,-1.960000e-02,6.973684e-04,2.542895e-02,-2.131692e+01,-2.680000e+01,-7.500000e+00,-6.400000e+00,2.425142e-02,9.913421e-02,-4.995263e-02,-3.225789e-02,-2.257152e+01,-2.270000e+01,5.880000e+01,7.400000e+00
1.422909e-02,-2.190000e-02,6.097368e-03,2.982895e-02,-2.450124e+01,-3.080000e+01,-1.120000e+01,-6.000000e+00,3.536829e-02,-1.946579e-02,-1.547526e-01,9.842105e-03,-1.739960e+01,2.300000e+00,1.720000e+01,-1.590000e+01
1.657069e-02,-2.180000e-02,5.697368e-03,3.302895e-02,-2.590650e+01,-3.420000e+01,-1.600000e+01,-3.100000e+00,7.816624e-02,1.083421e-02,-1.656526e-01,3.984211e-02,2.731207e+01,3.280000e+01,-9.290000e+01,-1.980000e+01
2.079755e-02,-2.280000e-02,8.397368e-03,3.782895e-02,-2.717821e+01,-3.590000e+01,-1.800000e+01,-2.600000e+00,1.176149e-01,7.953421e-02,-1.170526e-01,6.494211e-02,4.705386e+01,3.700000e+01,-5.370000e+01,1.600000e+01
2.419593e-02,-2.390000e-02,6.897368e-03,4.382895e-02,-2.754714e+01,-3.660000e+01,-2.230000e+01,-4.000000e-01,1.206777e-01,4.073421e-02,-8.745263e-02,1.024421e-01,4.538291e+01,1.330000e+01,1.900000e+00,4.800000e+01
2.585905e-02,-2.480000e-02,-1.602632e-03,5.102895e-02,-2.904826e+01,-3.650000e+01,-2.800000e+01,5.000000e-01,1.274122e-01,-8.365789e-03,-9.155263e-02,1.375421e-01,3.383141e+01,-1.270000e+01,-1.040000e+01,4.460000e+01
3.108896e-02,-2.440000e-02,4.973684e-04,5.672895e-02,-3.133935e+01,-3.610000e+01,-3.300000e+01,-2.000000e-01,1.453076e-01,-2.146579e-02,-1.159526e-01,1.574421e-01,3.335712e+01,-2.260000e+01,-1.710000e+01,4.720000e+01
3.461983e-02,-2.560000e-02,-6.702632e-03,6.602895e-02,-3.376892e+01,-3.660000e+01,-3.880000e+01,-1.000000e-01,1.482049e-01,-4.166579e-02,-1.574526e-01,1.561421e-01,3.271583e+01,-1.710000e+01,-6.500000e+00,4.720000e+01
3.883384e-02,-2.360000e-02,-7.002632e-03,7.072895e-02,-3.748850e+01,-3.880000e+01,-4.390000e+01,-9.000000e-01,9.536806e-02,-8.316579e-02,-1.604526e-01,1.137421e-01,3.224724e+01,-1.320000e+01,-6.800000e+00,4.420000e+01
4.181727e-02,-2.420000e-02,-1.480263e-02,7.942895e-02,-4.174615e+01,-4.200000e+01,-5.170000e+01,-4.000000e-01,3.436603e-02,-7.926579e-02,-1.086526e-01,5.744211e-02,2.619697e+01,-8.100000e+00,-1.170000e+01,3.190000e+01
4.792592e-02,-2.160000e-02,-1.310263e-02,8.552895e-02,-4.414056e+01,-4.380000e+01,-5.630000e+01,0.000000e+00,4.172844e-03,4.734211e-03,4.614737e-02,3.514211e-02,5.872666e+00,-1.130000e+01,-1.220000e+01,8.700000e+00
5.271708e-02,-1.650000e-02,-1.380263e-02,8.952895e-02,-4.745288e+01,-4.840000e+01,-6.470000e+01,3.000000e+00,-7.719263e-03,8.953421e-02,1.569474e-01,1.734211e-02,-1.762590e+01,-2.420000e+01,-4.000000e+00,-9.300000e+00
5.939426e-02,-1.380000e-02,-9.702632e-03,9.582895e-02,-4.924098e+01,-5.370000e+01,-7.430000e+01,9.100000e+00,-4.151372e-02,3.013421e-02,1.489474e-01,6.742105e-03,-1.913645e+01,-1.910000e+01,-9.700000e+00,-1.640000e+01
6.486335e-02,-1.280000e-02,-8.602632e-03,1.038289e-01,-4.934712e+01,-5.850000e+01,-8.520000e+01,1.770000e+01,-6.449753e-02,-5.826579e-02,8.804737e-02,4.442105e-03,-1.035405e+01,-5.900000e+00,-1.130000e+01,-1.390000e+01
7.427651e-02,-1.000000e-02,2.973684e-04,1.131289e-01,-5.293419e+01,-6.660000e+01,-9.920000e+01,2.560000e+01,-5.568360e-02,-4.786579e-02,5.524737e-02,-4.357895e-03,-9.465900e+00,-3.300000e+00,-8.600000e+00,-1.320000e+01
8.657255e-02,-6.000000e-03,2.519737e-02,1.198289e-01,-6.010886e+01,-8.100000e+01,-1.147000e+02,3.430000e+01,-3.743661e-02,-1.766579e-02,2.354737e-02,-1.245789e-02,-7.359639e+00,-7.600000e+00,-7.800000e+00,-7.800000e+00
9.829548e-02,2.000000e-04,5.159737e-02,1.252289e-01,-6.266771e+01,-8.860000e+01,-1.204000e+02,3.960000e+01,-3.126639e-02,-2.116579e-02,-1.852632e-03,-1.315789e-02,-3.155205e+00,-4.100000e+00,-3.200000e+00,-2.800000e+00
1.109287e-01,1.110000e-02,8.779737e-02,1.266289e-01,-6.721384e+01,-1.092000e+02,-1.261000e+02,5.320000e+01,-2.749765e-02,-1.616579e-02,5.647368e-03,-8.257895e-03,3.410096e-01,3.900000e+00,1.800000e+00,-1.100000e+00
1.277164e-01,2.700000e-02,1.273974e-01,1.324289e-01,-7.646804e+01,-1.479000e+02,-1.221000e+02,7.260000e+01,-1.845518e-02,2.034211e-03,1.334737e-02,-4.357895e-03,-2.674985e+00,2.200000e+00,5.500000e+00,-2.300000e+00
1.448733e-01,5.250000e-02,1.785974e-01,1.324289e-01,-8.657557e+01,-1.945000e+02,-1.077000e+02,9.530000e+01,-5.472793e-03,1.833421e-02,8.847368e-03,5.421053e-04,-1.719038e+00,-5.000000e-01,2.500000e+00,-8.000000e-01
1.502123e-01,7.700000e-02,2.323974e-01,1.258289e-01,-1.000771e+02,-2.415000e+02,-9.130000e+01,1.148000e+02,9.144781e-03,3.393421e-02,-9.952632e-03,2.142105e-03,-2.200169e+00,-9.700000e+00,-1.000000e-01,2.800000e+00
1.483696e-01,9.980000e-02,2.822974e-01,1.201289e-01,-1.001219e+02,-2.415000e+02,-9.130000e+01,1.148000e+02,1.797267e-02,5.063421e-02,-7.752632e-03,4.642105e-03,-3.171264e+00,-1.450000e+01,-9.000000e-01,4.000000e+00
1.135126e-01,1.161000e-01,3.494974e-01,9.462895e-02,-1.624013e+02,-3.476000e+02,-1.196000e+02,1.369000e+02,2.121852e-02,5.903421e-02,1.364737e-02,1.304211e-02,-4.807686e+00,-2.060000e+01,-2.700000e+00,4.700000e+00
6.151193e-02,1.322000e-01,4.323974e-01,6.312895e-02,-1.851323e+02,-3.751000e+02,-1.328000e+02,1.343000e+02,2.062743e-02,5.153421e-02,2.354737e-02,2.124211e-02,-6.767387e+00,-2.760000e+01,-4.000000e+00,5.700000e+00
-3.233851e-02,1.341000e-01,5.220974e-01,9.028947e-03,-2.252005e+02,-4.164000e+02,-1.511000e+02,1.209000e+02,2.088847e-02,4.723421e-02,1.934737e-02,2.284211e-02,-7.813084e+00,-3.280000e+01,-6.200000e+00,6.400000e+00
-1.321395e-01,1.429000e-01,6.197974e-01,-5.547105e-02,-2.871222e+02,-4.310000e+02,-1.839000e+02,4.340000e+01,1.455598e-02,3.653421e-02,2.614737e-02,2.474211e-02,-8.162898e+00,-3.540000e+01,-7.600000e+00,6.800000e+00
-1.547416e-01,2.160000e-01,6.881974e-01,-1.157711e-01,-3.571074e+02,-4.010000e+02,-2.134000e+02,-1.053000e+02,6.721034e-03,2.953421e-02,4.384737e-02,2.764211e-02,-8.430938e+00,-3.710000e+01,-7.800000e+00,7.300000e+00
-8.369805e-02,3.166000e-01,7.946974e-01,-1.445711e-01,-3.662715e+02,-2.625000e+02,-1.692000e+02,-2.935000e+02,4.599847e-03,2.513421e-02,4.054737e-02,2.694211e-02,-8.004988e+00,-3.580000e+01,-7.200000e+00,7.300000e+00
-4.343798e-02,3.685000e-01,9.120974e-01,-1.868711e-01,-4.032668e+02,-2.702000e+02,-1.037000e+02,-3.359000e+02,3.136452e-03,2.293421e-02,3.174737e-02,2.324211e-02,-7.645108e+00,-3.330000e+01,-5.800000e+00,6.900000e+00
3.227802e-03,4.142000e-01,1.017697e+00,-2.268711e-01,-4.035145e+02,-2.702000e+02,-1.037000e+02,-3.359000e+02,-4.458639e-04,1.883421e-02,1.814737e-02,1.564211e-02,-6.119597e+00,-2.970000e+01,-4.900000e+00,7.100000e+00
6.123101e-02,4.585000e-01,1.115797e+00,-2.602711e-01,-4.037425e+02,-2.702000e+02,-1.037000e+02,-3.359000e+02,1.739029e-04,1.843421e-02,-4.852632e-03,6.542105e-03,-5.315975e+00,-2.480000e+01,-3.300000e+00,6.000000e+00
7.875560e-02,4.406000e-01,1.037997e+00,-2.465711e-01,-2.434795e+02,-1.663000e+02,-6.190000e+01,-1.968000e+02,2.272033e-04,1.803421e-02,-2.455263e-02,-1.957895e-03,-3.590497e+00,-1.830000e+01,-1.600000e+00,5.200000e+00
1.083574e-01,4.293000e-01,9.411974e-01,-2.139711e-01,-2.436095e+02,-1.663000e+02,-6.190000e+01,-1.968000e+02,-1.349717e-04,1.803421e-02,-4.275263e-02,-1.065789e-02,-2.545128e+00,-1.140000e+01,2.000000e-01,3.400000e+00
1.347316e-01,4.348000e-01,8.761974e-01,-1.857711e-01,-1.267791e+02,-9.680000e+01,5.450000e+01,-8.760000e+01,-1.638911e-04,1.743421e-02,-6.255263e-02,-1.945789e-02,-1.913192e+00,-4.800000e+00,1.400000e+00,1.000000e+00
1.519229e-01,4.251000e-01,8.039974e-01,-1.509711e-01,-9.477746e+01,-6.700000e+01,8.960000e+01,-7.690000e+01,-7.451732e-04,1.623421e-02,-7.845263e-02,-2.675789e-02,-2.060769e+00,-2.000000e+00,2.600000e+00,-2.000000e-01
1.637944e-01,4.043000e-01,7.328974e-01,-1.151711e-01,-8.089920e+01,-4.470000e+01,9.990000e+01,-8.750000e+01,-9.028518e-04,1.483421e-02,-9.145263e-02,-3.205789e-02,-1.597565e+00,3.300000e+00,2.600000e+00,-2.600000e+00
1.187783e-01,3.156000e-01,6.857974e-01,-8.107105e-02,-8.071951e+01,-4.470000e+01,9.990000e+01,-8.750000e+01,-1.462343e-03,1.303421e-02,-9.935263e-02,-3.515789e-02,-9.319526e-01,7.600000e+00,3.800000e+00,-3.600000e+00
2.974816e-02,1.964000e-01,5.935974e-01,-7.767105e-02,-8.054479e+01,-4.470000e+01,9.990000e+01,-8.750000e+01,-3.006971e-03,1.113421e-02,-1.040526e-01,-3.785789e-02,-2.602873e-01,1.170000e+01,4.500000e+00,-4.700000e+00
1.021796e-03,1.408000e-01,5.093974e-01,-8.077105e-02,-1.213430e+02,-3.110000e+01,9.700000e+01,-1.784000e+02,-4.543650e-03,9.434211e-03,-1.045526e-01,-3.865789e-02,-1.216621e+00,1.300000e+01,5.300000e+00,-6.200000e+00
-3.175178e-02,8.320000e-02,4.247974e-01,-9.087105e-02,-1.374761e+02,-1.860000e+01,9.930000e+01,-2.237000e+02,-5.316655e-03,7.934211e-03,-1.025526e-01,-3.745789e-02,-2.008536e+00,1.370000e+01,5.800000e+00,-7.300000e+00
-7.957913e-02,1.580000e-02,3.387974e-01,-1.079711e-01,-1.535065e+02,-1.750000e+01,9.610000e+01,-2.514000e+02,-6.293303e-03,5.234211e-03,-9.725263e-02,-3.435789e-02,-1.512943e+00,1.480000e+01,5.500000e+00,-7.400000e+00
-8.385044e-02,1.090000e-02,4.220974e-01,-1.713711e-01,-1.647733e+02,-2.420000e+01,8.390000e+01,-2.585000e+02,-7.324572e-03,4.834211e-03,-8.445263e-02,-2.925789e-02,-1.323317e+00,1.310000e+01,4.000000e+00,-6.900000e+00
-7.479605e-02,1.820000e-02,4.982974e-01,-2.292711e-01,-1.668079e+02,-2.540000e+01,7.700000e+01,-2.585000e+02,-7.558644e-03,3.334211e-03,-7.495263e-02,-2.415789e-02,-2.227045e+00,1.110000e+01,4.000000e+00,-6.900000e+00
-7.447001e-02,1.630000e-02,5.230974e-01,-2.732711e-01,-1.644012e+02,-2.380000e+01,7.920000e+01,-2.576000e+02,-8.088194e-03,2.434211e-03,-6.245263e-02,-1.855789e-02,-2.215285e+00,8.900000e+00,4.000000e-01,-7.300000e+00
-4.400313e-02,4.570000e-02,5.482974e-01,-3.023711e-01,-1.550617e+02,-2.060000e+01,8.760000e+01,-2.503000e+02,-6.819518e-03,6.834211e-03,-5.205263e-02,-1.455789e-02,-3.153789e+00,8.300000e+00,2.200000e+00,-7.300000e+00
-1.160257e-02,7.980000e-02,5.448974e-01,-3.161711e-01,-1.421740e+02,-1.330000e+01,9.430000e+01,-2.417000e+02,-7.423722e-03,5.834211e-03,-4.195263e-02,-1.015789e-02,-3.663494e+00,6.900000e+00,1.200000e+00,-7.600000e+00
1.775194e-02,1.163000e-01,5.362974e-01,-3.283711e-01,-1.266126e+02,-1.300000e+00,1.000000e+02,-2.336000e+02,-6.599185e-03,5.934211e-03,-3.655263e-02,-6.757895e-03,-3.176099e+00,6.800000e+00,-3.000000e-01,-7.600000e+00
4.902288e-02,1.604000e-01,5.311974e-01,-3.399711e-01,-1.135583e+02,8.600000e+00,1.034000e+02,-2.260000e+02,-5.935861e-03,4.634211e-03,-3.135263e-02,-2.957895e-03,-3.378566e+00,6.400000e+00,-1.400000e+00,-8.100000e+00
6.627274e-02,1.846000e-01,5.001974e-01,-3.334711e-01,-1.073124e+02,1.430000e+01,1.050000e+02,-2.234000e+02,-4.307855e-03,7.034211e-03,-2.925263e-02,-1.357895e-03,-2.633884e+00,7.800000e+00,-2.500000e+00,-8.400000e+00
8.268986e-02,2.074000e-01,4.672974e-01,-3.197711e-01,-1.053599e+02,2.060000e+01,1.014000e+02,-2.244000e+02,-3.604344e-03,7.034211e-03,-2.815263e-02,-5.789474e-05,-2.576504e+00,8.100000e+00,-2.800000e+00,-8.600000e+00
1.111022e-01,2.436000e-01,4.387974e-01,-2.957711e-01,-1.077198e+02,2.210000e+01,9.550000e+01,-2.259000e+02,-2.904680e-03,1.043421e-02,-2.505263e-02,2.421053e-04,-2.748959e+00,6.700000e+00,-5.000000e+00,-9.000000e+00
1.465687e-01,2.925000e-01,4.158974e-01,-2.684711e-01,-1.160569e+02,2.530000e+01,8.280000e+01,-2.325000e+02,-2.852463e-03,1.363421e-02,-2.195263e-02,-1.578947e-04,-3.278808e+00,2.800000e+00,-6.700000e+00,-8.300000e+00
1.757168e-01,3.416000e-01,3.940974e-01,-2.437711e-01,-1.259397e+02,2.970000e+01,7.290000e+01,-2.433000e+02,-1.069174e-03,1.573421e-02,-1.975263e-02,1.642105e-03,-4.454655e+00,-3.000000e-01,-9.800000e+00,-9.400000e+00
1.955922e-01,3.926000e-01,3.699974e-01,-2.239711e-01,-1.313812e+02,3.690000e+01,6.540000e+01,-2.509000e+02,1.895803e-03,2.133421e-02,-2.155263e-02,1.242105e-03,-6.757589e+00,-2.300000e+00,-1.140000e+01,-1.180000e+01
2.080709e-01,4.533000e-01,3.367974e-01,-2.050711e-01,-1.282745e+02,4.380000e+01,6.130000e+01,-2.484000e+02,3.249846e-03,1.853421e-02,-2.135263e-02,4.142105e-03,-7.404698e+00,-4.100000e+00,-1.370000e+01,-1.260000e+01
2.126198e-01,5.283000e-01,3.022974e-01,-1.944711e-01,-1.190152e+02,4.880000e+01,6.070000e+01,-2.385000e+02,7.428117e-03,2.063421e-02,-2.255263e-02,7.142105e-03,-6.821945e+00,-3.700000e+00,-1.770000e+01,-1.380000e+01
1.929140e-01,6.061000e-01,2.426974e-01,-1.878711e-01,-1.109920e+02,5.180000e+01,6.170000e+01,-2.302000e+02,1.109365e-02,2.083421e-02,-2.105263e-02,1.154211e-02,-6.292942e+00,-4.500000e+00,-2.330000e+01,-1.510000e+01
1.460248e-01,6.682000e-01,1.611974e-01,-1.821711e-01,-1.093214e+02,6.260000e+01,5.500000e+01,-2.281000e+02,1.572672e-02,2.103421e-02,-1.855263e-02,1.744211e-02,-5.480759e+00,-6.400000e+00,-2.900000e+01,-1.550000e+01
1.106009e-01,7.503000e-01,1.007974e-01,-1.809711e-01,-1.044186e+02,4.900000e+01,4.310000e+01,-2.051000e+02,1.898136e-02,1.883421e-02,-1.305263e-02,2.424211e-02,-4.656068e+00,-1.090000e+01,-3.480000e+01,-1.450000e+01
6.318139e-02,8.563000e-01,2.179737e-02,-1.866711e-01,-9.457502e+01,2.500000e+01,3.410000e+01,-1.733000e+02,2.242136e-02,1.913421e-02,-5.852632e-03,3.064211e-02,-2.977960e+00,-1.510000e+01,-4.130000e+01,-1.290000e+01
-1.455523e-02,9.542000e-01,-8.280263e-02,-2.027711e-01,-8.517497e+01,1.670000e+01,3.310000e+01,-1.560000e+02,2.613328e-02,1.733421e-02,-1.752632e-03,3.734211e-02,-2.552001e+00,-1.720000e+01,-4.410000e+01,-1.240000e+01
-1.098966e-01,1.036900e+00,-1.886026e-01,-2.375711e-01,-8.013647e+01,1.000000e+01,1.910000e+01,-1.337000e+02,3.049184e-02,1.473421e-02,-1.352632e-03,4.384211e-02,1.368269e+00,-2.100000e+01,-5.240000e+01,-9.000000e+00
-2.158969e-01,1.111100e+00,-2.925026e-01,-2.936711e-01,-7.374395e+01,2.100000e+00,-6.000000e-01,-1.038000e+02,3.390336e-02,1.433421e-02,-1.152632e-03,4.794211e-02,3.843160e+00,-2.390000e+01,-6.050000e+01,-7.800000e+00
-3.293114e-01,1.181500e+00,-3.918026e-01,-3.675711e-01,-7.148954e+01,-1.400000e+00,-1.230000e+01,-8.860000e+01,3.542297e-02,1.153421e-02,2.047368e-03,5.264211e-02,6.955150e+00,-2.480000e+01,-6.840000e+01,-6.900000e+00
-4.379172e-01,1.242800e+00,-4.860026e-01,-4.507711e-01,-6.757784e+01,-6.700000e+00,-3.680000e+01,-5.850000e+01,3.676314e-02,1.453421e-02,7.547368e-03,5.484211e-02,9.226462e+00,-2.740000e+01,-7.670000e+01,-6.200000e+00
-5.297946e-01,1.295200e+00,-5.711026e-01,-5.303711e-01,-7.308609e+01,-8.700000e+00,-6.480000e+01,-3.940000e+01,3.922913e-02,1.693421e-02,8.947368e-03,5.714211e-02,1.168709e+01,-2.840000e+01,-8.770000e+01,-7.500000e+00
-5.832055e-01,1.351100e+00,-6.196026e-01,-6.031711e-01,-8.287665e+01,-1.090000e+01,-8.900000e+01,-2.980000e+01,4.018245e-02,2.033421e-02,1.314737e-02,5.844211e-02,1.201043e+01,-3.050000e+01,-9.430000e+01,-8.800000e+00
-6.044359e-01,1.416500e+00,-6.420026e-01,-6.721711e-01,-8.877816e+01,-2.390000e+01,-1.082000e+02,-1.560000e+01,4.129014e-02,2.493421e-02,1.644737e-02,5.914211e-02,1.314103e+01,-3.640000e+01,-1.070000e+02,-9.400000e+00
-6.453379e-01,1.451200e+00,-6.999026e-01,-7.561711e-01,-1.038791e+02,-8.300000e+01,-1.468000e+02,2.100000e+01,4.094181e-02,2.893421e-02,2.054737e-02,5.944211e-02,1.361192e+01,-4.530000e+01,-1.215000e+02,-9.600000e+00
-6.827932e-01,1.423400e+00,-8.909026e-01,-7.679711e-01,-1.579800e+02,-2.199000e+02,-2.556000e+02,9.920000e+01,4.055922e-02,3.063421e-02,2.204737e-02,6.114211e-02,1.454462e+01,-5.420000e+01,-1.368000e+02,-9.500000e+00
-4.682218e-01,1.263900e+00,-9.176026e-01,-5.492711e-01,-1.648819e+02,-2.642000e+02,-3.095000e+02,1.563000e+02,4.366179e-02,3.263421e-02,1.794737e-02,6.584211e-02,2.030985e+01,-5.730000e+01,-1.584000e+02,-1.050000e+01
1.846638e-02,1.338500e+00,-7.095026e-01,-2.468711e-01,2.720051e+00,-3.077000e+02,-1.564000e+02,2.898000e+02,4.817009e-02,3.233421e-02,8.247368e-03,7.344211e-02,2.611542e+01,-5.920000e+01,-1.843000e+02,-1.490000e+01
7.213354e-02,1.334400e+00,-6.807026e-01,-2.027711e-01,1.462769e+02,-9.600000e+00,1.030000e+02,1.316000e+02,4.675694e-02,3.133421e-02,-1.652632e-03,7.634211e-02,2.005028e+01,-7.520000e+01,-2.110000e+02,-2.480000e+01
7.040008e-02,1.136400e+00,-6.147026e-01,-1.570711e-01,3.402592e+01,-8.750000e+01,3.210000e+01,7.430000e+01,4.726631e-02,2.963421e-02,-2.115263e-02,8.044211e-02,1.642538e+01,-8.180000e+01,-2.258000e+02,-3.290000e+01
1.911152e-01,1.093900e+00,-5.473026e-01,-3.677105e-02,-3.681436e+01,-7.990000e+01,-2.580000e+01,1.370000e+01,4.559271e-02,2.443421e-02,-5.345263e-02,8.194211e-02,8.245731e+00,-9.240000e+01,-2.553000e+02,-5.370000e+01
2.221143e-01,9.136000e-01,-5.226026e-01,8.562895e-02,-2.632035e+01,-3.350000e+01,-9.400000e+00,-9.300000e+00,3.889185e-02,2.033421e-02,-9.025263e-02,7.734211e-02,-5.425210e+00,-1.032000e+02,-2.803000e+02,-8.130000e+01
2.291329e-01,7.381000e-01,-5.356026e-01,2.001289e-01,1.189523e+01,7.000000e+00,-1.900000e+00,1.260000e+01,2.726808e-02,1.413421e-02,-1.316526e-01,7.224211e-02,-2.083972e+01,-1.132000e+02,-3.042000e+02,-1.137000e+02
2.735120e-01,6.097000e-01,-4.522026e-01,2.806289e-01,2.685862e+01,1.600000e+01,1.100000e+01,1.910000e+01,6.268047e-03,5.234211e-03,-1.756526e-01,6.394211e-02,-2.364014e+01,-1.112000e+02,-3.345000e+02,-1.464000e+02
3.388397e-01,4.776000e-01,-3.418026e-01,3.759289e-01,1.013622e+01,1.350000e+01,3.100000e+00,3.500000e+00,-2.449545e-02,-7.165789e-03,-2.268526e-01,5.334211e-02,-1.888705e+01,-1.046000e+02,-3.671000e+02,-1.758000e+02
4.272886e-01,3.690000e-01,-1.153026e-01,4.183289e-01,-3.714088e+00,8.100000e+00,-3.900000e+00,-7.200000e+00,-6.561895e-02,-1.756579e-02,-2.653526e-01,4.554211e-02,-1.657713e+01,-1.014000e+02,-3.812000e+02,-1.902000e+02
3.399685e-01,3.967000e-01,-3.060263e-02,2.372289e-01,-3.708564e+00,8.100000e+00,-3.900000e+00,-7.200000e+00,-1.161843e-01,-2.816579e-02,-2.993526e-01,3.384211e-02,-1.653146e+01,-1.014000e+02,-3.812000e+02,-1.902000e+02
-3.866721e-03,1.934000e-01,-1.514026e-01,-2.017105e-02,9.344871e+00,1.050000e+01,8.600000e+00,9.000000e-01,-1.794808e-01,-2.986579e-02,-2.990526e-01,2.954211e-02,4.620172e+01,-6.370000e+01,-4.537000e+02,-1.735000e+02
-2.090422e-02,6.120000e-02,-1.010026e-01,4.428947e-03,5.710115e+00,6.200000e+00,6.400000e+00,0.000000e+00,-1.669856e-01,4.283421e-02,-3.713526e-01,4.042105e-03,6.078063e+01,-7.530000e+01,-5.269000e+02,-1.596000e+02
4.180327e-02,1.186000e-01,-8.780263e-02,4.522895e-02,7.233971e+00,5.500000e+00,6.900000e+00,2.100000e+00,-2.731101e-02,2.492342e-01,-4.479526e-01,-5.185789e-02,7.091921e+01,-8.830000e+01,-5.739000e+02,-7.560000e+01
-1.483842e-02,1.830000e-02,-6.820263e-02,1.772895e-02,7.895441e+00,3.700000e+00,7.900000e+00,3.400000e+00,2.262084e-01,5.225342e-01,-5.965526e-01,1.524211e-02,-2.755856e+01,-1.302000e+02,-3.568000e+02,3.290000e+01
2.713432e-03,4.910000e-02,-1.070263e-02,-1.117105e-02,5.434358e+00,3.000000e-01,6.300000e+00,3.100000e+00,4.310909e-01,7.370342e-01,-6.360526e-01,1.450421e-01,-1.810068e+02,-1.844000e+02,7.400000e+00,3.760000e+01
3.164098e-02,6.550000e-02,7.819737e-02,-3.597105e-02,5.681519e+00,-1.200000e+00,7.400000e+00,3.600000e+00,5.206346e-01,7.960342e-01,-6.922526e-01,2.055421e-01,-1.903283e+02,-1.515000e+02,1.601000e+02,-3.000000e-01
1.519050e-02,3.530000e-02,6.329737e-02,-3.097105e-02,5.153021e+00,-2.400000e+00,6.700000e+00,4.000000e+00,5.452395e-01,7.616342e-01,-7.343526e-01,2.536421e-01,-1.684878e+02,-7.710000e+01,3.522000e+02,-1.128000e+02
1.475573e-03,1.370000e-02,3.479737e-02,-1.917105e-02,4.597358e+00,-1.600000e+00,5.400000e+00,3.600000e+00,5.086523e-01,6.836342e-01,-7.317526e-01,2.751421e-01,-1.608069e+02,-7.100000e+01,3.421000e+02,-1.524000e+02
4.734582e-03,1.090000e-02,4.519737e-02,-1.937105e-02,3.956069e+00,-1.600000e+00,5.000000e+00,3.000000e+00,4.623966e-01,6.113342e-01,-7.200526e-01,2.750421e-01,-1.869917e+02,-1.066000e+02,3.016000e+02,-1.670000e+02
7.668272e-03,9.300000e-03,5.569737e-02,-2.077105e-02,3.550661e+00,-9.000000e-01,3.800000e+00,2.800000e+00,4.476752e-01,5.752342e-01,-7.272526e-01,2.620421e-01,-2.144569e+02,-1.397000e+02,2.797000e+02,-1.639000e+02
3.301361e-03,5.800000e-03,3.829737e-02,-1.377105e-02,3.833230e+00,-1.000000e-01,2.500000e+00,3.500000e+00,4.658535e-01,5.638342e-01,-8.055526e-01,2.261421e-01,-1.967101e+02,-1.237000e+02,2.868000e+02,-1.388000e+02
2.061564e-03,5.000000e-03,3.479737e-02,-1.257105e-02,3.542847e+00,1.500000e+00,2.400000e+00,2.300000e+00,4.113412e-01,4.815342e-01,-8.230526e-01,2.132421e-01,-1.372718e+02,-5.970000e+01,3.217000e+02,-1.183000e+02
1.898544e-03,6.200000e-03,3.389737e-02,-1.267105e-02,3.947893e+00,2.500000e+00,1.200000e+00,3.000000e+00,2.134774e-01,2.426342e-01,-8.016526e-01,2.342421e-01,-9.527375e+01,-1.820000e+01,3.277000e+02,-1.035000e+02
-9.372007e-04,6.200000e-03,2.629737e-02,-1.147105e-02,4.527341e+00,4.200000e+00,1.400000e+00,2.700000e+00,-9.696354e-02,-6.896579e-02,-6.758526e-01,1.347421e-01,-3.972739e+01,2.030000e+01,3.085000e+02,-4.870000e+01
-1.549824e-03,5.400000e-03,2.289737e-02,-9.471053e-03,4.812762e+00,6.100000e+00,1.300000e+00,2.100000e+00,-3.455798e-01,-3.102658e-01,-6.341526e-01,-2.125789e-02,-2.175397e+01,8.500000e+00,2.975000e+02,2.770000e+01
-2.017405e-03,5.200000e-03,2.059737e-02,-8.271053e-03,4.762703e+00,7.900000e+00,1.000000e-01,1.800000e+00,-4.221758e-01,-3.913658e-01,-5.680526e-01,-1.138579e-01,-5.217864e+00,-1.070000e+01,3.019000e+02,1.121000e+02
-3.551387e-03,2.300000e-03,1.799737e-02,-6.771053e-03,5.677029e+00,9.400000e+00,4.000000e-01,2.000000e+00,-4.261652e-01,-3.932658e-01,-5.120526e-01,-1.967579e-01,1.610657e+01,-2.340000e+01,2.912000e+02,1.797000e+02
-2.758463e-03,1.800000e-03,1.949737e-02,-6.071053e-03,6.444644e+00,1.060000e+01,5.000000e-01,2.300000e+00,-3.899809e-01,-3.652658e-01,-4.929526e-01,-2.479579e-01,3.678471e+01,-3.290000e+01,2.572000e+02,2.246000e+02
-3.027684e-03,3.200000e-03,2.049737e-02,-7.471053e-03,7.410947e+00,1.170000e+01,3.000000e-01,3.100000e+00,-3.368120e-01,-3.311658e-01,-4.918526e-01,-2.712579e-01,4.589612e+01,-3.890000e+01,2.340000e+02,2.413000e+02
-3.709414e-03,2.100000e-03,2.219737e-02,-8.471053e-03,8.835551e+00,1.320000e+01,1.200000e+00,3.600000e+00,-2.845971e-01,-3.015658e-01,-4.668526e-01,-2.690579e-01,5.808783e+01,-4.890000e+01,1.982000e+02,2.601000e+02
-3.239033e-03,3.100000e-03,2.649737e-02,-1.077105e-02,9.586530e+00,1.340000e+01,7.000000e-01,4.800000e+00,-2.404320e-01,-2.757658e-01,-4.002526e-01,-2.428579e-01,6.374076e+01,-5.360000e+01,1.904000e+02,2.717000e+02
-3.527079e-03,3.800000e-03,2.909737e-02,-1.287105e-02,1.016502e+01,1.260000e+01,7.000000e-01,6.000000e+00,-1.910295e-01,-2.345658e-01,-3.189526e-01,-2.020579e-01,6.387739e+01,-5.180000e+01,1.995000e+02,2.751000e+02
-4.583198e-03,3.600000e-03,3.309737e-02,-1.637105e-02,9.895737e+00,1.160000e+01,1.500000e+00,5.700000e+00,-1.166403e-01,-1.575658e-01,-2.660526e-01,-1.585579e-01,5.857682e+01,-4.560000e+01,2.145000e+02,2.695000e+02
-3.838902e-03,3.000000e-03,3.899737e-02,-1.857105e-02,9.311321e+00,8.300000e+00,2.000000e+00,6.400000e+00,-3.040658e-02,-6.126579e-02,-2.399526e-01,-1.134579e-01,4.503786e+01,-3.690000e+01,2.326000e+02,2.525000e+02
-3.386542e-03,2.800000e-03,4.529737e-02,-2.167105e-02,9.587968e+00,6.500000e+00,2.200000e+00,7.600000e+00,4.689263e-02,2.623421e-02,-2.310526e-01,-6.795789e-02,3.118888e+01,-2.920000e+01,2.448000e+02,2.340000e+02
-3.006964e-03,2.900000e-03,5.129737e-02,-2.487105e-02,1.003288e+01,4.500000e+00,2.900000e+00,8.800000e+00,1.203935e-01,1.089342e-01,-2.242526e-01,-1.035789e-02,2.349985e+01,-2.790000e+01,2.480000e+02,2.244000e+02
-1.368656e-03,3.400000e-03,5.899737e-02,-2.777105e-02,1.052995e+01,5.000000e-01,4.100000e+00,1.080000e+01,2.015219e-01,2.133342e-01,-2.182526e-01,5.804211e-02,1.399610e+01,-3.350000e+01,2.489000e+02,2.153000e+02
-1.332811e-03,5.100000e-03,6.489737e-02,-3.227105e-02,1.111973e+01,-3.500000e+00,5.000000e+00,1.310000e+01,2.849007e-01,3.435342e-01,-2.198526e-01,1.274421e-01,1.480941e+01,-3.940000e+01,2.448000e+02,2.167000e+02
-1.633446e-03,5.700000e-03,6.939737e-02,-3.577105e-02,1.239958e+01,-6.800000e+00,5.300000e+00,1.630000e+01,3.447711e-01,4.660342e-01,-2.231526e-01,1.876421e-01,2.309795e+01,-3.650000e+01,2.367000e+02,2.203000e+02
-1.913447e-03,7.400000e-03,7.129737e-02,-3.817105e-02,1.324797e+01,-8.000000e+00,5.800000e+00,1.770000e+01,3.729916e-01,5.607342e-01,-2.261526e-01,2.341421e-01,3.287645e+01,-3.420000e+01,2.198000e+02,2.196000e+02
-2.172762e-03,7.600000e-03,7.009737e-02,-3.777105e-02,1.490981e+01,-9.100000e+00,7.400000e+00,1.940000e+01,3.673899e-01,6.356342e-01,-2.160526e-01,2.641421e-01,4.027713e+01,-4.000000e+01,1.946000e+02,2.123000e+02
-3.518688e-03,1.000000e-02,6.089737e-02,-3.497105e-02,1.543375e+01,-5.900000e+00,5.000000e+00,1.990000e+01,3.390306e-01,7.091342e-01,-2.008526e-01,2.792421e-01,4.237398e+01,-4.510000e+01,1.813000e+02,2.063000e+02
-2.700576e-03,1.200000e-02,5.359737e-02,-3.037105e-02,1.432323e+01,6.000000e-01,2.700000e+00,1.650000e+01,2.983218e-01,8.032342e-01,-1.875526e-01,2.789421e-01,4.107248e+01,-4.870000e+01,1.608000e+02,1.895000e+02
-1.761920e-03,1.240000e-02,4.679737e-02,-2.517105e-02,1.440176e+01,6.400000e+00,-1.800000e+00,1.640000e+01,2.265820e-01,9.117342e-01,-1.588526e-01,2.547421e-01,3.049426e+01,-3.550000e+01,1.522000e+02,1.666000e+02
2.457741e-04,1.240000e-02,4.229737e-02,-1.987105e-02,1.384047e+01,9.300000e+00,-5.500000e+00,1.650000e+01,1.135836e-01,1.015134e+00,-1.090526e-01,1.975421e-01,2.006351e+01,-2.410000e+01,1.377000e+02,1.399000e+02
1.718597e-03,1.210000e-02,3.669737e-02,-1.437105e-02,1.382742e+01,9.300000e+00,-5.500000e+00,1.650000e+01,-2.933739e-02,1.122334e+00,-4.825263e-02,1.053421e-01,1.713842e+01,-1.960000e+01,1.074000e+02,1.111000e+02
3.377279e-03,1.280000e-02,2.849737e-02,-7.571053e-03,1.349524e+01,1.440000e+01,-1.150000e+01,1.720000e+01,-1.996061e-01,1.241034e+00,2.464737e-02,-2.125789e-02,1.893508e+01,-1.420000e+01,7.510000e+01,8.670000e+01
4.616999e-03,1.310000e-02,2.089737e-02,-1.471053e-03,1.268617e+01,1.800000e+01,-1.580000e+01,1.700000e+01,-3.912459e-01,1.355434e+00,1.121474e-01,-1.744579e-01,2.303444e+01,-1.000000e+00,4.370000e+01,6.570000e+01
6.716501e-03,1.150000e-02,1.419737e-02,6.228947e-03,1.137418e+01,2.140000e+01,-2.080000e+01,1.670000e+01,-5.901235e-01,1.453034e+00,2.034474e-01,-3.402579e-01,2.316878e+01,4.800000e+00,2.700000e+01,5.200000e+01
8.825185e-03,9.800000e-03,7.097368e-03,1.432895e-02,8.681262e+00,2.360000e+01,-2.620000e+01,1.550000e+01,-7.820808e-01,1.546434e+00,3.072474e-01,-5.073579e-01,2.583943e+01,8.500000e+00,-1.130000e+01,2.400000e+01
1.150466e-02,7.900000e-03,2.897368e-03,2.152895e-02,4.921381e+00,2.590000e+01,-3.230000e+01,1.330000e+01,-9.514996e-01,1.639434e+00,4.042474e-01,-6.695579e-01,2.531268e+01,1.900000e+00,-4.060000e+01,-5.000000e-01
1.680000e-02,5.600000e-03,9.997368e-03,2.502895e-02,1.322288e+00,2.730000e+01,-4.020000e+01,1.300000e+01,-1.088165e+00,1.705634e+00,4.835474e-01,-8.215579e-01,1.583203e+01,9.000000e-01,-6.020000e+01,-2.870000e+01
2.238595e-02,3.900000e-03,1.839737e-02,2.772895e-02,1.456053e+00,2.750000e+01,-4.350000e+01,1.530000e+01,-1.191371e+00,1.720534e+00,5.581474e-01,-9.506579e-01,5.393054e+00,3.800000e+00,-7.920000e+01,-5.780000e+01
2.766904e-02,3.900000e-03,2.649737e-02,2.922895e-02,-5.662212e-01,2.870000e+01,-5.190000e+01,1.760000e+01,-1.244653e+00,1.696634e+00,6.128474e-01,-1.042658e+00,-9.339835e+00,1.000000e+00,-9.070000e+01,-8.600000e+01
3.318229e-02,5.300000e-03,3.539737e-02,2.962895e-02,-7.352131e-01,3.090000e+01,-6.170000e+01,2.280000e+01,-1.236011e+00,1.658634e+00,6.320474e-01,-1.085858e+00,-1.804830e+01,-9.000000e-01,-9.320000e+01,-9.910000e+01
3.872038e-02,6.200000e-03,4.589737e-02,2.922895e-02,1.157241e+00,3.300000e+01,-7.190000e+01,3.120000e+01,-1.156835e+00,1.601634e+00,6.048474e-01,-1.075358e+00,-2.891993e+01,1.030000e+01,-9.360000e+01,-1.150000e+02
4.391095e-02,6.800000e-03,5.749737e-02,2.792895e-02,1.103968e+00,3.300000e+01,-7.190000e+01,3.120000e+01,-9.649545e-01,1.492634e+00,5.449474e-01,-9.285579e-01,-4.242790e+01,3.340000e+01,-7.960000e+01,-1.251000e+02
5.590260e-02,3.900000e-03,7.079737e-02,3.752895e-02,4.974754e+00,4.110000e+01,-9.820000e+01,5.010000e+01,-6.097403e-01,1.154034e+00,3.773474e-01,-5.614579e-01,-1.275776e+02,7.770000e+01,5.040000e+01,-1.407000e+02
7.127816e-02,-2.100000e-03,9.829737e-02,4.472895e-02,-6.495342e+00,2.950000e+01,-1.262000e+02,6.220000e+01,-2.755506e-01,5.974342e-01,7.934737e-02,-2.926579e-01,-2.640978e+02,1.352000e+02,4.250000e+01,-3.338000e+02
8.246237e-02,-1.100000e-03,1.276974e-01,4.082895e-02,-1.066375e+01,2.410000e+01,-1.407000e+02,7.090000e+01,-1.664506e-01,2.689342e-01,2.614737e-02,-1.806579e-01,-4.234253e+01,8.560000e+01,-3.218000e+02,-3.047000e+02
9.171271e-02,7.000000e-04,1.558974e-01,3.542895e-02,-1.076787e+01,2.410000e+01,-1.407000e+02,7.090000e+01,-1.372411e-01,3.591342e-01,6.444737e-02,-1.988579e-01,-9.734250e+01,8.910000e+01,-1.735000e+02,-2.730000e+02
9.906163e-02,1.800000e-03,1.803974e-01,3.162895e-02,-1.088345e+01,2.410000e+01,-1.407000e+02,7.090000e+01,7.948993e-02,4.591342e-01,-1.098526e-01,-1.135579e-01,-4.309524e+01,1.479000e+02,-1.185000e+02,-1.926000e+02
1.036259e-01,2.600000e-03,2.016974e-01,2.742895e-02,-1.100611e+01,2.410000e+01,-1.407000e+02,7.090000e+01,2.580871e-01,3.299342e-01,-3.453526e-01,2.244211e-02,3.104328e+01,2.156000e+02,-4.340000e+01,-8.410000e+01
1.071701e-01,3.700000e-03,2.216974e-01,2.352895e-02,-1.113382e+01,2.410000e+01,-1.407000e+02,7.090000e+01,3.182698e-01,1.391342e-01,-3.653526e-01,1.726421e-01,6.272531e+01,1.895000e+02,-7.980000e+01,-5.330000e+01
1.037229e-01,2.800000e-03,2.376974e-01,2.822895e-02,1.849211e+00,3.710000e+01,-2.825000e+02,1.927000e+02,3.435559e-01,1.178342e-01,-2.307526e-01,2.815421e-01,1.384815e+01,9.380000e+01,-1.470000e+01,-3.440000e+01
8.812909e-02,-5.000000e-04,2.353974e-01,4.262895e-02,6.817471e-02,3.830000e+01,-3.182000e+02,2.178000e+02,3.494485e-01,6.453421e-02,-1.516526e-01,3.522421e-01,-1.281928e+01,2.720000e+01,2.470000e+01,-1.600000e+01
5.837026e-02,-9.200000e-03,2.232974e-01,6.102895e-02,-4.905470e+00,3.870000e+01,-3.397000e+02,2.265000e+02,2.880073e-01,-2.246579e-02,-1.844526e-01,3.023421e-01,1.385292e+01,2.930000e+01,2.000000e-01,3.300000e+00
2.487279e-02,-1.770000e-02,2.714974e-01,3.932895e-02,-2.720366e+01,1.440000e+01,-3.702000e+02,2.450000e+02,1.083123e-01,1.345342e-01,-9.675263e-02,5.694211e-02,2.024318e+01,3.540000e+01,-4.600000e+00,5.900000e+00
-7.791016e-03,-9.000000e-03,3.234974e-01,1.052895e-02,-4.592443e+01,-1.200000e+01,-3.994000e+02,2.765000e+02,4.136269e-02,5.188342e-01,1.747474e-01,-7.275789e-02,5.634006e+00,2.340000e+01,2.500000e+00,-2.800000e+00
-3.416943e-02,6.800000e-03,3.966974e-01,-4.710526e-04,-7.501648e+01,-5.390000e+01,-4.235000e+02,3.147000e+02,1.314874e-01,6.834342e-01,1.510474e-01,-5.315789e-02,-1.826115e-01,1.370000e+01,6.900000e+00,-3.300000e+00
-3.282443e-02,8.800000e-02,4.427974e-01,-3.877105e-02,-1.060330e+02,-1.030000e+02,-4.292000e+02,3.577000e+02,2.060914e-01,4.133342e-01,1.684737e-02,9.644211e-02,4.253099e+00,1.700000e+01,5.500000e+00,-2.000000e-01
9.921644e-02,3.009000e-01,4.829974e-01,-5.897105e-02,-1.636316e+02,-1.734000e+02,-3.804000e+02,3.410000e+02,9.740819e-02,1.404342e-01,1.293474e-01,1.425421e-01,-5.295478e-01,1.130000e+01,5.700000e+00,-3.200000e+00
2.970769e-01,5.442000e-01,5.697974e-01,-6.871053e-03,-1.874288e+02,-1.772000e+02,-3.539000e+02,2.275000e+02,4.904156e-03,1.156342e-01,3.059474e-01,1.226421e-01,-2.698138e+00,5.100000e+00,4.500000e+00,-3.500000e+00
4.596298e-01,7.322000e-01,5.944974e-01,1.565289e-01,-2.865453e+01,-2.200000e+01,-2.359000e+02,1.680000e+02,-4.797403e-03,1.651342e-01,2.722474e-01,7.254211e-02,-3.143496e+00,2.400000e+00,3.400000e+00,-3.300000e+00
5.709417e-01,8.330000e-01,6.057974e-01,2.808289e-01,1.901903e+02,1.767000e+02,3.790000e+01,9.030000e+01,-2.889061e-03,5.853421e-02,1.035474e-01,4.784211e-02,-4.157365e+00,-3.000000e-01,2.900000e+00,-3.500000e+00
6.096772e-01,8.264000e-01,7.234974e-01,3.085289e-01,2.082216e+02,1.666000e+02,2.772000e+02,9.850000e+01,-2.526268e-03,4.734211e-03,1.924737e-02,3.544211e-02,-2.953451e+00,-4.000000e+00,2.000000e-01,-1.600000e+00
5.610190e-01,7.480000e-01,8.253974e-01,2.856289e-01,1.738791e+02,1.248000e+02,2.940000e+02,1.234000e+02,-1.335778e-02,1.943421e-02,6.374737e-02,3.584211e-02,-3.773393e+00,-5.000000e+00,7.000000e-01,-1.900000e+00
4.824672e-01,6.644000e-01,8.114974e-01,2.712289e-01,1.377039e+02,8.350000e+01,2.481000e+02,1.556000e+02,-2.366164e-02,1.463421e-02,8.264737e-02,3.424211e-02,-4.203854e+00,-5.000000e+00,5.000000e-01,-2.500000e+00
3.925552e-01,5.677000e-01,7.795974e-01,2.653289e-01,1.381762e+02,8.350000e+01,2.481000e+02,1.556000e+02,-1.597012e-02,1.303421e-02,4.044737e-02,2.544211e-02,-4.354407e+00,-2.900000e+00,1.000000e-01,-3.800000e+00
3.404121e-01,5.235000e-01,7.719974e-01,2.385289e-01,8.901879e+01,3.410000e+01,2.117000e+02,1.520000e+02,-1.572264e-02,3.634211e-03,3.094737e-02,2.584211e-02,-4.509222e+00,-1.700000e+00,6.000000e-01,-4.300000e+00
2.705319e-01,4.363000e-01,8.025974e-01,2.437289e-01,4.764115e+01,1.640000e+01,2.039000e+02,7.970000e+01,-1.667128e-02,3.534211e-03,3.624737e-02,2.714211e-02,-4.927999e+00,-1.000000e-01,1.300000e+00,-5.200000e+00
8.136853e-02,2.108000e-01,8.378974e-01,2.293289e-01,-5.539217e+00,-9.900000e+00,2.141000e+02,2.500000e+00,-1.486917e-02,4.934211e-03,2.104737e-02,2.204211e-02,-6.362666e+00,1.500000e+00,2.900000e+00,-6.900000e+00
-1.635137e-01,-4.510000e-02,8.264974e-01,1.425289e-01,-5.212202e+00,-9.900000e+00,2.141000e+02,2.500000e+00,-1.518470e-02,5.334211e-03,1.404737e-02,1.854211e-02,-7.251712e+00,7.000000e-01,3.100000e+00,-7.500000e+00
-3.964378e-01,-2.576000e-01,8.443974e-01,-5.637105e-02,-8.824691e+01,-3.000000e+01,2.175000e+02,-1.431000e+02,-1.599510e-02,5.934211e-03,1.424737e-02,1.754211e-02,-7.255664e+00,-5.000000e-01,2.800000e+00,-7.100000e+00
-5.433604e-01,-3.822000e-01,8.765974e-01,-2.236711e-01,-8.795477e+01,-3.000000e+01,2.175000e+02,-1.431000e+02,-1.520704e-02,8.834211e-03,1.054737e-02,1.574211e-02,-6.693111e+00,-2.600000e+00,1.900000e+00,-5.900000e+00
-5.630459e-01,-3.966000e-01,8.192974e-01,-3.034711e-01,-8.764009e+01,-3.000000e+01,2.175000e+02,-1.431000e+02,-1.556772e-02,6.434211e-03,9.047368e-03,1.584211e-02,-6.432197e+00,-4.400000e+00,-4.000000e-01,-5.800000e+00
-4.632842e-01,-3.201000e-01,7.403974e-01,-3.268711e-01,-1.093146e+02,2.200000e+01,2.020000e+02,-2.596000e+02,-1.653628e-02,4.834211e-03,1.074737e-02,1.624211e-02,-6.858885e+00,-6.700000e+00,-1.800000e+00,-5.900000e+00
-3.390983e-01,-2.263000e-01,7.015974e-01,-3.246711e-01,-1.064214e+02,3.560000e+01,1.968000e+02,-2.730000e+02,-1.771468e-02,4.934211e-03,1.334737e-02,1.604211e-02,-6.835796e+00,-7.100000e+00,-1.800000e+00,-5.700000e+00
-2.192129e-01,-1.252000e-01,6.496974e-01,-3.170711e-01,-9.256685e+01,4.950000e+01,1.975000e+02,-2.687000e+02,-1.864344e-02,5.034211e-03,1.604737e-02,1.614211e-02,-6.038528e+00,-7.400000e+00,-3.100000e+00,-5.200000e+00
-1.530495e-01,-8.400000e-02,5.534974e-01,-2.878711e-01,-7.322184e+01,6.130000e+01,2.002000e+02,-2.534000e+02,-1.891092e-02,4.534211e-03,1.714737e-02,1.654211e-02,-6.579725e+00,-5.400000e+00,-2.600000e+00,-6.500000e+00
-1.063281e-01,-4.960000e-02,4.487974e-01,-2.568711e-01,-5.242910e+01,6.900000e+01,2.039000e+02,-2.319000e+02,-1.928706e-02,2.534211e-03,1.694737e-02,1.684211e-02,-7.324998e+00,-3.100000e+00,-2.400000e+00,-8.300000e+00
-5.667763e-02,4.900000e-03,3.473974e-01,-2.232711e-01,-3.735140e+01,7.160000e+01,2.118000e+02,-2.160000e+02,-1.893925e-02,2.634211e-03,1.424737e-02,1.594211e-02,-7.523859e+00,-2.000000e-01,-1.700000e+00,-9.500000e+00
-1.619934e-02,6.320000e-02,2.546974e-01,-1.909711e-01,-2.929548e+01,6.850000e+01,2.162000e+02,-2.041000e+02,-1.819381e-02,2.534211e-03,1.144737e-02,1.554211e-02,-8.822890e+00,9.000000e-01,-1.000000e+00,-1.120000e+01
3.662948e-02,1.375000e-01,2.014974e-01,-1.574711e-01,-2.842945e+01,6.550000e+01,2.155000e+02,-2.006000e+02,-1.757182e-02,2.634211e-03,6.947368e-03,1.414211e-02,-7.927778e+00,1.900000e+00,-2.200000e+00,-1.110000e+01
8.631074e-02,2.181000e-01,1.544974e-01,-1.212711e-01,-3.194089e+01,6.390000e+01,2.092000e+02,-2.015000e+02,-1.674131e-02,3.934211e-03,3.347368e-03,1.284211e-02,-6.736434e+00,2.200000e+00,-3.300000e+00,-1.030000e+01
1.310087e-01,3.018000e-01,1.144974e-01,-8.317105e-02,-4.396539e+01,6.840000e+01,2.010000e+02,-2.168000e+02,-1.564850e-02,5.834211e-03,1.047368e-03,1.214211e-02,-6.541164e+00,-1.000000e-01,-4.800000e+00,-9.700000e+00
1.773135e-01,3.732000e-01,1.268974e-01,-5.297105e-02,-6.063695e+01,7.180000e+01,1.885000e+02,-2.342000e+02,-1.574552e-02,8.134211e-03,2.047368e-03,1.124211e-02,-5.832654e+00,-9.000000e-01,-6.400000e+00,-9.200000e+00
2.122314e-01,4.377000e-01,1.452974e-01,-2.857105e-02,-7.921154e+01,7.580000e+01,1.672000e+02,-2.482000e+02,-1.424210e-02,1.023421e-02,1.947368e-03,1.174211e-02,-3.756751e+00,-1.300000e+00,-9.700000e+00,-8.000000e+00
2.315655e-01,4.992000e-01,1.647974e-01,-1.687105e-02,-9.353933e+01,8.570000e+01,1.391000e+02,-2.543000e+02,-1.295293e-02,1.063421e-02,5.347368e-03,1.424211e-02,-3.534863e+00,-4.100000e+00,-1.110000e+01,-7.100000e+00
2.364467e-01,5.664000e-01,1.766974e-01,-1.427105e-02,-9.960345e+01,9.070000e+01,1.214000e+02,-2.529000e+02,-1.096931e-02,1.293421e-02,8.347368e-03,1.644211e-02,-1.792244e+00,-4.800000e+00,-1.450000e+01,-6.200000e+00
2.490682e-01,6.556000e-01,1.939974e-01,-9.871053e-03,-1.087636e+02,8.810000e+01,9.040000e+01,-2.420000e+02,-8.731706e-03,1.563421e-02,1.234737e-02,1.914211e-02,-1.431200e+00,-5.000000e+00,-1.570000e+01,-6.200000e+00
2.558232e-01,7.768000e-01,2.005974e-01,-8.671053e-03,-1.155313e+02,7.260000e+01,7.590000e+01,-2.345000e+02,-5.632301e-03,1.693421e-02,1.724737e-02,2.374211e-02,-1.127358e+00,-7.300000e+00,-2.010000e+01,-6.700000e+00
2.090767e-01,8.954000e-01,1.539974e-01,-2.217105e-02,-1.180163e+02,6.770000e+01,7.260000e+01,-2.338000e+02,-1.945959e-03,1.913421e-02,2.194737e-02,2.844211e-02,-1.261447e+00,-8.700000e+00,-2.330000e+01,-7.600000e+00
1.220330e-01,9.851000e-01,7.159737e-02,-4.297105e-02,-1.156645e+02,6.090000e+01,6.020000e+01,-2.189000e+02,3.918107e-03,2.113421e-02,1.954737e-02,3.264211e-02,-2.067512e+00,-1.260000e+01,-2.800000e+01,-8.800000e+00
2.869437e-02,1.082700e+00,-1.840263e-02,-7.257105e-02,-1.126384e+02,3.970000e+01,2.690000e+01,-1.819000e+02,8.714048e-03,1.983421e-02,2.204737e-02,3.904211e-02,2.401954e-02,-1.140000e+01,-3.450000e+01,-9.700000e+00
-7.974677e-02,1.208000e+00,-1.258026e-01,-1.178711e-01,-1.018445e+02,2.100000e+01,9.800000e+00,-1.488000e+02,1.445761e-02,2.103421e-02,2.144737e-02,4.384211e-02,3.808262e+00,-9.000000e+00,-4.200000e+01,-9.600000e+00
-2.130644e-01,1.338400e+00,-2.468026e-01,-1.818711e-01,-9.420533e+01,1.520000e+01,9.300000e+00,-1.370000e+02,2.145925e-02,1.993421e-02,2.024737e-02,5.104211e-02,5.028110e+00,-9.300000e+00,-4.430000e+01,-9.000000e+00
-3.595578e-01,1.455800e+00,-3.696026e-01,-2.602711e-01,-7.752121e+01,1.820000e+01,7.500000e+00,-1.137000e+02,2.741344e-02,1.823421e-02,2.084737e-02,5.804211e-02,9.760300e+00,-9.000000e+00,-5.230000e+01,-7.000000e+00
-5.057426e-01,1.565700e+00,-4.803026e-01,-3.504711e-01,-6.383738e+01,3.600000e+01,7.000000e-01,-9.250000e+01,3.330059e-02,1.773421e-02,2.154737e-02,6.434211e-02,1.527200e+01,-7.700000e+00,-6.220000e+01,-5.400000e+00
-6.513164e-01,1.656800e+00,-5.743026e-01,-4.587711e-01,-5.312273e+01,4.840000e+01,-9.800000e+00,-7.080000e+01,3.838407e-02,1.723421e-02,2.734737e-02,7.194211e-02,2.056719e+01,-7.400000e+00,-7.310000e+01,-4.000000e+00
-8.074871e-01,1.694800e+00,-6.789026e-01,-5.786711e-01,-4.969212e+01,4.840000e+01,-3.070000e+01,-4.730000e+01,4.597959e-02,1.663421e-02,2.784737e-02,8.034211e-02,2.653853e+01,-5.700000e+00,-8.420000e+01,-2.600000e+00
-9.473717e-01,1.673300e+00,-7.795026e-01,-6.888711e-01,-5.593150e+01,4.390000e+01,-6.000000e+01,-2.820000e+01,5.207504e-02,1.793421e-02,2.954737e-02,8.654211e-02,3.095548e+01,-6.600000e+00,-9.860000e+01,-3.200000e+00
-1.020247e+00,1.643400e+00,-8.279026e-01,-7.712711e-01,-6.310095e+01,3.720000e+01,-8.790000e+01,-1.090000e+01,5.667819e-02,1.783421e-02,3.094737e-02,9.194211e-02,3.128228e+01,-1.340000e+01,-1.136000e+02,-5.800000e+00
-1.034076e+00,1.636100e+00,-8.283026e-01,-8.290711e-01,-6.339668e+01,3.080000e+01,-9.750000e+01,-1.100000e+00,5.993518e-02,1.863421e-02,3.714737e-02,9.794211e-02,3.118357e+01,-1.670000e+01,-1.219000e+02,-7.800000e+00
-9.880183e-01,1.606800e+00,-7.814026e-01,-8.622711e-01,-5.433202e+01,2.800000e+00,-1.110000e+02,3.040000e+01,6.249459e-02,2.103421e-02,3.874737e-02,1.007421e-01,2.949616e+01,-2.690000e+01,-1.384000e+02,-1.140000e+01
-8.398269e-01,1.486500e+00,-7.397026e-01,-7.576711e-01,-5.831850e+01,-1.173000e+02,-1.427000e+02,8.380000e+01,6.333972e-02,2.103421e-02,4.214737e-02,1.051421e-01,2.654490e+01,-4.120000e+01,-1.567000e+02,-1.470000e+01
-6.289408e-01,1.114400e+00,-7.172026e-01,-5.397711e-01,-9.128623e+01,-2.368000e+02,-2.759000e+02,1.950000e+02,7.146543e-02,2.043421e-02,3.914737e-02,1.186421e-01,2.444900e+01,-5.630000e+01,-1.798000e+02,-1.850000e+01
-3.427043e-01,9.108000e-01,-6.463026e-01,-2.998711e-01,1.587605e+02,-2.972000e+02,-1.271000e+02,4.293000e+02,8.166204e-02,1.453421e-02,2.344737e-02,1.355421e-01,3.448975e+01,-5.580000e+01,-2.154000e+02,-2.380000e+01
-4.618354e-02,1.007100e+00,-4.602026e-01,-1.455711e-01,1.727581e+02,-2.495000e+02,9.260000e+01,2.632000e+02,8.143621e-02,7.834211e-03,1.747368e-03,1.401421e-01,3.367544e+01,-6.310000e+01,-2.538000e+02,-3.990000e+01
3.573196e-02,9.766000e-01,-4.179026e-01,-6.707105e-02,7.957873e+00,-1.432000e+02,5.140000e+01,3.670000e+01,8.167198e-02,-9.657895e-04,-3.495263e-02,1.442421e-01,2.557767e+01,-7.500000e+01,-2.721000e+02,-5.160000e+01
1.201858e-01,7.878000e-01,-4.049026e-01,8.972895e-02,-2.505773e+01,-1.257000e+02,-2.500000e+00,2.210000e+01,7.775900e-02,-1.216579e-02,-7.525263e-02,1.509421e-01,1.152903e+01,-8.910000e+01,-3.065000e+02,-8.010000e+01
2.076598e-01,6.372000e-01,-4.036026e-01,2.466289e-01,-1.869322e+01,-6.790000e+01,-8.500000e+00,9.900000e+00,6.585235e-02,-2.646579e-02,-1.214526e-01,1.567421e-01,6.395591e+00,-8.690000e+01,-3.426000e+02,-1.144000e+02
2.715601e-01,4.909000e-01,-3.715026e-01,3.619289e-01,2.301218e+01,-1.620000e+01,1.600000e+01,2.570000e+01,4.115021e-02,-4.276579e-02,-1.656526e-01,1.616421e-01,8.476093e+00,-7.740000e+01,-3.784000e+02,-1.478000e+02
3.421227e-01,3.982000e-01,-2.836026e-01,4.349289e-01,2.115575e+01,2.000000e-01,1.640000e+01,1.650000e+01,-2.491265e-03,-6.296579e-02,-2.058526e-01,1.630421e-01,1.283014e+01,-7.320000e+01,-4.161000e+02,-1.737000e+02
3.600980e-01,2.874000e-01,-2.652026e-01,4.911289e-01,3.994949e-01,-0.000000e+00,6.100000e+00,-2.900000e+00,-7.498343e-02,-8.846579e-02,-2.123526e-01,1.711421e-01,7.455228e+00,-8.950000e+01,-4.582000e+02,-1.901000e+02
2.986422e-01,2.256000e-01,-2.503026e-01,4.333289e-01,8.755844e+00,5.600000e+00,1.310000e+01,1.100000e+00,-1.597554e-01,-1.171658e-01,-2.486526e-01,1.696421e-01,4.562968e+01,-5.970000e+01,-5.037000e+02,-1.982000e+02
2.591001e-01,4.087000e-01,-1.725026e-01,2.681289e-01,1.208844e+01,6.900000e+00,1.550000e+01,3.300000e+00,-2.254144e-01,-1.304658e-01,-3.765526e-01,1.403421e-01,7.164002e+01,-3.000000e+01,-5.246000e+02,-2.231000e+02
1.452478e-01,4.314000e-01,-1.347026e-01,9.982895e-02,7.608800e+00,8.000000e-01,1.270000e+01,1.900000e+00,-2.195250e-01,-3.726579e-02,-4.916526e-01,8.574211e-02,1.556841e+02,3.530000e+01,-6.164000e+02,-2.374000e+02
-3.466028e-02,1.558000e-01,-2.210026e-01,4.022895e-02,1.109585e+01,-6.300000e+00,1.530000e+01,7.600000e+00,-3.965959e-02,2.358342e-01,-5.893526e-01,-2.235789e-02,2.258920e+02,7.430000e+01,-6.949000e+02,-1.223000e+02
-3.031832e-02,1.530000e-02,-1.718026e-01,7.452895e-02,1.259523e+01,-9.200000e+00,1.550000e+01,1.050000e+01,1.845270e-01,5.144342e-01,-6.364526e-01,4.442105e-03,7.501648e+01,-1.790000e+01,-4.170000e+02,-4.800000e+00
-1.779336e-02,4.840000e-02,-9.330263e-02,3.342895e-02,1.172240e+01,-1.230000e+01,1.500000e+01,1.100000e+01,4.366806e-01,7.958342e-01,-6.144526e-01,1.419421e-01,-1.801454e+02,-1.877000e+02,-2.600000e+01,4.850000e+01
-1.307579e-02,5.760000e-02,3.397368e-03,-1.617105e-02,1.161039e+01,-1.690000e+01,1.600000e+01,1.220000e+01,6.305832e-01,9.238342e-01,-7.198526e-01,2.001421e-01,-1.644167e+02,-9.810000e+01,3.127000e+02,-2.630000e+01
-2.015500e-04,7.110000e-02,5.799737e-02,-3.467105e-02,1.069215e+01,-2.070000e+01,1.550000e+01,1.290000e+01,6.981260e-01,9.138342e-01,-8.332526e-01,2.503421e-01,-1.285542e+02,-4.320000e+01,4.031000e+02,-1.252000e+02
-1.524044e-02,3.080000e-02,3.819737e-02,-2.587105e-02,1.075400e+01,-2.230000e+01,1.650000e+01,1.310000e+01,6.225524e-01,7.951342e-01,-8.476526e-01,2.668421e-01,-8.848361e+01,-1.300000e+01,3.458000e+02,-1.407000e+02
-1.422270e-02,1.610000e-02,3.799737e-02,-1.837105e-02,1.079425e+01,-2.260000e+01,1.530000e+01,1.390000e+01,5.208912e-01,6.768342e-01,-8.450526e-01,2.522421e-01,-1.384850e+02,-8.130000e+01,2.474000e+02,-1.447000e+02
-9.771407e-03,1.290000e-02,5.669737e-02,-2.097105e-02,1.079178e+01,-2.260000e+01,1.530000e+01,1.390000e+01,4.896755e-01,6.366342e-01,-8.386526e-01,2.357421e-01,-1.909689e+02,-1.475000e+02,1.939000e+02,-1.151000e+02
-1.241547e-02,9.300000e-03,3.289737e-02,-1.037105e-02,6.315767e+00,-1.550000e+01,9.800000e+00,8.600000e+00,5.121432e-01,6.481342e-01,-8.008526e-01,2.250421e-01,-1.611417e+02,-1.174000e+02,2.205000e+02,-8.810000e+01
-1.429692e-02,6.900000e-03,1.429737e-02,-2.171053e-03,4.893367e+00,-9.800000e+00,7.200000e+00,6.000000e+00,4.406137e-01,5.579342e-01,-7.625526e-01,2.358421e-01,-1.614409e+02,-1.174000e+02,2.205000e+02,-8.810000e+01
-1.458069e-02,7.100000e-03,5.697368e-03,1.728947e-03,4.997552e+00,-6.000000e+00,5.500000e+00,5.500000e+00,2.196532e-01,2.888342e-01,-7.365526e-01,3.121421e-01,-1.617235e+02,-1.174000e+02,2.205000e+02,-8.810000e+01
-1.677917e-02,5.000000e-03,-4.302632e-03,4.928947e-03,4.839769e+00,-4.800000e+00,4.800000e+00,5.200000e+00,-4.921321e-02,-2.146579e-02,-7.386526e-01,2.522421e-01,2.336875e+01,5.270000e+01,2.811000e+02,2.100000e+01
-1.656692e-02,3.500000e-03,-1.050263e-02,8.828947e-03,4.941405e+00,-2.700000e+00,4.600000e+00,4.600000e+00,-3.301139e-01,-3.157658e-01,-7.758526e-01,7.414211e-02,4.274895e+01,5.140000e+01,2.821000e+02,8.590000e+01
-1.681504e-02,2.400000e-03,-1.870263e-02,1.302895e-02,4.525100e+00,-1.400000e+00,4.000000e+00,3.900000e+00,-4.456562e-01,-4.439658e-01,-6.643526e-01,-2.705789e-02,5.450462e+01,4.160000e+01,2.958000e+02,1.473000e+02
-1.692990e-02,-9.000000e-04,-2.510263e-02,1.732895e-02,5.017817e+00,1.000000e-01,3.400000e+00,4.200000e+00,-4.455251e-01,-4.356658e-01,-5.409526e-01,-1.241579e-01,6.223569e+01,3.090000e+01,3.093000e+02,1.940000e+02
-1.791156e-02,-1.600000e-03,-3.110263e-02,1.932895e-02,4.082455e+00,1.500000e+00,1.500000e+00,3.500000e+00,-3.351317e-01,-3.246658e-01,-5.162526e-01,-1.828579e-01,6.928478e+01,2.130000e+01,3.088000e+02,2.272000e+02
-1.735188e-02,-2.600000e-03,-3.020263e-02,1.982895e-02,4.466453e+00,2.900000e+00,1.900000e+00,3.200000e+00,-2.128884e-01,-2.144658e-01,-5.359526e-01,-2.087579e-01,6.482122e+01,2.700000e+00,2.915000e+02,2.420000e+02
-1.714162e-02,-2.800000e-03,-2.920263e-02,1.952895e-02,6.470010e+00,3.100000e+00,2.300000e+00,5.300000e+00,-1.476972e-01,-1.701658e-01,-5.286526e-01,-2.145579e-01,6.315588e+01,-8.900000e+00,2.824000e+02,2.521000e+02
-1.536352e-02,-3.100000e-03,-2.030263e-02,1.712895e-02,6.462076e+00,2.700000e+00,2.200000e+00,5.500000e+00,-1.227580e-01,-1.663658e-01,-4.664526e-01,-1.983579e-01,5.441098e+01,-2.680000e+01,2.714000e+02,2.553000e+02
-1.315071e-02,-8.000000e-04,-1.150263e-02,1.422895e-02,8.423891e+00,1.900000e+00,2.700000e+00,7.900000e+00,-7.963077e-02,-1.344658e-01,-4.077526e-01,-1.738579e-01,4.953304e+01,-3.450000e+01,2.777000e+02,2.600000e+02
-1.210740e-02,-7.000000e-04,-5.902632e-03,1.242895e-02,9.042946e+00,-9.000000e-01,3.200000e+00,9.500000e+00,-3.359429e-02,-8.346579e-02,-3.473526e-01,-1.465579e-01,4.711711e+01,-3.390000e+01,2.905000e+02,2.633000e+02
-1.028806e-02,-5.000000e-04,-3.702632e-03,1.322895e-02,1.061745e+01,-1.200000e+00,3.200000e+00,1.150000e+01,2.941570e-02,6.934211e-03,-2.971526e-01,-1.139579e-01,4.157069e+01,-3.480000e+01,2.948000e+02,2.592000e+02
-9.693991e-03,7.000000e-04,-3.502632e-03,1.312895e-02,1.032972e+01,-1.500000e+00,1.600000e+00,1.210000e+01,8.536170e-02,7.963421e-02,-2.664526e-01,-6.875789e-02,3.487055e+01,-4.180000e+01,2.896000e+02,2.529000e+02
-9.246306e-03,6.000000e-04,-4.902632e-03,1.412895e-02,1.055247e+01,-4.000000e-01,-1.000000e-01,1.280000e+01,1.511554e-01,1.497342e-01,-2.605526e-01,-7.957895e-03,3.048086e+01,-4.510000e+01,2.834000e+02,2.461000e+02
-7.882487e-03,2.900000e-03,9.736842e-05,1.192895e-02,1.058277e+01,-0.000000e+00,-1.500000e+00,1.340000e+01,2.342003e-01,2.416342e-01,-2.652526e-01,7.134211e-02,3.538523e+01,-4.210000e+01,2.767000e+02,2.471000e+02
-7.468531e-03,4.400000e-03,-1.026316e-04,1.152895e-02,1.012744e+01,2.000000e-01,-2.700000e+00,1.340000e+01,3.106428e-01,3.593342e-01,-2.624526e-01,1.528421e-01,4.839935e+01,-3.820000e+01,2.667000e+02,2.557000e+02
-6.533959e-03,8.100000e-03,-3.026316e-04,1.072895e-02,1.199300e+01,4.300000e+00,-4.900000e+00,1.510000e+01,3.668158e-01,4.891342e-01,-2.554526e-01,2.267421e-01,7.161978e+01,-2.720000e+01,2.425000e+02,2.646000e+02
-5.754449e-03,1.020000e-02,-4.302632e-03,1.222895e-02,1.401887e+01,9.600000e+00,-7.500000e+00,1.670000e+01,3.934648e-01,6.182342e-01,-2.379526e-01,2.873421e-01,9.404624e+01,-2.160000e+01,2.000000e+02,2.619000e+02
-3.692356e-03,1.260000e-02,-3.402632e-03,1.252895e-02,1.784948e+01,1.390000e+01,-8.800000e+00,2.020000e+01,3.893919e-01,7.638342e-01,-2.091526e-01,3.264421e-01,1.030349e+02,-1.660000e+01,1.645000e+02,2.471000e+02
-3.049931e-03,1.400000e-02,-7.502632e-03,1.402895e-02,2.176548e+01,1.750000e+01,-1.050000e+01,2.430000e+01,3.570411e-01,9.560342e-01,-1.843526e-01,3.345421e-01,9.092912e+01,7.300000e+00,1.601000e+02,2.239000e+02
-8.360932e-04,1.750000e-02,-6.902632e-03,1.392895e-02,2.399611e+01,2.030000e+01,-1.390000e+01,2.760000e+01,2.593707e-01,1.175134e+00,-1.406526e-01,2.899421e-01,6.583847e+01,2.050000e+01,1.628000e+02,1.927000e+02
2.805160e-03,1.800000e-02,-3.502632e-03,1.532895e-02,2.797019e+01,2.260000e+01,-1.420000e+01,3.160000e+01,7.152173e-02,1.373834e+00,-5.745263e-02,1.832421e-01,5.114982e+01,1.650000e+01,1.602000e+02,1.732000e+02
4.547813e-03,1.790000e-02,-9.002632e-03,1.932895e-02,2.804513e+01,2.560000e+01,-1.890000e+01,3.290000e+01,-1.690736e-01,1.555334e+00,3.754737e-02,2.064211e-02,3.778349e+01,-4.900000e+00,1.265000e+02,1.346000e+02
9.232114e-03,1.990000e-02,-8.802632e-03,2.292895e-02,3.008610e+01,3.120000e+01,-2.240000e+01,3.480000e+01,-4.324855e-01,1.728234e+00,1.357474e-01,-1.836579e-01,2.628908e+01,-9.000000e-01,8.260000e+01,8.980000e+01
1.190533e-02,1.380000e-02,-1.720263e-02,3.252895e-02,2.881549e+01,3.550000e+01,-2.790000e+01,3.430000e+01,-7.040177e-01,1.877034e+00,2.458474e-01,-4.125579e-01,2.530407e+01,1.480000e+01,3.570000e+01,5.580000e+01
1.419647e-02,1.210000e-02,-3.050263e-02,4.252895e-02,2.079936e+01,3.970000e+01,-3.830000e+01,2.820000e+01,-9.574508e-01,1.992634e+00,3.628474e-01,-6.411579e-01,3.977477e+01,1.770000e+01,-1.670000e+01,3.700000e+01
1.822557e-02,6.900000e-03,-3.760263e-02,5.322895e-02,1.354111e+01,4.350000e+01,-4.870000e+01,2.320000e+01,-1.178054e+00,2.099934e+00,4.741474e-01,-8.604579e-01,4.471099e+01,1.710000e+01,-5.850000e+01,1.410000e+01
2.755770e-02,2.200000e-03,-3.250263e-02,6.362895e-02,6.432721e+00,4.230000e+01,-6.050000e+01,2.160000e+01,-1.363514e+00,2.202634e+00,5.616474e-01,-1.067158e+00,3.724522e+01,2.080000e+01,-7.060000e+01,-3.300000e+00
3.509839e-02,-2.000000e-03,-3.290263e-02,7.512895e-02,6.418795e+00,4.230000e+01,-6.050000e+01,2.160000e+01,-1.498553e+00,2.243034e+00,6.404474e-01,-1.242358e+00,1.402855e+01,2.520000e+01,-8.880000e+01,-4.390000e+01
4.361861e-02,-3.900000e-03,-2.300263e-02,8.062895e-02,1.058839e+00,3.980000e+01,-8.170000e+01,2.850000e+01,-1.585854e+00,2.188834e+00,7.219474e-01,-1.371358e+00,-7.740090e+00,1.880000e+01,-1.007000e+02,-7.800000e+01
5.097723e-02,-6.500000e-03,-1.470263e-02,8.612895e-02,2.209318e+00,3.910000e+01,-9.690000e+01,3.940000e+01,-1.584698e+00,2.083534e+00,7.525474e-01,-1.430058e+00,-3.831710e+01,1.540000e+01,-9.790000e+01,-1.128000e+02
6.179028e-02,-6.900000e-03,-7.802632e-03,9.632895e-02,6.217444e+00,4.430000e+01,-1.143000e+02,5.220000e+01,-1.414284e+00,1.889734e+00,7.707474e-01,-1.261158e+00,-5.316904e+01,-4.010000e+01,-7.250000e+01,-1.082000e+02
8.323959e-02,-1.680000e-02,2.569737e-02,1.112289e-01,2.538870e+00,4.480000e+01,-1.409000e+02,6.350000e+01,-9.498450e-01,1.388334e+00,4.872474e-01,-8.840579e-01,-2.596775e+02,6.060000e+01,4.290000e+01,-2.939000e+02
9.997707e-02,-2.840000e-02,5.479737e-02,1.258289e-01,2.478252e+00,4.480000e+01,-1.409000e+02,6.350000e+01,-5.633574e-01,8.302342e-01,2.274474e-01,-6.040579e-01,-1.330357e+02,9.120000e+01,-2.156000e+02,-3.147000e+02
1.175944e-01,-3.330000e-02,8.819737e-02,1.363289e-01,2.396632e+00,4.480000e+01,-1.409000e+02,6.350000e+01,-4.275769e-01,6.946342e-01,2.323474e-01,-5.180579e-01,-6.123711e+01,3.620000e+01,-3.409000e+02,-2.939000e+02
1.312815e-01,-3.400000e-02,1.358974e-01,1.340289e-01,1.553159e+01,5.410000e+01,-2.113000e+02,1.216000e+02,-2.428775e-01,7.578342e-01,1.571474e-01,-4.161579e-01,-2.561508e+01,1.375000e+02,-1.455000e+02,-1.650000e+02
1.411632e-01,-3.810000e-02,1.851974e-01,1.344289e-01,1.914588e+01,5.110000e+01,-2.467000e+02,1.533000e+02,1.578584e-02,7.533342e-01,-9.145263e-02,-2.502579e-01,-3.156268e+00,1.690000e+02,1.600000e+00,-6.580000e+01
1.339888e-01,-4.360000e-02,2.202974e-01,1.304289e-01,1.880548e+01,4.070000e+01,-2.854000e+02,1.890000e+02,1.524425e-01,4.668342e-01,-1.705526e-01,-3.065789e-02,7.955767e+00,1.190000e+02,-3.500000e+01,-5.360000e+01
1.172099e-01,-4.530000e-02,2.451974e-01,1.284289e-01,2.197247e+01,3.870000e+01,-3.254000e+02,2.244000e+02,2.294015e-01,2.858342e-01,-1.293526e-01,1.464421e-01,-1.380560e+01,4.250000e+01,-1.480000e+01,-4.000000e+01
9.160799e-02,-4.980000e-02,2.610974e-01,1.320289e-01,2.181133e+01,3.870000e+01,-3.254000e+02,2.244000e+02,3.100259e-01,2.092342e-01,-1.551526e-01,2.596421e-01,-1.027987e+01,1.710000e+01,2.190000e+01,-8.000000e+00
4.763383e-02,-5.950000e-02,2.908974e-01,1.268289e-01,1.483236e+01,2.320000e+01,-3.868000e+02,2.774000e+02,3.685801e-01,4.683421e-02,-2.323526e-01,3.535421e-01,-1.049980e-01,1.910000e+01,1.050000e+01,-2.300000e+00
4.151714e-03,-6.260000e-02,3.757974e-01,1.057289e-01,-1.088114e+01,-2.530000e+01,-4.111000e+02,3.208000e+02,3.184402e-01,-2.466579e-02,-3.071526e-01,2.860421e-01,4.946355e+00,1.690000e+01,-6.300000e+00,-3.600000e+00
-2.588915e-02,-3.110000e-02,4.683974e-01,8.182895e-02,-2.540421e+01,-4.760000e+01,-4.255000e+02,3.412000e+02,1.161065e-01,2.600342e-01,-7.705263e-02,5.104211e-02,-6.292028e+00,6.700000e+00,6.300000e+00,-6.900000e+00
-1.129696e-02,7.730000e-02,5.414974e-01,4.372895e-02,-4.284452e+01,-9.120000e+01,-4.076000e+02,3.851000e+02,5.455943e-02,5.905342e-01,1.005474e-01,-6.345789e-02,-1.529821e+00,1.260000e+01,4.600000e+00,-4.400000e+00
1.315076e-01,3.122000e-01,5.983974e-01,4.162895e-02,-9.793942e+01,-1.501000e+02,-3.649000e+02,3.572000e+02,1.433121e-01,4.996342e-01,1.374737e-02,3.194211e-02,-4.698133e+00,1.330000e+01,4.400000e+00,-8.500000e+00
3.494173e-01,5.660000e-01,6.783974e-01,1.461289e-01,-3.934264e+01,-6.040000e+01,-2.750000e+02,2.098000e+02,1.278282e-01,2.304342e-01,1.047368e-03,1.096421e-01,-4.229911e+00,1.140000e+01,4.500000e+00,-7.200000e+00
5.305457e-01,7.402000e-01,6.895974e-01,2.968289e-01,1.581152e+02,1.419000e+02,-5.970000e+01,1.192000e+02,8.284622e-03,2.983421e-02,1.462474e-01,1.132421e-01,-2.836563e+00,1.120000e+01,3.200000e+00,-6.100000e+00
6.273112e-01,7.948000e-01,7.355974e-01,3.762289e-01,2.581594e+02,2.273000e+02,2.105000e+02,8.930000e+01,-1.481793e-02,1.087342e-01,1.429474e-01,5.374211e-02,-2.874350e+00,8.200000e+00,3.000000e+00,-5.100000e+00
6.190775e-01,7.412000e-01,8.430974e-01,3.900289e-01,2.380876e+02,1.969000e+02,2.938000e+02,9.870000e+01,-7.715489e-04,1.009342e-01,1.914737e-02,1.614211e-02,-2.752874e+00,6.000000e+00,3.500000e+00,-3.900000e+00
5.455423e-01,6.412000e-01,9.021974e-01,3.704289e-01,2.080483e+02,1.555000e+02,3.008000e+02,1.279000e+02,-8.824692e-03,1.043421e-02,-3.275263e-02,1.784211e-02,-3.681443e+00,5.300000e+00,3.300000e+00,-4.800000e+00
4.661601e-01,5.621000e-01,9.281974e-01,3.323289e-01,1.618386e+02,1.015000e+02,2.438000e+02,1.503000e+02,-2.007194e-02,9.334211e-03,-2.552632e-03,1.884211e-02,-4.154945e+00,5.700000e+00,3.300000e+00,-5.500000e+00
4.010816e-01,5.097000e-01,9.175974e-01,2.963289e-01,1.174745e+02,5.330000e+01,2.179000e+02,1.528000e+02,-2.151559e-02,2.323421e-02,-5.452632e-03,1.044211e-02,-4.914700e+00,6.500000e+00,2.600000e+00,-7.000000e+00
3.595029e-01,4.722000e-01,8.947974e-01,2.661289e-01,7.616460e+01,3.710000e+01,1.970000e+02,8.900000e+01,-1.917734e-02,8.034211e-03,-3.005263e-02,7.842105e-03,-5.566494e+00,9.500000e+00,2.800000e+00,-8.800000e+00
2.818257e-01,3.687000e-01,9.084974e-01,2.509289e-01,2.382252e+01,1.920000e+01,2.112000e+02,6.100000e+00,-2.040569e-02,4.134211e-03,-2.155263e-02,1.164211e-02,-6.834066e+00,1.110000e+01,4.300000e+00,-1.020000e+01
7.845265e-02,1.386000e-01,9.385974e-01,1.997289e-01,2.416426e+01,1.920000e+01,2.112000e+02,6.100000e+00,-2.102792e-02,5.234211e-03,-1.935263e-02,1.144211e-02,-9.332544e+00,1.510000e+01,7.000000e+00,-1.340000e+01
-2.163179e-01,-1.604000e-01,8.910974e-01,4.972895e-02,-5.532169e+01,-7.100000e+00,2.055000e+02,-1.055000e+02,-2.045187e-02,2.134211e-03,-2.695263e-02,9.942105e-03,-1.023028e+01,1.820000e+01,7.900000e+00,-1.520000e+01
-4.451441e-01,-3.685000e-01,8.817974e-01,-1.395711e-01,-7.957131e+01,6.800000e+00,1.851000e+02,-1.707000e+02,-2.266328e-02,1.234211e-03,-2.295263e-02,9.442105e-03,-1.178180e+01,1.960000e+01,8.600000e+00,-1.720000e+01
-5.112988e-01,-4.404000e-01,8.327974e-01,-2.448711e-01,-9.036313e+01,3.060000e+01,1.737000e+02,-2.229000e+02,-2.186348e-02,-6.657895e-04,-2.775263e-02,9.042105e-03,-1.179178e+01,1.960000e+01,8.600000e+00,-1.720000e+01
-4.713017e-01,-4.080000e-01,7.325974e-01,-2.865711e-01,-9.016841e+01,3.060000e+01,1.737000e+02,-2.229000e+02,-2.336172e-02,5.342105e-04,-2.095263e-02,9.742105e-03,-1.131350e+01,1.770000e+01,7.500000e+00,-1.640000e+01
-3.791185e-01,-3.292000e-01,6.807974e-01,-2.949711e-01,-8.994486e+01,3.060000e+01,1.737000e+02,-2.229000e+02,-2.414420e-02,-1.365789e-03,-1.305263e-02,1.284211e-02,-1.042113e+01,1.630000e+01,6.900000e+00,-1.510000e+01
-2.475459e-01,-2.427000e-01,6.103974e-01,-2.497711e-01,-8.475060e+01,8.490000e+01,1.804000e+02,-2.804000e+02,-2.461679e-02,1.734211e-03,-6.952632e-03,1.354211e-02,-9.120126e+00,1.400000e+01,3.900000e+00,-1.400000e+01
-1.449628e-01,-1.852000e-01,5.173974e-01,-1.885711e-01,-6.805140e+01,9.200000e+01,1.887000e+02,-2.659000e+02,-2.532611e-02,-7.657895e-04,4.147368e-03,1.804211e-02,-7.645070e+00,1.280000e+01,2.600000e+00,-1.240000e+01
-8.317380e-02,-1.593000e-01,4.077974e-01,-1.292711e-01,-5.807565e+01,9.430000e+01,1.928000e+02,-2.554000e+02,-2.601503e-02,3.034211e-03,1.224737e-02,1.884211e-02,-6.765616e+00,1.130000e+01,0.000000e+00,-1.190000e+01
-3.442321e-02,-1.315000e-01,2.853974e-01,-6.517105e-02,-3.539931e+01,9.910000e+01,2.054000e+02,-2.331000e+02,-2.695978e-02,2.234211e-03,2.154737e-02,2.154211e-02,-6.180720e+00,1.020000e+01,3.000000e-01,-1.070000e+01
8.431440e-03,-9.750000e-02,1.687974e-01,1.228947e-03,-2.172998e+01,9.740000e+01,2.159000e+02,-2.177000e+02,-2.748552e-02,2.434211e-03,2.904737e-02,2.354211e-02,-6.007047e+00,8.900000e+00,-9.000000e-01,-1.050000e+01
8.849856e-02,-1.880000e-02,1.065974e-01,7.282895e-02,-1.462997e+01,9.560000e+01,2.227000e+02,-2.101000e+02,-2.793900e-02,2.334211e-03,3.664737e-02,2.574211e-02,-5.464753e+00,6.800000e+00,-1.900000e+00,-9.500000e+00
1.641476e-01,5.860000e-02,7.599737e-02,1.378289e-01,-1.756339e+01,9.410000e+01,2.207000e+02,-2.116000e+02,-2.766485e-02,2.834211e-03,4.404737e-02,2.834211e-02,-3.898074e+00,7.000000e+00,-4.200000e+00,-8.700000e+00
2.303327e-01,1.280000e-01,6.759737e-02,1.959289e-01,-2.934569e+01,8.910000e+01,2.141000e+02,-2.195000e+02,-2.660228e-02,2.534211e-03,5.034737e-02,3.164211e-02,-3.468252e+00,4.700000e+00,-6.100000e+00,-8.100000e+00
2.942969e-01,2.057000e-01,6.299737e-02,2.569289e-01,-4.398889e+01,8.430000e+01,2.094000e+02,-2.324000e+02,-2.481695e-02,2.334211e-03,5.224737e-02,3.394211e-02,-2.519921e+00,1.500000e+00,-9.100000e+00,-7.000000e+00
3.456384e-01,2.945000e-01,4.709737e-02,3.174289e-01,-5.974701e+01,8.030000e+01,1.930000e+02,-2.398000e+02,-2.297369e-02,3.334211e-03,5.324737e-02,3.544211e-02,-6.119586e-01,-2.000000e-01,-1.220000e+01,-5.400000e+00
3.797910e-01,3.793000e-01,6.509737e-02,3.493289e-01,-7.941022e+01,8.670000e+01,1.734000e+02,-2.543000e+02,-2.008305e-02,1.234211e-03,5.424737e-02,3.924211e-02,1.788320e+00,-2.700000e+00,-1.650000e+01,-3.400000e+00
4.002296e-01,4.927000e-01,8.919737e-02,3.627289e-01,-9.613686e+01,8.650000e+01,1.537000e+02,-2.617000e+02,-1.640136e-02,4.734211e-03,5.254737e-02,4.064211e-02,2.598011e+00,-5.000000e+00,-2.060000e+01,-3.200000e+00
3.933960e-01,6.322000e-01,9.889737e-02,3.584289e-01,-1.098570e+02,7.970000e+01,1.323000e+02,-2.615000e+02,-1.220065e-02,1.834211e-03,5.584737e-02,4.694211e-02,3.853880e+00,-7.800000e+00,-2.600000e+01,-2.800000e+00
3.466859e-01,7.877000e-01,8.339737e-02,3.342289e-01,-1.187154e+02,7.100000e+01,1.156000e+02,-2.580000e+02,-7.277200e-03,2.434211e-03,5.824737e-02,5.234211e-02,4.485260e+00,-8.500000e+00,-2.830000e+01,-2.700000e+00
2.534161e-01,9.528000e-01,3.909737e-02,2.832289e-01,-1.229763e+02,5.540000e+01,9.400000e+01,-2.434000e+02,-4.423645e-04,2.834211e-03,5.794737e-02,5.874211e-02,6.557869e+00,-8.400000e+00,-3.500000e+01,-3.000000e+00
1.093911e-01,1.118300e+00,-3.580263e-02,2.035289e-01,-1.254498e+02,4.360000e+01,7.900000e+01,-2.327000e+02,6.339555e-03,3.534211e-03,5.554737e-02,6.394211e-02,7.714019e+00,-7.100000e+00,-4.060000e+01,-4.400000e+00
-6.829891e-02,1.282900e+00,-1.344026e-01,9.562895e-02,-1.310471e+02,9.200000e+00,4.030000e+01,-2.043000e+02,1.378349e-02,2.734211e-03,5.034737e-02,6.924211e-02,9.374187e+00,-7.100000e+00,-4.770000e+01,-5.300000e+00
-2.748382e-01,1.442900e+00,-2.616026e-01,-4.007105e-02,-1.339178e+02,-2.630000e+01,-1.900000e+00,-1.703000e+02,2.096432e-02,3.134211e-03,4.724737e-02,7.444211e-02,1.177055e+01,-7.900000e+00,-5.600000e+01,-5.500000e+00
-4.866414e-01,1.597300e+00,-4.030026e-01,-1.872711e-01,-1.254267e+02,-4.260000e+01,-3.200000e+01,-1.336000e+02,2.739650e-02,3.734211e-03,4.454737e-02,7.874211e-02,1.501520e+01,-8.500000e+00,-6.480000e+01,-5.000000e+00
-6.841302e-01,1.750800e+00,-5.336026e-01,-3.392711e-01,-1.053019e+02,-3.970000e+01,-4.640000e+01,-9.610000e+01,3.341932e-02,4.834211e-03,4.294737e-02,8.284211e-02,1.611191e+01,-8.500000e+00,-6.850000e+01,-5.200000e+00
-8.852061e-01,1.874200e+00,-6.748026e-01,-4.945711e-01,-7.852508e+01,-1.750000e+01,-4.580000e+01,-6.320000e+01,3.864190e-02,5.634211e-03,4.424737e-02,8.724211e-02,1.985082e+01,-8.800000e+00,-7.890000e+01,-4.900000e+00
-1.075750e+00,1.939900e+00,-8.225026e-01,-6.408711e-01,-5.580678e+01,8.900000e+00,-5.220000e+01,-3.030000e+01,4.345641e-02,6.434211e-03,4.764737e-02,9.204211e-02,2.503272e+01,-9.200000e+00,-9.040000e+01,-3.300000e+00
-1.228495e+00,1.952200e+00,-9.346026e-01,-7.748711e-01,-4.746930e+01,1.730000e+01,-6.230000e+01,-1.210000e+01,4.823412e-02,6.734211e-03,4.834737e-02,9.604211e-02,2.946059e+01,-1.110000e+01,-1.037000e+02,-2.600000e+00
-1.325342e+00,1.922200e+00,-1.007903e+00,-8.846711e-01,-3.282382e+01,2.470000e+01,-8.140000e+01,2.140000e+01,5.296989e-02,8.834211e-03,4.884737e-02,9.924211e-02,3.215755e+01,-1.500000e+01,-1.174000e+02,-3.100000e+00
-1.346854e+00,1.871200e+00,-1.029003e+00,-9.548711e-01,-2.411053e+01,3.400000e+01,-1.033000e+02,4.940000e+01,5.610310e-02,1.093421e-02,4.964737e-02,1.010421e-01,3.122228e+01,-2.290000e+01,-1.327000e+02,-6.500000e+00
-1.236889e+00,1.786300e+00,-9.745026e-01,-9.369711e-01,-3.225354e+01,-3.410000e+01,-1.371000e+02,7.400000e+01,5.915062e-02,1.303421e-02,4.884737e-02,1.027421e-01,2.807126e+01,-3.390000e+01,-1.494000e+02,-1.140000e+01
-9.802369e-01,1.478500e+00,-9.574026e-01,-7.348711e-01,-5.053032e+01,-1.730000e+02,-2.556000e+02,1.667000e+02,6.501888e-02,1.513421e-02,4.634737e-02,1.081421e-01,2.616811e+01,-3.870000e+01,-1.584000e+02,-1.490000e+01
-6.312066e-01,1.170600e+00,-8.276026e-01,-4.819711e-01,7.541638e+01,-1.803000e+02,-2.214000e+02,3.029000e+02,7.858370e-02,1.443421e-02,3.494737e-02,1.226421e-01,2.906183e+01,-4.360000e+01,-1.856000e+02,-2.060000e+01
-2.787251e-01,1.236700e+00,-7.166026e-01,-2.785711e-01,1.140494e+02,-1.826000e+02,-1.657000e+02,3.132000e+02,8.777117e-02,9.434211e-03,1.314737e-02,1.317421e-01,3.456747e+01,-3.680000e+01,-2.177000e+02,-3.340000e+01
-3.716282e-02,1.294700e+00,-5.321026e-01,-1.673711e-01,1.522464e+02,-1.858000e+02,5.740000e+01,2.184000e+02,8.932879e-02,5.134211e-03,-8.752632e-03,1.343421e-01,1.891680e+01,-5.910000e+01,-2.519000e+02,-5.460000e+01
3.021722e-02,1.071200e+00,-4.576026e-01,-5.637105e-02,3.611038e+01,-7.550000e+01,3.980000e+01,4.810000e+01,9.278223e-02,-1.657895e-04,-4.195263e-02,1.404421e-01,1.873963e+00,-7.640000e+01,-2.850000e+02,-8.120000e+01
1.452234e-01,8.633000e-01,-3.750026e-01,9.682895e-02,-5.926360e-01,-7.470000e+01,-3.700000e+00,2.830000e+01,8.893467e-02,-9.665789e-03,-7.645263e-02,1.481421e-01,-1.269206e+01,-8.960000e+01,-3.222000e+02,-1.106000e+02
2.430359e-01,6.999000e-01,-3.216026e-01,2.369289e-01,1.363899e+01,-2.690000e+01,2.700000e+00,2.460000e+01,8.237089e-02,-1.756579e-02,-1.295526e-01,1.494421e-01,-1.392508e+01,-8.340000e+01,-3.397000e+02,-1.292000e+02
3.303202e-01,5.726000e-01,-2.479026e-01,3.455289e-01,2.517428e+01,2.000000e+00,1.210000e+01,2.280000e+01,6.433673e-02,-2.676579e-02,-1.811526e-01,1.486421e-01,-1.280933e+01,-6.940000e+01,-3.688000e+02,-1.620000e+02
4.007586e-01,4.650000e-01,-1.585026e-01,4.208289e-01,1.331129e+01,8.200000e+00,1.100000e+01,7.000000e+00,2.543125e-02,-4.046579e-02,-2.237526e-01,1.433421e-01,-1.115057e+01,-6.430000e+01,-4.088000e+02,-1.918000e+02
3.942246e-01,3.605000e-01,-1.489026e-01,4.459289e-01,4.704806e+00,5.100000e+00,7.800000e+00,-4.000000e-01,-3.008843e-02,-5.806579e-02,-2.509526e-01,1.493421e-01,-9.990628e+00,-6.840000e+01,-4.461000e+02,-2.079000e+02
3.429099e-01,4.667000e-01,-9.190263e-02,3.158289e-01,5.812692e+00,8.100000e+00,9.900000e+00,-1.300000e+00,-1.046697e-01,-7.886579e-02,-2.870526e-01,1.496421e-01,1.452705e+01,-4.050000e+01,-4.841000e+02,-2.342000e+02
2.329565e-01,5.745000e-01,-1.024026e-01,1.510289e-01,9.375298e+00,9.100000e+00,1.190000e+01,1.500000e+00,-1.840109e-01,-8.446579e-02,-3.838526e-01,1.078421e-01,8.847822e+01,4.670000e+01,-5.335000e+02,-2.867000e+02
6.764838e-02,3.013000e-01,-9.110263e-02,4.832895e-02,6.383069e+00,1.200000e+00,1.010000e+01,1.800000e+00,-1.947625e-01,7.934211e-03,-4.639526e-01,4.424211e-02,2.035314e+02,1.211000e+02,-6.606000e+02,-2.228000e+02
-4.939861e-02,2.700000e-02,-1.584026e-01,4.512895e-02,9.639767e+00,-4.000000e+00,1.220000e+01,6.500000e+00,-2.450992e-02,2.775342e-01,-5.459526e-01,-2.495789e-02,2.046402e+02,1.061000e+02,-6.913000e+02,-1.600000e+02
-1.509819e-02,4.390000e-02,-1.019026e-01,4.942895e-02,7.877131e+00,-6.500000e+00,1.020000e+01,6.400000e+00,1.899294e-01,5.538342e-01,-5.451526e-01,-3.255789e-02,3.798985e+01,-1.990000e+01,-3.933000e+02,-7.660000e+01
-1.584753e-02,7.140000e-02,-4.930263e-02,1.052895e-02,7.442870e+00,-8.600000e+00,9.200000e+00,7.200000e+00,4.498620e-01,8.276342e-01,-5.428526e-01,9.464211e-02,-1.923444e+02,-1.982000e+02,-2.860000e+01,1.070000e+01
-1.020378e-02,7.380000e-02,1.419737e-02,-1.687105e-02,7.627135e+00,-9.200000e+00,9.300000e+00,7.600000e+00,6.516458e-01,9.765342e-01,-6.529526e-01,1.728421e-01,-1.602943e+02,-1.233000e+02,2.723000e+02,-2.030000e+01
-1.101380e-02,5.190000e-02,4.009737e-02,-2.317105e-02,6.801693e+00,-1.050000e+01,9.700000e+00,6.900000e+00,7.320840e-01,9.873342e-01,-7.949526e-01,2.350421e-01,-5.572969e+01,3.400000e+00,4.115000e+02,-1.297000e+02
-1.960145e-02,1.660000e-02,2.079737e-02,-1.027105e-02,7.919847e+00,-1.100000e+01,1.050000e+01,8.000000e+00,6.552266e-01,8.783342e-01,-8.365526e-01,2.724421e-01,-6.116481e+01,-1.510000e+01,2.898000e+02,-1.429000e+02
-1.633596e-02,7.200000e-03,3.139737e-02,-8.271053e-03,8.544376e+00,-1.200000e+01,1.110000e+01,8.800000e+00,5.400418e-01,7.481342e-01,-8.323526e-01,2.669421e-01,-9.211871e+01,-5.180000e+01,2.410000e+02,-1.352000e+02
-1.262258e-02,7.100000e-03,4.409737e-02,-1.017105e-02,9.520478e+00,-1.310000e+01,1.180000e+01,1.000000e+01,4.822226e-01,6.803342e-01,-8.121526e-01,2.525421e-01,-1.548661e+02,-1.246000e+02,1.906000e+02,-1.046000e+02
-1.535455e-02,2.700000e-03,2.879737e-02,-3.771053e-03,1.068310e+01,-1.400000e+01,1.240000e+01,1.140000e+01,4.916648e-01,6.681342e-01,-7.681526e-01,2.676421e-01,-1.516971e+02,-1.282000e+02,2.023000e+02,-6.730000e+01
-1.612521e-02,2.400000e-03,2.069737e-02,-2.710526e-04,1.103961e+01,-1.490000e+01,1.290000e+01,1.190000e+01,4.648514e-01,5.960342e-01,-7.619526e-01,3.078421e-01,-9.619969e+01,-7.460000e+01,2.688000e+02,-3.560000e+01
-1.658862e-02,1.000000e-03,1.819737e-02,1.128947e-03,1.103514e+01,-1.490000e+01,1.290000e+01,1.190000e+01,2.831291e-01,3.369342e-01,-7.669526e-01,3.599421e-01,-1.353530e+01,-3.100000e+00,3.205000e+02,2.550000e+01
-1.749558e-02,2.000000e-04,1.559737e-02,1.828947e-03,1.103059e+01,-1.490000e+01,1.290000e+01,1.190000e+01,7.485791e-02,5.013421e-02,-8.297526e-01,3.399421e-01,4.613702e+01,3.820000e+01,3.398000e+02,9.160000e+01
-1.604933e-02,-9.000000e-04,1.239737e-02,5.628947e-03,1.261075e+01,-1.430000e+01,1.220000e+01,1.390000e+01,-1.923336e-01,-2.441658e-01,-8.563526e-01,1.718421e-01,6.228641e+01,3.590000e+01,3.395000e+02,1.386000e+02
-1.594619e-02,-3.800000e-03,5.397368e-03,1.032895e-02,9.944686e+00,-1.010000e+01,9.700000e+00,1.050000e+01,-3.673983e-01,-4.352658e-01,-7.122526e-01,4.994211e-02,6.082949e+01,2.300000e+01,3.342000e+02,1.604000e+02
-1.566087e-02,-4.900000e-03,-4.302632e-03,1.582895e-02,8.066198e+00,-5.700000e+00,6.700000e+00,8.200000e+00,-4.434540e-01,-5.072658e-01,-5.188526e-01,-4.985789e-02,5.137747e+01,-1.960000e+01,3.092000e+02,2.088000e+02
-1.654118e-02,-7.000000e-03,-1.210263e-02,1.932895e-02,7.624911e+00,-1.200000e+00,5.000000e+00,6.900000e+00,-3.941496e-01,-4.538658e-01,-4.327526e-01,-1.091579e-01,4.393871e+01,-5.800000e+01,2.737000e+02,2.433000e+02
-1.728760e-02,-8.500000e-03,-1.950263e-02,2.252895e-02,6.614863e+00,-2.000000e-01,3.300000e+00,6.200000e+00,-2.797129e-01,-3.487658e-01,-4.250526e-01,-1.273579e-01,4.700439e+01,-7.040000e+01,2.527000e+02,2.585000e+02
-1.817964e-02,-1.030000e-02,-2.640263e-02,2.542895e-02,7.013584e+00,2.600000e+00,2.800000e+00,5.900000e+00,-1.803436e-01,-2.727658e-01,-4.376526e-01,-1.254579e-01,5.337879e+01,-6.410000e+01,2.537000e+02,2.618000e+02
-1.843687e-02,-9.500000e-03,-3.040263e-02,2.662895e-02,8.353690e+00,3.500000e+00,2.100000e+00,7.500000e+00,-1.301680e-01,-2.454658e-01,-3.975526e-01,-1.107579e-01,5.065254e+01,-6.180000e+01,2.655000e+02,2.604000e+02
-1.724228e-02,-1.050000e-02,-3.070263e-02,2.832895e-02,8.628611e+00,3.300000e+00,1.700000e+00,8.100000e+00,-1.102455e-01,-2.405658e-01,-3.156526e-01,-8.585789e-02,4.548589e+01,-6.340000e+01,2.712000e+02,2.572000e+02
-1.774435e-02,-9.600000e-03,-3.470263e-02,2.912895e-02,7.730921e+00,2.900000e+00,-1.000000e-01,8.100000e+00,-9.011876e-02,-2.186658e-01,-2.218526e-01,-5.465789e-02,3.363097e+01,-6.370000e+01,2.819000e+02,2.461000e+02
-1.658770e-02,-9.900000e-03,-3.530263e-02,3.062895e-02,9.245311e+00,3.000000e+00,6.000000e-01,9.500000e+00,-4.910478e-02,-1.690658e-01,-1.471526e-01,-9.957895e-03,1.970267e+01,-6.280000e+01,2.867000e+02,2.288000e+02
-1.451035e-02,-1.110000e-02,-3.260263e-02,3.182895e-02,8.217751e+00,1.800000e+00,-1.100000e+00,9.600000e+00,2.285363e-02,-9.616579e-02,-1.058526e-01,5.774211e-02,9.726042e+00,-7.380000e+01,2.837000e+02,2.210000e+02
-1.547121e-02,-7.700000e-03,-3.060263e-02,2.802895e-02,9.912340e+00,2.500000e+00,-1.200000e+00,1.140000e+01,1.313791e-01,1.253421e-02,-1.078526e-01,1.439421e-01,1.258592e+01,-7.640000e+01,2.830000e+02,2.253000e+02
-1.233632e-02,-5.700000e-03,-2.190263e-02,2.602895e-02,8.570665e+00,2.000000e+00,-5.300000e+00,1.210000e+01,2.537936e-01,1.578342e-01,-1.363526e-01,2.333421e-01,3.145693e+01,-6.180000e+01,2.735000e+02,2.355000e+02
-1.231447e-02,-4.000000e-04,-1.820263e-02,2.152895e-02,1.375399e+01,7.700000e+00,-5.700000e+00,1.630000e+01,3.387185e-01,3.057342e-01,-1.516526e-01,3.033421e-01,5.665622e+01,-4.250000e+01,2.444000e+02,2.404000e+02
-7.302247e-03,1.400000e-03,-8.502632e-03,2.102895e-02,1.874780e+01,1.260000e+01,-7.900000e+00,2.150000e+01,3.681003e-01,4.171342e-01,-1.290526e-01,3.592421e-01,7.016520e+01,-3.820000e+01,2.153000e+02,2.368000e+02
-2.327495e-03,2.200000e-03,6.973684e-04,2.112895e-02,1.872905e+01,1.260000e+01,-7.900000e+00,2.150000e+01,3.707825e-01,5.245342e-01,-8.185263e-02,4.089421e-01,9.415267e+01,-3.420000e+01,1.584000e+02,2.279000e+02
3.659518e-03,1.000000e-04,1.169737e-02,2.232895e-02,3.202254e+01,2.060000e+01,-1.010000e+01,3.540000e+01,3.641770e-01,6.969342e-01,-4.605263e-02,4.344421e-01,9.131361e+01,1.000000e+00,1.430000e+02,2.059000e+02
6.097510e-03,5.500000e-03,1.249737e-02,2.142895e-02,3.582608e+01,2.250000e+01,-1.270000e+01,4.060000e+01,3.226644e-01,9.217342e-01,-9.552632e-03,4.165421e-01,5.996495e+01,5.230000e+01,1.417000e+02,1.573000e+02
9.337738e-03,6.900000e-03,1.549737e-02,2.192895e-02,3.804936e+01,2.440000e+01,-1.280000e+01,4.260000e+01,2.132757e-01,1.145934e+00,6.294737e-02,3.491421e-01,2.714591e+01,6.340000e+01,1.354000e+02,1.119000e+02
1.300468e-02,8.800000e-03,1.779737e-02,2.302895e-02,3.944190e+01,2.660000e+01,-1.520000e+01,4.470000e+01,3.388273e-02,1.383034e+00,1.675474e-01,2.224421e-01,2.213632e+00,6.910000e+01,1.246000e+02,7.450000e+01
1.435325e-02,9.400000e-03,1.369737e-02,2.522895e-02,3.853515e+01,2.810000e+01,-1.980000e+01,4.550000e+01,-2.096143e-01,1.611134e+00,2.783474e-01,2.984211e-02,-7.387966e+00,7.370000e+01,1.133000e+02,5.560000e+01
2.387794e-02,7.200000e-03,1.299737e-02,3.672895e-02,3.410482e+01,2.840000e+01,-2.800000e+01,4.450000e+01,-4.872567e-01,1.792934e+00,4.076474e-01,-2.048579e-01,-3.566997e-01,7.730000e+01,6.220000e+01,3.270000e+01
2.399752e-02,6.400000e-03,3.297368e-03,4.112895e-02,3.022338e+01,2.710000e+01,-3.420000e+01,4.380000e+01,-7.690430e-01,1.946334e+00,5.566474e-01,-4.526579e-01,2.496826e+01,7.760000e+01,6.000000e+00,2.910000e+01
3.631639e-02,-1.400000e-03,4.697368e-03,5.772895e-02,2.362032e+01,2.670000e+01,-4.550000e+01,4.220000e+01,-1.005159e+00,2.095734e+00,6.884474e-01,-6.753579e-01,4.617219e+01,7.860000e+01,-3.380000e+01,3.080000e+01
3.608762e-02,-2.500000e-03,-9.402632e-03,6.462895e-02,2.066677e+01,2.640000e+01,-5.130000e+01,4.200000e+01,-1.205521e+00,2.239234e+00,7.993474e-01,-8.939579e-01,4.226007e+01,6.590000e+01,-7.090000e+01,6.500000e+00
4.417265e-02,-3.000000e-03,-1.250263e-02,7.542895e-02,1.376569e+01,2.660000e+01,-6.780000e+01,4.270000e+01,-1.426108e+00,2.361734e+00,9.688474e-01,-1.147058e+00,-1.066232e+01,-1.700000e+01,-1.181000e+02,-7.380000e+01
5.452623e-02,-4.800000e-03,-2.180263e-02,9.352895e-02,1.200756e+01,2.930000e+01,-8.480000e+01,4.890000e+01,-1.395970e+00,2.164534e+00,9.721474e-01,-1.196958e+00,5.733942e+01,-2.320000e+01,-1.875000e+02,-3.290000e+01
7.156746e-02,-1.820000e-02,-2.040263e-02,1.210289e-01,8.801555e+00,3.360000e+01,-1.095000e+02,5.690000e+01,-1.018181e+00,1.905834e+00,7.470474e-01,-9.928579e-01,5.512207e+01,-4.560000e+01,-2.707000e+02,-7.740000e+01
9.147204e-02,-2.300000e-02,-5.702632e-03,1.412289e-01,-5.074212e-01,2.760000e+01,-1.470000e+02,7.030000e+01,-7.022744e-01,1.820034e+00,5.558474e-01,-8.745579e-01,-3.519732e+01,1.750000e+01,-2.579000e+02,-1.864000e+02
1.079801e-01,-2.610000e-02,1.709737e-02,1.537289e-01,7.486821e+00,3.500000e+01,-1.796000e+02,9.580000e+01,-5.981330e-01,1.582134e+00,4.581474e-01,-8.238579e-01,-4.784368e+01,6.530000e+01,-1.134000e+02,-1.343000e+02
1.287770e-01,-2.620000e-02,5.109737e-02,1.671289e-01,1.985378e+01,4.110000e+01,-2.114000e+02,1.277000e+02,-3.995009e-01,1.354834e+00,3.329474e-01,-6.675579e-01,6.999196e+00,9.190000e+01,-1.549000e+02,-1.000000e+02
1.426987e-01,-2.780000e-02,8.739737e-02,1.747289e-01,1.973175e+01,4.110000e+01,-2.114000e+02,1.277000e+02,-1.817273e-01,1.303434e+00,2.957474e-01,-4.549579e-01,-1.190813e+01,8.150000e+01,-6.790000e+01,-7.480000e+01
1.596247e-01,-3.660000e-02,1.473974e-01,1.871289e-01,2.333835e+01,1.920000e+01,-2.667000e+02,1.848000e+02,-3.658577e-02,1.067634e+00,2.125474e-01,-2.479579e-01,-4.175108e+01,4.460000e+01,3.400000e+01,-4.750000e+01
1.565798e-01,-3.390000e-02,1.954974e-01,1.810289e-01,3.001379e+01,3.500000e+00,-3.050000e+02,2.328000e+02,1.008223e-01,8.323342e-01,7.344737e-02,-7.815789e-02,-3.799643e+01,2.490000e+01,1.770000e+01,-4.420000e+01
1.539953e-01,-2.790000e-02,2.384974e-01,1.946289e-01,3.757522e+01,-4.000000e-01,-3.527000e+02,2.784000e+02,2.576862e-01,6.759342e-01,-7.555263e-02,8.244211e-02,-7.892487e+00,1.540000e+01,-1.010000e+01,-1.910000e+01
9.901515e-02,-2.870000e-02,2.352974e-01,1.755289e-01,3.055185e+01,-3.380000e+01,-3.664000e+02,3.144000e+02,4.372122e-01,4.502342e-01,-2.250526e-01,2.987421e-01,3.851341e+00,2.150000e+01,-5.000000e-01,-3.300000e+00
5.563228e-02,-2.660000e-02,3.008974e-01,1.582289e-01,2.952269e+01,-6.900000e+01,-3.765000e+02,3.665000e+02,4.592154e-01,4.769342e-01,-2.134526e-01,3.189421e-01,-5.043516e+00,-4.600000e+00,0.000000e+00,-4.200000e+00
1.249712e-02,-1.180000e-02,3.938974e-01,1.497289e-01,1.434964e+01,-1.167000e+02,-3.775000e+02,4.134000e+02,2.118428e-01,4.921342e-01,-3.525263e-02,1.084421e-01,-1.474876e+00,-1.210000e+01,1.600000e+00,3.300000e+00
-3.543166e-02,1.670000e-02,5.049974e-01,1.542289e-01,2.679797e-01,-1.450000e+02,-3.772000e+02,4.358000e+02,4.567165e-02,3.232342e-01,8.224737e-02,2.884211e-02,1.851165e+00,-4.100000e+00,-1.300000e+00,3.000000e+00
6.928338e-03,1.466000e-01,6.276974e-01,2.160289e-01,-2.273258e+01,-1.734000e+02,-3.576000e+02,4.365000e+02,7.225429e-02,2.914342e-01,8.624737e-02,7.194211e-02,-1.733144e+00,-2.300000e+00,2.600000e+00,0.000000e+00
2.176316e-01,4.136000e-01,6.737974e-01,3.592289e-01,2.502035e+01,-7.150000e+01,-2.910000e+02,2.952000e+02,4.609462e-02,2.452342e-01,1.019474e-01,6.454211e-02,-2.542566e+00,-1.100000e+00,2.300000e+00,-1.500000e+00
4.643644e-01,6.414000e-01,6.736974e-01,4.813289e-01,2.540477e+02,2.251000e+02,-1.300000e+00,1.292000e+02,-8.345665e-03,5.543421e-02,2.224737e-02,3.294211e-02,-4.520371e+00,4.000000e-01,1.900000e+00,-4.500000e+00
5.526670e-01,6.781000e-01,6.908974e-01,4.958289e-01,2.793731e+02,2.766000e+02,2.923000e+02,6.530000e+01,-7.022894e-03,6.343421e-02,-2.155263e-02,1.164211e-02,-4.712478e+00,1.000000e-01,2.600000e+00,-4.300000e+00
4.800696e-01,5.654000e-01,8.235974e-01,4.746289e-01,1.735746e+02,1.574000e+02,3.240000e+02,7.970000e+01,-1.082106e-02,6.743421e-02,-5.652632e-03,1.274211e-02,-4.799532e+00,5.000000e-01,2.700000e+00,-4.500000e+00
3.522918e-01,4.220000e-01,9.770974e-01,4.157289e-01,1.157426e+02,9.240000e+01,2.921000e+02,8.120000e+01,-2.985623e-02,1.003421e-02,2.224737e-02,2.364211e-02,-4.820024e+00,-2.000000e-01,1.300000e+00,-4.900000e+00
2.590782e-01,3.317000e-01,1.086297e+00,3.774289e-01,6.270720e+01,2.600000e+01,1.951000e+02,9.070000e+01,-2.452641e-02,1.623421e-02,-1.925263e-02,8.942105e-03,-5.157856e+00,8.000000e-01,1.400000e+00,-5.600000e+00
2.111522e-01,2.868000e-01,1.057797e+00,3.318289e-01,7.032137e+01,5.360000e+01,1.587000e+02,5.490000e+01,-2.193149e-02,5.334211e-03,-5.425263e-02,2.421053e-04,-5.450363e+00,1.200000e+00,9.000000e-01,-6.300000e+00
1.948447e-01,2.561000e-01,9.960974e-01,2.774289e-01,5.559328e+01,9.310000e+01,1.562000e+02,-4.000000e+01,-2.525017e-02,3.834211e-03,-3.885263e-02,3.742105e-03,-5.912656e+00,3.300000e+00,1.300000e+00,-7.400000e+00
1.677687e-01,2.093000e-01,9.696974e-01,2.198289e-01,-5.410407e+00,6.030000e+01,1.651000e+02,-1.022000e+02,-2.603010e-02,6.534211e-03,-3.055263e-02,5.542105e-03,-5.894065e+00,5.600000e+00,3.100000e+00,-7.400000e+00
2.392203e-02,5.160000e-02,9.481974e-01,1.174289e-01,-6.484942e+01,2.070000e+01,1.541000e+02,-1.497000e+02,-2.714973e-02,5.034211e-03,-2.895263e-02,5.442105e-03,-4.890610e+00,7.300000e+00,2.300000e+00,-7.200000e+00
-2.611395e-01,-2.413000e-01,9.430974e-01,-5.847105e-02,-8.580855e+01,3.400000e+01,1.493000e+02,-2.038000e+02,-3.003268e-02,7.434211e-03,-2.055263e-02,4.842105e-03,-4.615881e+00,7.300000e+00,1.800000e+00,-7.100000e+00
-4.813304e-01,-4.829000e-01,9.399974e-01,-2.074711e-01,-8.764174e+01,4.940000e+01,1.514000e+02,-2.274000e+02,-3.055029e-02,8.034211e-03,-1.825263e-02,4.842105e-03,-3.707267e+00,7.200000e+00,0.000000e+00,-6.800000e+00
-4.752500e-01,-5.231000e-01,8.921974e-01,-2.481711e-01,-8.295624e+01,7.880000e+01,1.582000e+02,-2.575000e+02,-3.023570e-02,6.334211e-03,-1.615263e-02,6.542105e-03,-3.845768e+00,6.200000e+00,0.000000e+00,-6.600000e+00
-3.569218e-01,-4.196000e-01,7.268974e-01,-2.371711e-01,-7.497685e+01,9.600000e+01,1.630000e+02,-2.664000e+02,-3.037758e-02,8.134211e-03,-1.415263e-02,6.442105e-03,-4.114198e+00,4.900000e+00,1.000000e-01,-6.400000e+00
-2.187971e-01,-2.786000e-01,5.472974e-01,-1.962711e-01,-6.539545e+01,1.053000e+02,1.641000e+02,-2.626000e+02,-3.036531e-02,8.034211e-03,-1.355263e-02,6.542105e-03,-4.193703e+00,4.700000e+00,-8.000000e-01,-6.800000e+00
-9.880153e-02,-1.719000e-01,4.374974e-01,-1.401711e-01,-5.804149e+01,1.113000e+02,1.666000e+02,-2.590000e+02,-3.073921e-02,8.934211e-03,-1.105263e-02,6.542105e-03,-4.172468e+00,3.800000e+00,-2.800000e+00,-7.300000e+00
7.286092e-04,-1.076000e-01,3.912974e-01,-7.947105e-02,-5.252609e+01,1.121000e+02,1.724000e+02,-2.545000e+02,-3.099014e-02,1.073421e-02,-6.352632e-03,7.242105e-03,-4.111156e+00,4.500000e+00,-3.100000e+00,-7.600000e+00
7.843982e-02,-5.980000e-02,3.520974e-01,-2.337105e-02,-5.298823e+01,1.032000e+02,1.718000e+02,-2.473000e+02,-3.140487e-02,1.153421e-02,-1.052632e-03,8.342105e-03,-4.329118e+00,3.700000e+00,-3.200000e+00,-7.600000e+00
1.261273e-01,-8.700000e-03,2.564974e-01,3.442895e-02,-5.433373e+01,9.680000e+01,1.715000e+02,-2.440000e+02,-3.190880e-02,1.243421e-02,3.147368e-03,8.842105e-03,-3.996978e+00,2.700000e+00,-3.300000e+00,-6.900000e+00
1.543485e-01,5.780000e-02,1.351974e-01,8.982895e-02,-5.642085e+01,9.050000e+01,1.719000e+02,-2.424000e+02,-3.212336e-02,1.323421e-02,4.047368e-03,8.342105e-03,-3.720285e+00,2.200000e+00,-3.300000e+00,-6.400000e+00
1.886998e-01,1.282000e-01,7.149737e-02,1.358289e-01,-6.161484e+01,9.020000e+01,1.712000e+02,-2.484000e+02,-3.181285e-02,1.363421e-02,3.747368e-03,8.042105e-03,-3.757642e+00,1.500000e+00,-4.300000e+00,-6.600000e+00
2.280356e-01,1.907000e-01,6.029737e-02,1.739289e-01,-7.023170e+01,8.940000e+01,1.677000e+02,-2.567000e+02,-3.090993e-02,1.433421e-02,2.947368e-03,8.042105e-03,-3.103633e+00,2.100000e+00,-5.600000e+00,-6.600000e+00
2.623375e-01,2.541000e-01,6.029737e-02,2.086289e-01,-7.839053e+01,9.380000e+01,1.539000e+02,-2.603000e+02,-3.019637e-02,1.453421e-02,2.747368e-03,8.142105e-03,-2.212084e+00,1.700000e+00,-8.200000e+00,-6.500000e+00
2.839340e-01,3.152000e-01,5.949737e-02,2.386289e-01,-8.272584e+01,1.058000e+02,1.330000e+02,-2.568000e+02,-2.901164e-02,1.493421e-02,3.947368e-03,9.242105e-03,-2.406971e+00,1.200000e+00,-9.100000e+00,-6.900000e+00
2.994112e-01,3.744000e-01,6.289737e-02,2.671289e-01,-7.660090e+01,1.074000e+02,1.240000e+02,-2.425000e+02,-2.799853e-02,1.633421e-02,6.547368e-03,1.024211e-02,-1.639207e+00,-1.100000e+00,-1.210000e+01,-6.400000e+00
3.201723e-01,4.523000e-01,8.559737e-02,2.879289e-01,-8.034412e+01,9.800000e+01,1.121000e+02,-2.344000e+02,-2.655922e-02,1.753421e-02,9.247368e-03,1.184211e-02,-1.649916e+00,-1.100000e+00,-1.210000e+01,-6.400000e+00
3.278355e-01,5.694000e-01,1.091974e-01,2.881289e-01,-8.082166e+01,9.350000e+01,1.084000e+02,-2.305000e+02,-2.529284e-02,1.773421e-02,1.174737e-02,1.354211e-02,-1.660919e+00,-1.100000e+00,-1.210000e+01,-6.400000e+00
2.869162e-01,6.970000e-01,9.399737e-02,2.654289e-01,-8.920301e+01,8.410000e+01,9.570000e+01,-2.282000e+02,-2.049831e-02,1.923421e-02,1.214737e-02,1.754211e-02,-1.773854e+00,-8.000000e+00,-2.160000e+01,-7.800000e+00
2.051527e-01,8.071000e-01,4.919737e-02,2.203289e-01,-9.762316e+01,5.620000e+01,6.410000e+01,-2.046000e+02,-1.379613e-02,2.053421e-02,8.547368e-03,2.194211e-02,-3.764741e+00,-1.260000e+01,-2.720000e+01,-1.060000e+01
1.034221e-01,9.167000e-01,-1.120263e-02,1.558289e-01,-1.029293e+02,1.350000e+01,3.030000e+01,-1.721000e+02,-7.760548e-03,1.863421e-02,9.447368e-03,2.844211e-02,-3.641799e+00,-1.270000e+01,-3.260000e+01,-1.260000e+01
-1.131347e-02,1.041700e+00,-8.440263e-02,7.362895e-02,-1.001020e+02,-3.300000e+01,7.700000e+00,-1.391000e+02,-2.207514e-03,2.053421e-02,1.054737e-02,3.284211e-02,-1.045585e+00,-1.510000e+01,-3.930000e+01,-1.140000e+01
-1.509747e-01,1.187600e+00,-1.784026e-01,-2.717105e-02,-9.515143e+01,-5.040000e+01,2.200000e+00,-1.245000e+02,4.008924e-03,2.013421e-02,1.024737e-02,3.824211e-02,1.943730e+00,-1.610000e+01,-4.530000e+01,-1.000000e+01
-3.080685e-01,1.344700e+00,-2.933026e-01,-1.380711e-01,-7.556403e+01,-6.970000e+01,3.300000e+00,-9.620000e+01,9.184882e-03,2.063421e-02,1.414737e-02,4.384211e-02,4.746371e+00,-1.670000e+01,-4.920000e+01,-8.100000e+00
-4.774630e-01,1.495200e+00,-4.243026e-01,-2.554711e-01,-5.798404e+01,-5.950000e+01,-8.000000e-01,-7.000000e+01,1.536019e-02,2.033421e-02,1.524737e-02,4.964211e-02,8.370172e+00,-1.640000e+01,-5.690000e+01,-7.200000e+00
-6.741107e-01,1.632800e+00,-5.746026e-01,-3.951711e-01,-5.101107e+01,-2.730000e+01,-1.140000e+01,-5.490000e+01,2.170889e-02,1.923421e-02,1.974737e-02,5.734211e-02,1.470415e+01,-1.550000e+01,-6.650000e+01,-4.200000e+00
-8.840807e-01,1.738100e+00,-7.373026e-01,-5.460711e-01,-4.764666e+01,-7.100000e+00,-2.500000e+01,-4.080000e+01,3.004015e-02,1.773421e-02,2.104737e-02,6.614211e-02,2.109815e+01,-1.450000e+01,-7.780000e+01,-1.900000e+00
-1.056967e+00,1.777900e+00,-8.803026e-01,-6.789711e-01,-5.077372e+01,-9.100000e+00,-5.620000e+01,-1.790000e+01,3.852517e-02,1.913421e-02,2.584737e-02,7.524211e-02,2.660251e+01,-1.560000e+01,-9.260000e+01,-1.200000e+00
-1.169524e+00,1.780600e+00,-9.827026e-01,-7.833711e-01,-6.173395e+01,-6.800000e+00,-9.220000e+01,-1.800000e+00,4.657236e-02,1.753421e-02,2.704737e-02,8.384211e-02,2.898695e+01,-2.100000e+01,-1.084000e+02,-2.600000e+00
-1.229605e+00,1.786100e+00,-1.054403e+00,-8.524711e-01,-6.704241e+01,-5.000000e-01,-1.068000e+02,2.800000e+00,5.324997e-02,1.533421e-02,2.774737e-02,9.124211e-02,2.839380e+01,-2.870000e+01,-1.274000e+02,-7.800000e+00
-1.227995e+00,1.778500e+00,-1.094303e+00,-8.765711e-01,-6.922797e+01,7.800000e+00,-1.261000e+02,1.510000e+01,6.068917e-02,1.873421e-02,2.404737e-02,9.524211e-02,2.702470e+01,-3.280000e+01,-1.364000e+02,-1.130000e+01
-1.026569e+00,1.732500e+00,-1.072103e+00,-7.180711e-01,-8.821646e+01,-9.520000e+01,-1.668000e+02,4.370000e+01,6.730410e-02,1.773421e-02,1.804737e-02,1.003421e-01,2.314557e+01,-4.290000e+01,-1.557000e+02,-1.930000e+01
-6.742653e-01,1.572100e+00,-1.002303e+00,-4.629711e-01,-6.115782e+01,-2.213000e+02,-2.539000e+02,1.801000e+02,7.693991e-02,1.563421e-02,9.947368e-03,1.103421e-01,2.007674e+01,-5.310000e+01,-1.786000e+02,-2.790000e+01
-3.901908e-01,1.109200e+00,-8.496026e-01,-2.419711e-01,1.474046e+02,-2.196000e+02,-1.455000e+02,3.663000e+02,9.724137e-02,9.534211e-03,-1.585263e-02,1.302421e-01,2.807731e+01,-4.790000e+01,-2.142000e+02,-3.840000e+01
-2.685263e-01,9.024000e-01,-8.302026e-01,-1.089711e-01,1.342977e+02,-2.378000e+02,2.480000e+01,2.376000e+02,1.073627e-01,1.734211e-03,-5.005263e-02,1.377421e-01,2.204967e+01,-5.400000e+01,-2.514000e+02,-6.100000e+01
-7.585578e-02,9.787000e-01,-6.355026e-01,-3.317105e-02,2.324093e+01,-8.000000e+01,3.230000e+01,3.820000e+01,1.125306e-01,-2.965789e-03,-9.065263e-02,1.384421e-01,8.801313e-01,-7.470000e+01,-2.845000e+02,-9.150000e+01
1.004106e-01,9.708000e-01,-5.443026e-01,1.188289e-01,-5.256983e+00,-7.710000e+01,1.430000e+01,1.330000e+01,1.155759e-01,-7.665789e-03,-1.303526e-01,1.433421e-01,-1.870253e+01,-7.970000e+01,-3.004000e+02,-1.241000e+02
1.885034e-01,7.335000e-01,-4.943026e-01,2.728289e-01,-9.500448e-02,-3.750000e+01,-2.900000e+00,1.520000e+01,1.102843e-01,-1.786579e-02,-1.713526e-01,1.513421e-01,-1.896144e+01,-8.420000e+01,-3.344000e+02,-1.398000e+02
2.681206e-01,5.684000e-01,-4.333026e-01,3.910289e-01,2.201426e+01,4.100000e+00,5.900000e+00,2.170000e+01,9.060883e-02,-2.936579e-02,-2.097526e-01,1.546421e-01,-2.599458e+01,-8.240000e+01,-3.659000e+02,-1.725000e+02
3.270786e-01,4.254000e-01,-3.601026e-01,4.731289e-01,1.641271e+01,1.930000e+01,4.200000e+00,1.030000e+01,5.522940e-02,-4.566579e-02,-2.505526e-01,1.570421e-01,-2.983711e+01,-8.610000e+01,-4.049000e+02,-1.995000e+02
3.892263e-01,3.344000e-01,-2.609026e-01,5.270289e-01,2.916525e+00,2.270000e+01,1.800000e+00,-5.900000e+00,-5.263155e-03,-6.846579e-02,-2.847526e-01,1.546421e-01,-3.202430e+01,-9.050000e+01,-4.458000e+02,-2.248000e+02
2.807758e-01,2.200000e-01,-2.251026e-01,4.197289e-01,7.440306e+00,2.710000e+01,6.600000e+00,-4.800000e+00,-8.343945e-02,-9.386579e-02,-3.043526e-01,1.693421e-01,-2.524348e+00,-6.510000e+01,-4.932000e+02,-2.408000e+02
1.127179e-01,1.887000e-01,-2.253026e-01,2.294289e-01,1.066996e+01,2.710000e+01,9.200000e+00,-2.400000e+00,-1.650409e-01,-1.061658e-01,-3.722526e-01,1.667421e-01,5.699219e+01,-3.000000e+00,-5.461000e+02,-2.707000e+02
5.089797e-02,4.483000e-01,-2.723026e-01,8.632895e-02,8.430984e+00,2.300000e+01,8.100000e+00,-3.000000e+00,-2.086561e-01,-5.866579e-02,-4.636526e-01,1.379421e-01,8.693234e+01,1.480000e+01,-5.859000e+02,-2.581000e+02
6.659689e-02,4.535000e-01,-1.604026e-01,3.832895e-02,9.085693e+00,1.650000e+01,7.200000e+00,7.000000e-01,-2.596432e-01,-8.965789e-03,-5.445526e-01,1.208421e-01,8.708576e+01,1.480000e+01,-5.859000e+02,-2.581000e+02
-1.892930e-02,1.782000e-01,-2.071026e-01,6.392895e-02,1.017151e+01,1.110000e+01,8.100000e+00,3.500000e+00,-2.783958e-02,2.668342e-01,-6.306526e-01,1.183421e-01,-2.836382e+01,-8.110000e+01,-3.348000e+02,-3.030000e+01
-7.869873e-02,-1.040000e-02,-1.452026e-01,2.522895e-02,1.022158e+01,5.500000e+00,8.200000e+00,5.600000e+00,2.526294e-01,5.431342e-01,-6.261526e-01,2.417421e-01,-1.910329e+02,-1.874000e+02,4.030000e+01,1.240000e+01
-5.242983e-02,5.210000e-02,-5.720263e-02,-1.787105e-02,9.546567e+00,3.000000e-01,8.600000e+00,6.500000e+00,4.483085e-01,6.743342e-01,-7.107526e-01,3.069421e-01,-1.343768e+02,-8.350000e+01,3.173000e+02,-3.370000e+01
-2.961685e-02,6.710000e-02,9.397368e-03,-3.487105e-02,8.199728e+00,-3.200000e+00,7.200000e+00,7.000000e+00,5.280786e-01,6.827342e-01,-8.483526e-01,3.575421e-01,-5.745771e+01,1.000000e+01,3.690000e+02,-1.166000e+02
-4.989475e-03,6.690000e-02,5.449737e-02,-3.137105e-02,8.119884e+00,-4.100000e+00,6.600000e+00,7.600000e+00,6.076494e-01,6.964342e-01,-9.796526e-01,4.099421e-01,-5.792104e+01,1.000000e+01,3.690000e+02,-1.166000e+02
-1.818204e-02,1.980000e-02,5.159737e-02,-2.817105e-02,7.176555e+00,-4.800000e+00,6.300000e+00,6.900000e+00,5.027051e-01,5.699342e-01,-9.831526e-01,4.171421e-01,-7.198114e+01,-1.950000e+01,2.329000e+02,-1.215000e+02
-1.872727e-02,1.430000e-02,5.659737e-02,-2.987105e-02,5.624686e+00,-3.600000e+00,5.200000e+00,5.200000e+00,4.469497e-01,5.026342e-01,-9.783526e-01,3.920421e-01,-1.212838e+02,-8.370000e+01,1.865000e+02,-8.840000e+01
-1.196727e-02,1.350000e-02,6.089737e-02,-2.407105e-02,5.312072e+00,-9.000000e-01,4.500000e+00,4.200000e+00,4.588144e-01,4.962342e-01,-9.533526e-01,3.731421e-01,-1.260608e+02,-9.710000e+01,2.092000e+02,-5.160000e+01
-1.392625e-02,9.300000e-03,5.059737e-02,-1.917105e-02,5.371100e+00,7.000000e-01,3.400000e+00,4.300000e+00,4.748787e-01,4.783342e-01,-9.263526e-01,3.621421e-01,-8.350191e+01,-5.750000e+01,2.862000e+02,-1.310000e+01
-1.842649e-02,1.000000e-02,3.569737e-02,-1.657105e-02,6.046287e+00,1.500000e+00,3.600000e+00,4.700000e+00,5.015804e-01,4.651342e-01,-9.113526e-01,3.473421e-01,-8.249988e+00,1.190000e+01,3.479000e+02,3.320000e+01
-1.802605e-02,1.010000e-02,3.029737e-02,-1.327105e-02,7.349318e+00,1.000000e+00,4.600000e+00,5.900000e+00,3.002872e-01,2.011342e-01,-8.888526e-01,3.171421e-01,5.533789e+01,6.210000e+01,3.662000e+02,8.200000e+01
-1.984848e-02,8.300000e-03,2.199737e-02,-1.027105e-02,7.934869e+00,1.300000e+00,4.600000e+00,6.500000e+00,2.078924e-02,-8.746579e-02,-9.295526e-01,1.459421e-01,6.898685e+01,6.520000e+01,3.642000e+02,1.055000e+02
-1.957886e-02,1.030000e-02,1.449737e-02,-6.671053e-03,7.624222e+00,1.700000e+00,4.200000e+00,6.200000e+00,-1.365709e-01,-2.415658e-01,-8.443526e-01,1.734211e-02,7.505752e+01,4.500000e+01,3.549000e+02,1.475000e+02
-1.952259e-02,7.800000e-03,9.697368e-03,-3.171053e-03,7.906505e+00,1.200000e+00,4.100000e+00,6.800000e+00,-2.122319e-01,-2.821658e-01,-6.830526e-01,-9.695789e-02,7.297214e+01,1.010000e+01,3.307000e+02,1.868000e+02
-2.101852e-02,6.800000e-03,5.797368e-03,-2.671053e-03,8.815101e+00,-0.000000e+00,5.100000e+00,7.800000e+00,-3.055611e-01,-3.325658e-01,-5.217526e-01,-2.043579e-01,6.970118e+01,-2.700000e+01,2.881000e+02,2.160000e+02
-2.047121e-02,6.300000e-03,5.797368e-03,-2.171053e-03,8.705416e+00,-1.300000e+00,4.900000e+00,8.300000e+00,-2.329736e-01,-2.282658e-01,-5.018526e-01,-2.491579e-01,7.352846e+01,-5.100000e+01,2.514000e+02,2.375000e+02
-2.024898e-02,5.200000e-03,1.049737e-02,-4.571053e-03,1.044058e+01,-3.900000e+00,6.200000e+00,1.070000e+01,-1.601070e-01,-1.490658e-01,-5.191526e-01,-2.654579e-01,8.477223e+01,-5.570000e+01,2.367000e+02,2.539000e+02
-1.779805e-02,4.800000e-03,1.809737e-02,-6.171053e-03,1.150303e+01,-4.900000e+00,6.900000e+00,1.200000e+01,-1.095728e-01,-1.070658e-01,-5.107526e-01,-2.594579e-01,9.546020e+01,-5.380000e+01,2.362000e+02,2.674000e+02
-1.767987e-02,5.500000e-03,2.419737e-02,-1.017105e-02,1.316279e+01,-8.700000e+00,8.200000e+00,1.480000e+01,-8.251987e-02,-8.056579e-02,-4.574526e-01,-2.425579e-01,1.014252e+02,-4.940000e+01,2.408000e+02,2.744000e+02
-1.611451e-02,6.000000e-03,3.099737e-02,-1.267105e-02,1.496985e+01,-1.250000e+01,1.000000e+01,1.750000e+01,-6.325516e-02,-5.666579e-02,-3.899526e-01,-2.149579e-01,1.035831e+02,-5.020000e+01,2.456000e+02,2.806000e+02
-1.590753e-02,6.800000e-03,3.439737e-02,-1.497105e-02,1.604342e+01,-1.460000e+01,1.030000e+01,1.950000e+01,-2.906747e-02,-3.265789e-03,-3.229526e-01,-1.727579e-01,9.680373e+01,-5.440000e+01,2.432000e+02,2.742000e+02
-1.489687e-02,8.200000e-03,3.289737e-02,-1.377105e-02,1.497417e+01,-1.190000e+01,8.100000e+00,1.840000e+01,3.409488e-02,8.363421e-02,-2.839526e-01,-1.107579e-01,8.750411e+01,-5.990000e+01,2.422000e+02,2.658000e+02
-1.587253e-02,6.300000e-03,2.429737e-02,-9.771053e-03,1.308041e+01,-4.800000e+00,3.300000e+00,1.600000e+01,1.266385e-01,1.894342e-01,-2.845526e-01,-2.625789e-02,7.838369e+01,-6.310000e+01,2.412000e+02,2.561000e+02
-1.584306e-02,9.700000e-03,1.459737e-02,-6.171053e-03,1.384321e+01,5.200000e+00,-2.000000e-01,1.490000e+01,2.198070e-01,3.108342e-01,-2.918526e-01,6.554211e-02,8.044487e+01,-6.590000e+01,2.313000e+02,2.546000e+02
-1.487163e-02,1.170000e-02,8.997368e-03,-3.271053e-03,1.516614e+01,8.900000e+00,-2.100000e+00,1.610000e+01,2.909124e-01,4.454342e-01,-2.874526e-01,1.522421e-01,8.444877e+01,-6.800000e+01,2.232000e+02,2.557000e+02
-1.373264e-02,1.130000e-02,2.997368e-03,9.289474e-04,1.891911e+01,1.470000e+01,-4.700000e+00,1.980000e+01,3.315059e-01,5.899342e-01,-2.655526e-01,2.283421e-01,9.557568e+01,-7.380000e+01,1.945000e+02,2.535000e+02
-1.050310e-02,1.240000e-02,1.297368e-03,4.528947e-03,2.288929e+01,1.990000e+01,-6.600000e+00,2.360000e+01,3.375422e-01,7.490342e-01,-2.247526e-01,2.888421e-01,1.092368e+02,-7.070000e+01,1.626000e+02,2.493000e+02
-7.823015e-03,1.440000e-02,1.997368e-03,5.528947e-03,2.550285e+01,2.220000e+01,-9.800000e+00,2.770000e+01,2.916997e-01,9.278342e-01,-1.672526e-01,3.118421e-01,1.081145e+02,-4.210000e+01,1.495000e+02,2.347000e+02
-4.776287e-03,1.400000e-02,4.973684e-04,9.228947e-03,2.714921e+01,2.300000e+01,-1.170000e+01,3.050000e+01,1.854683e-01,1.099634e+00,-9.405263e-02,2.876421e-01,8.675179e+01,2.600000e+00,1.515000e+02,2.050000e+02
-2.358872e-03,1.380000e-02,-2.502632e-03,1.292895e-02,2.951127e+01,2.530000e+01,-1.370000e+01,3.360000e+01,1.507561e-02,1.258634e+00,1.047368e-03,2.036421e-01,5.188694e+01,3.250000e+01,1.401000e+02,1.533000e+02
1.584797e-04,1.360000e-02,-5.102632e-03,1.662895e-02,2.951357e+01,2.530000e+01,-1.370000e+01,3.360000e+01,-1.969484e-01,1.414034e+00,1.079474e-01,6.584211e-02,1.729255e+01,3.800000e+01,1.083000e+02,9.070000e+01
2.408009e-03,1.320000e-02,-2.402632e-03,1.702895e-02,2.951218e+01,2.530000e+01,-1.370000e+01,3.360000e+01,-4.484535e-01,1.579534e+00,2.278474e-01,-1.146579e-01,3.298602e+00,4.390000e+01,9.210000e+01,6.340000e+01
5.838707e-03,1.350000e-02,7.497368e-03,1.432895e-02,2.950143e+01,2.530000e+01,-1.370000e+01,3.360000e+01,-7.208300e-01,1.743534e+00,3.635474e-01,-3.238579e-01,-8.820609e+00,4.350000e+01,6.160000e+01,2.950000e+01
9.255114e-03,1.060000e-02,1.929737e-02,1.202895e-02,2.948031e+01,2.530000e+01,-1.370000e+01,3.360000e+01,-9.821782e-01,1.883334e+00,4.891474e-01,-5.394579e-01,3.157811e-01,4.320000e+01,3.000000e+01,2.040000e+01
1.162048e-02,8.200000e-03,2.569737e-02,1.152895e-02,2.945380e+01,2.530000e+01,-1.370000e+01,3.360000e+01,-1.240225e+00,2.019534e+00,6.028474e-01,-7.570579e-01,4.056989e-01,4.320000e+01,3.000000e+01,2.040000e+01
1.363156e-02,8.900000e-03,3.269737e-02,8.728947e-03,2.942351e+01,2.530000e+01,-1.370000e+01,3.360000e+01,-1.437095e+00,2.108834e+00,7.066474e-01,-9.591579e-01,4.043024e+01,5.140000e+01,-6.820000e+01,8.100000e+00
1.347517e-02,7.600000e-03,3.319737e-02,8.228947e-03,2.939205e+01,2.530000e+01,-1.370000e+01,3.360000e+01,-1.582091e+00,2.138034e+00,7.946474e-01,-1.135858e+00,4.026412e+01,5.980000e+01,-1.029000e+02,-1.250000e+01
1.255233e-02,5.900000e-03,3.019737e-02,9.228947e-03,2.936081e+01,2.530000e+01,-1.370000e+01,3.360000e+01,-1.677839e+00,2.125934e+00,8.653474e-01,-1.278358e+00,3.265427e+01,5.720000e+01,-1.183000e+02,-3.030000e+01
1.231477e-02,5.600000e-03,2.759737e-02,1.022895e-02,2.933088e+01,2.530000e+01,-1.370000e+01,3.360000e+01,-1.723040e+00,2.091634e+00,9.093474e-01,-1.376758e+00,3.274684e+01,5.720000e+01,-1.183000e+02,-3.030000e+01
1.265949e-02,5.600000e-03,2.759737e-02,1.022895e-02,2.930109e+01,2.530000e+01,-1.370000e+01,3.360000e+01,-1.374996e+00,1.755834e+00,7.801474e-01,-1.115258e+00,-6.333754e+00,-2.050000e+01,-1.405000e+02,-8.360000e+01
1.296997e-02,5.600000e-03,2.759737e-02,1.022895e-02,2.927160e+01,2.530000e+01,-1.370000e+01,3.360000e+01,-9.126229e-01,1.325834e+00,4.613474e-01,-8.342579e-01,-1.889142e+02,7.570000e+01,-1.387000e+02,-2.998000e+02
1.324917e-02,5.600000e-03,2.759737e-02,1.022895e-02,2.924252e+01,2.530000e+01,-1.370000e+01,3.360000e+01,-6.327330e-01,1.203734e+00,3.558474e-01,-6.979579e-01,-7.834557e+01,8.490000e+01,-3.109000e+02,-2.669000e+02
1.349951e-02,5.600000e-03,2.759737e-02,1.022895e-02,2.921397e+01,2.530000e+01,-1.370000e+01,3.360000e+01,-4.273737e-01,1.235734e+00,2.603474e-01,-5.992579e-01,-4.040317e+01,1.423000e+02,-1.638000e+02,-1.610000e+02
1.372329e-02,5.600000e-03,2.759737e-02,1.022895e-02,2.918608e+01,2.530000e+01,-1.370000e+01,3.360000e+01,-2.180706e-01,1.148334e+00,1.500474e-01,-4.199579e-01,-9.502678e+00,1.659000e+02,-4.990000e+01,-7.800000e+01
1.392216e-02,5.600000e-03,2.759737e-02,1.022895e-02,2.915884e+01,2.530000e+01,-1.370000e+01,3.360000e+01,-2.607396e-02,9.309342e-01,7.974737e-02,-1.912579e-01,-8.691650e+00,1.467000e+02,-2.470000e+01,-6.110000e+01
1.409789e-02,5.600000e-03,2.759737e-02,1.022895e-02,2.913235e+01,2.530000e+01,-1.370000e+01,3.360000e+01,1.531132e-01,7.409342e-01,1.034737e-02,2.134211e-02,-8.391205e+00,1.467000e+02,-2.470000e+01,-6.110000e+01
3.914137e-02,2.200000e-03,5.619737e-02,2.212895e-02,2.271845e+01,1.560000e+01,-3.209000e+02,2.366000e+02,2.675325e-01,6.014342e-01,-8.725263e-02,1.486421e-01,-2.668872e+01,3.780000e+01,4.000000e+00,-3.910000e+01
5.739921e-02,-4.100000e-03,7.879737e-02,4.172895e-02,3.025729e+01,3.140000e+01,-3.614000e+02,2.639000e+02,3.613957e-01,4.495342e-01,-1.857526e-01,2.604421e-01,-5.508397e+00,3.530000e+01,7.400000e+00,-1.380000e+01
4.433301e-02,-1.420000e-02,6.959737e-02,5.482895e-02,2.358928e+01,6.800000e+00,-3.966000e+02,2.979000e+02,4.475080e-01,2.573342e-01,-2.455526e-01,3.904421e-01,-9.767492e-01,2.860000e+01,3.400000e+00,-8.300000e+00
3.555607e-02,-2.500000e-02,1.211974e-01,5.402895e-02,1.394127e+01,-2.730000e+01,-4.237000e+02,3.341000e+02,2.903530e-01,3.839342e-01,-1.643526e-01,2.084421e-01,-9.076704e+00,1.320000e+01,8.500000e+00,-1.090000e+01
2.348383e-02,-3.290000e-02,2.092974e-01,5.172895e-02,7.186993e+00,-6.920000e+01,-4.322000e+02,3.766000e+02,1.257760e-01,6.018342e-01,6.504737e-02,4.254211e-02,-8.137497e+00,1.260000e+01,9.700000e+00,-9.300000e+00
7.172951e-03,-2.360000e-02,3.329974e-01,3.722895e-02,8.729061e-01,-9.190000e+01,-4.303000e+02,3.954000e+02,1.037535e-01,4.900342e-01,9.064737e-02,5.894211e-02,-4.122099e+00,1.630000e+01,6.600000e+00,-7.100000e+00
1.865053e-02,6.690000e-02,4.005974e-01,2.828947e-03,-4.282924e+01,-1.327000e+02,-4.213000e+02,3.702000e+02,9.840868e-02,2.192342e-01,9.264737e-02,1.334421e-01,-5.999461e+00,1.090000e+01,8.300000e+00,-7.000000e+00
1.615038e-01,2.879000e-01,4.626974e-01,-1.847105e-02,-6.674088e+01,-1.157000e+02,-3.841000e+02,2.661000e+02,5.802458e-02,8.813421e-02,9.754737e-02,1.291421e-01,-3.208695e+00,7.500000e+00,5.200000e+00,-4.000000e+00
4.355057e-01,5.624000e-01,5.457974e-01,7.342895e-02,1.176295e+02,1.077000e+02,-2.037000e+02,1.425000e+02,1.901009e-02,8.693421e-02,7.024737e-02,7.674211e-02,-4.317440e+00,3.700000e+00,3.700000e+00,-4.600000e+00
7.095525e-01,7.760000e-01,5.781974e-01,2.397289e-01,2.848142e+02,2.597000e+02,1.354000e+02,6.760000e+01,-2.084626e-02,8.903421e-02,4.094737e-02,2.184211e-02,-3.449920e+00,-8.000000e-01,2.800000e+00,-2.600000e+00
8.817012e-01,8.783000e-01,6.756974e-01,3.433289e-01,2.259584e+02,1.628000e+02,3.077000e+02,6.920000e+01,-2.567827e-02,5.353421e-02,4.984737e-02,2.974211e-02,-2.639967e+00,-2.700000e+00,2.600000e+00,-1.200000e+00
9.249405e-01,8.637000e-01,8.372974e-01,3.640289e-01,1.901370e+02,1.233000e+02,3.064000e+02,6.730000e+01,-3.183474e-02,1.643421e-02,6.334737e-02,3.834211e-02,-2.835279e+00,-3.400000e+00,2.000000e+00,-1.400000e+00
8.651976e-01,7.706000e-01,9.355974e-01,3.453289e-01,1.611968e+02,9.660000e+01,2.571000e+02,7.210000e+01,-3.192274e-02,1.893421e-02,3.564737e-02,2.764211e-02,-3.376139e+00,-3.900000e+00,2.400000e+00,-1.700000e+00
7.512423e-01,6.548000e-01,9.028974e-01,3.167289e-01,1.492680e+02,7.470000e+01,2.119000e+02,1.001000e+02,-3.195630e-02,1.433421e-02,1.254737e-02,2.074211e-02,-5.015807e+00,-1.500000e+00,3.400000e+00,-3.900000e+00
6.318831e-01,5.363000e-01,8.337974e-01,2.897289e-01,1.496496e+02,7.470000e+01,2.119000e+02,1.001000e+02,-3.296514e-02,9.134211e-03,1.744737e-02,2.244211e-02,-6.279377e+00,2.400000e+00,3.700000e+00,-6.400000e+00
5.029140e-01,4.005000e-01,7.290974e-01,2.748289e-01,1.500265e+02,7.470000e+01,2.119000e+02,1.001000e+02,-3.189208e-02,6.434211e-03,2.747368e-03,1.904211e-02,-7.078126e+00,7.800000e+00,4.500000e+00,-8.700000e+00
4.676511e-01,3.106000e-01,7.614974e-01,2.832289e-01,-5.798329e+00,1.690000e+01,1.991000e+02,-8.510000e+01,-3.231426e-02,5.534211e-03,-1.265263e-02,1.334211e-02,-8.390654e+00,1.370000e+01,6.300000e+00,-1.140000e+01
3.330960e-01,8.590000e-02,8.053974e-01,2.766289e-01,-6.792061e+01,-1.790000e+01,2.086000e+02,-1.458000e+02,-3.410225e-02,3.934211e-03,-1.555263e-02,1.064211e-02,-8.745271e+00,1.440000e+01,6.700000e+00,-1.190000e+01
7.547815e-02,-2.157000e-01,8.011974e-01,1.598289e-01,-8.854488e+01,-1.770000e+01,2.047000e+02,-1.776000e+02,-3.439965e-02,5.134211e-03,-2.065263e-02,7.942105e-03,-8.539994e+00,1.440000e+01,5.500000e+00,-1.210000e+01
-1.719421e-01,-4.604000e-01,8.061974e-01,-2.967105e-02,-1.084936e+02,5.500000e+00,1.998000e+02,-2.313000e+02,-3.355319e-02,7.342105e-04,-2.245263e-02,9.242105e-03,-6.979596e+00,1.270000e+01,2.400000e+00,-1.090000e+01
-3.270811e-01,-5.899000e-01,6.963974e-01,-1.673711e-01,-1.117896e+02,3.000000e+01,1.969000e+02,-2.596000e+02,-3.313576e-02,-4.657895e-04,-1.955263e-02,1.054211e-02,-5.926332e+00,1.010000e+01,7.000000e-01,-9.500000e+00
-3.783529e-01,-5.995000e-01,5.284974e-01,-2.298711e-01,-1.115473e+02,3.000000e+01,1.969000e+02,-2.596000e+02,-3.262451e-02,-7.657895e-04,-1.365263e-02,1.254211e-02,-4.424492e+00,7.100000e+00,-1.400000e+00,-7.600000e+00
-3.142320e-01,-5.093000e-01,4.420974e-01,-2.351711e-01,-9.889777e+01,6.080000e+01,1.991000e+02,-2.691000e+02,-3.190321e-02,-2.657895e-04,-7.052632e-03,1.464211e-02,-3.855918e+00,5.500000e+00,-3.300000e+00,-7.100000e+00
-1.986145e-01,-3.806000e-01,4.197974e-01,-2.096711e-01,-8.345968e+01,7.210000e+01,2.057000e+02,-2.605000e+02,-3.106959e-02,1.634211e-03,2.347368e-03,1.724211e-02,-3.324126e+00,4.200000e+00,-4.800000e+00,-6.600000e+00
-9.037024e-02,-2.417000e-01,3.921974e-01,-1.770711e-01,-6.422516e+01,8.240000e+01,2.167000e+02,-2.484000e+02,-3.041529e-02,3.034211e-03,1.354737e-02,2.034211e-02,-3.133146e+00,4.100000e+00,-5.500000e+00,-6.600000e+00
9.258531e-03,-9.330000e-02,3.653974e-01,-1.379711e-01,-5.669684e+01,8.280000e+01,2.226000e+02,-2.428000e+02,-2.967300e-02,4.534211e-03,2.404737e-02,2.324211e-02,-3.605217e+00,3.800000e+00,-5.700000e+00,-7.100000e+00
1.029229e-02,-6.420000e-02,2.687974e-01,-9.997105e-02,-4.424906e+01,7.740000e+01,2.311000e+02,-2.296000e+02,-2.898414e-02,6.534211e-03,3.264737e-02,2.524211e-02,-3.929252e+00,4.000000e+00,-6.200000e+00,-7.700000e+00
5.411087e-03,-2.610000e-02,1.732974e-01,-5.977105e-02,-3.981114e+01,7.450000e+01,2.341000e+02,-2.250000e+02,-2.822298e-02,8.734211e-03,3.704737e-02,2.584211e-02,-4.315681e+00,3.400000e+00,-6.700000e+00,-8.100000e+00
9.928996e-03,3.840000e-02,1.044974e-01,-2.037105e-02,-4.391181e+01,7.870000e+01,2.296000e+02,-2.293000e+02,-2.674930e-02,8.034211e-03,3.714737e-02,2.674211e-02,-3.515568e+00,1.900000e+00,-8.800000e+00,-7.400000e+00
3.564363e-02,1.135000e-01,8.689737e-02,2.362895e-02,-5.456887e+01,8.220000e+01,2.233000e+02,-2.398000e+02,-2.487975e-02,9.834211e-03,3.894737e-02,2.764211e-02,-2.354456e+00,-7.000000e-01,-1.240000e+01,-6.400000e+00
7.321252e-02,2.009000e-01,1.033974e-01,7.082895e-02,-6.803805e+01,8.290000e+01,2.160000e+02,-2.519000e+02,-2.278435e-02,1.033421e-02,3.744737e-02,2.814211e-02,-1.988250e+00,-2.200000e+00,-1.370000e+01,-5.900000e+00
1.076412e-01,2.988000e-01,1.275974e-01,1.216289e-01,-8.360787e+01,8.430000e+01,2.015000e+02,-2.615000e+02,-2.001487e-02,1.093421e-02,3.574737e-02,2.914211e-02,-4.555345e-01,-4.200000e+00,-1.800000e+01,-4.900000e+00
1.226166e-01,3.883000e-01,1.568974e-01,1.610289e-01,-9.099880e+01,8.650000e+01,1.927000e+02,-2.648000e+02,-1.772479e-02,1.363421e-02,3.784737e-02,2.994211e-02,-1.104343e+00,-9.300000e+00,-2.230000e+01,-5.200000e+00
1.189247e-01,4.799000e-01,1.875974e-01,1.877289e-01,-1.012873e+02,8.980000e+01,1.713000e+02,-2.621000e+02,-1.296657e-02,1.503421e-02,3.574737e-02,3.244211e-02,-2.616939e+00,-1.250000e+01,-2.590000e+01,-6.900000e+00
9.492923e-02,5.882000e-01,2.192974e-01,1.959289e-01,-1.068101e+02,8.790000e+01,1.436000e+02,-2.478000e+02,-7.737679e-03,1.493421e-02,3.204737e-02,3.534211e-02,-4.583714e+00,-1.400000e+01,-3.000000e+01,-9.900000e+00
3.983773e-02,7.209000e-01,2.346974e-01,1.856289e-01,-1.132662e+02,7.880000e+01,1.158000e+02,-2.344000e+02,-4.203525e-03,1.703421e-02,3.074737e-02,3.624211e-02,-6.414512e+00,-1.660000e+01,-3.280000e+01,-1.190000e+01
-5.591508e-02,8.854000e-01,2.164974e-01,1.585289e-01,-1.264166e+02,6.540000e+01,8.090000e+01,-2.242000e+02,1.331151e-04,1.803421e-02,2.744737e-02,3.774211e-02,-8.116988e+00,-1.770000e+01,-3.520000e+01,-1.420000e+01
-2.020138e-01,1.050000e+00,1.374974e-01,1.130289e-01,-1.325552e+02,2.930000e+01,3.900000e+01,-2.022000e+02,5.919371e-03,1.873421e-02,2.404737e-02,4.094211e-02,-7.091846e+00,-1.730000e+01,-3.840000e+01,-1.430000e+01
-3.649567e-01,1.214300e+00,3.889737e-02,5.722895e-02,-1.367609e+02,4.400000e+00,8.200000e+00,-1.861000e+02,1.085420e-02,2.013421e-02,2.044737e-02,4.274211e-02,-6.157863e+00,-1.790000e+01,-4.330000e+01,-1.470000e+01
-5.624668e-01,1.407900e+00,-8.790263e-02,-2.817105e-02,-1.359044e+02,-3.890000e+01,-2.650000e+01,-1.644000e+02,1.543550e-02,2.143421e-02,1.384737e-02,4.324211e-02,-6.146713e+00,-1.790000e+01,-4.330000e+01,-1.470000e+01
-8.009104e-01,1.610300e+00,-2.431026e-01,-1.488711e-01,-1.230256e+02,-6.080000e+01,-3.470000e+01,-1.453000e+02,2.089893e-02,2.113421e-02,1.234737e-02,4.684211e-02,2.244300e-01,-1.710000e+01,-5.890000e+01,-1.330000e+01
-1.067171e+00,1.796100e+00,-4.203026e-01,-2.993711e-01,-9.823121e+01,-5.160000e+01,-3.240000e+01,-1.128000e+02,2.840984e-02,2.413421e-02,1.484737e-02,5.274211e-02,3.411004e+00,-1.650000e+01,-6.640000e+01,-1.260000e+01
-1.342075e+00,1.965000e+00,-6.082026e-01,-4.667711e-01,-7.198566e+01,-1.670000e+01,-3.150000e+01,-7.180000e+01,3.482966e-02,2.043421e-02,1.224737e-02,5.844211e-02,1.049998e+01,-1.470000e+01,-8.230000e+01,-1.100000e+01
-1.603195e+00,2.097300e+00,-8.070026e-01,-6.357711e-01,-4.898180e+01,1.010000e+01,-4.460000e+01,-2.630000e+01,4.253773e-02,2.403421e-02,2.194737e-02,6.694211e-02,1.450160e+01,-1.220000e+01,-8.690000e+01,-9.200000e+00
-1.807317e+00,2.174800e+00,-9.951026e-01,-7.807711e-01,-3.114919e+01,7.800000e+00,-7.210000e+01,1.690000e+01,4.772515e-02,2.193421e-02,3.174737e-02,7.534211e-02,2.100753e+01,-1.340000e+01,-1.054000e+02,-7.800000e+00
-1.941202e+00,2.200000e+00,-1.141803e+00,-8.936711e-01,-2.542601e+01,1.100000e+00,-8.810000e+01,3.500000e+01,5.481054e-02,2.213421e-02,4.144737e-02,8.524211e-02,2.394827e+01,-2.020000e+01,-1.204000e+02,-6.400000e+00
-1.970291e+00,2.163300e+00,-1.224303e+00,-9.724711e-01,-1.916173e+01,-8.020000e+01,-1.328000e+02,6.240000e+01,6.077606e-02,2.053421e-02,4.854737e-02,9.454211e-02,2.249553e+01,-3.150000e+01,-1.385000e+02,-8.900000e+00
-1.736827e+00,2.048300e+00,-1.224003e+00,-8.950711e-01,2.634766e+00,-2.023000e+02,-2.552000e+02,1.626000e+02,6.766335e-02,2.063421e-02,5.334737e-02,1.043421e-01,1.888579e+01,-4.710000e+01,-1.604000e+02,-1.290000e+01
-1.309414e+00,1.628300e+00,-1.111203e+00,-6.762711e-01,1.828998e+02,-2.124000e+02,-1.947000e+02,3.395000e+02,8.423863e-02,1.643421e-02,5.174737e-02,1.282421e-01,2.281735e+01,-5.200000e+01,-1.949000e+02,-1.900000e+01
-9.886124e-01,1.277900e+00,-1.022403e+00,-4.792711e-01,2.351116e+02,-3.051000e+02,-5.890000e+01,3.161000e+02,9.616972e-02,8.734211e-03,4.034737e-02,1.485421e-01,1.347976e+01,-7.140000e+01,-2.346000e+02,-3.480000e+01
-6.826563e-01,1.293200e+00,-8.260026e-01,-2.469711e-01,4.497511e+01,-3.650000e+01,2.490000e+01,3.940000e+01,1.045404e-01,2.334211e-03,2.524737e-02,1.657421e-01,1.348094e+01,-7.140000e+01,-2.346000e+02,-3.480000e+01
-5.951937e-01,1.286100e+00,-8.141026e-01,-1.649711e-01,1.104410e+01,-4.250000e+01,1.800000e+00,1.370000e+01,1.099847e-01,-6.365789e-03,-1.785263e-02,1.750421e-01,-1.591673e+01,-1.028000e+02,-2.886000e+02,-7.520000e+01
-4.261117e-01,9.798000e-01,-7.491026e-01,-2.971053e-03,1.882140e+01,-2.890000e+01,7.000000e-01,2.250000e+01,1.181358e-01,-1.526579e-02,-7.945263e-02,1.880421e-01,-2.411102e+01,-8.850000e+01,-3.261000e+02,-1.185000e+02
-2.050673e-01,7.478000e-01,-6.098026e-01,1.842289e-01,2.304785e+01,9.700000e+00,1.090000e+01,1.980000e+01,1.105025e-01,-3.286579e-02,-1.532526e-01,1.941421e-01,-3.280956e+01,-7.490000e+01,-3.604000e+02,-1.637000e+02
-2.116943e-02,5.280000e-01,-4.625026e-01,3.257289e-01,1.451125e+01,1.380000e+01,6.700000e+00,1.210000e+01,8.725611e-02,-4.466579e-02,-2.134526e-01,1.956421e-01,-3.211670e+01,-5.950000e+01,-3.933000e+02,-1.988000e+02
1.253796e-01,3.993000e-01,-3.307026e-01,4.302289e-01,5.955137e+00,1.640000e+01,1.070000e+01,1.000000e-01,4.058477e-02,-6.086579e-02,-2.734526e-01,1.884421e-01,-3.558093e+01,-5.990000e+01,-4.342000e+02,-2.278000e+02
2.347751e-01,2.472000e-01,-2.405026e-01,5.162289e-01,7.390229e+00,1.570000e+01,1.380000e+01,1.000000e-01,-2.538472e-02,-8.176579e-02,-3.063526e-01,1.959421e-01,-3.062950e+01,-6.060000e+01,-4.597000e+02,-2.318000e+02
2.211691e-01,1.690000e-01,-1.672026e-01,4.666289e-01,7.279963e+00,1.300000e+01,1.290000e+01,6.000000e-01,-1.110514e-01,-1.045658e-01,-3.495526e-01,2.011421e-01,-1.226852e+00,-2.470000e+01,-4.968000e+02,-2.588000e+02
6.116599e-02,3.887000e-01,-1.862026e-01,2.828289e-01,7.771929e+00,1.030000e+01,1.290000e+01,1.300000e+00,-2.094573e-01,-1.163658e-01,-4.537526e-01,1.798421e-01,6.835466e+01,5.430000e+01,-5.543000e+02,-3.027000e+02
-4.131136e-02,4.985000e-01,-1.589026e-01,1.451289e-01,9.784569e+00,4.500000e+00,1.330000e+01,3.700000e+00,-2.569785e-01,-4.456579e-02,-5.378526e-01,1.258421e-01,1.429125e+02,8.800000e+01,-6.722000e+02,-2.193000e+02
-2.091205e-01,2.236000e-01,-2.233026e-01,4.028947e-03,1.129308e+01,-2.400000e+00,1.260000e+01,6.200000e+00,-5.896841e-02,2.328342e-01,-6.138526e-01,1.523421e-01,6.291563e+01,7.900000e+00,-5.222000e+02,-9.950000e+01
-1.280984e-01,-2.220000e-02,-9.560263e-02,4.102895e-02,1.243011e+01,-6.200000e+00,1.210000e+01,8.000000e+00,2.112830e-01,5.096342e-01,-6.173526e-01,2.875421e-01,-1.814767e+02,-1.902000e+02,-6.360000e+01,-8.200000e+00
-1.026161e-01,3.840000e-02,-2.902632e-03,1.612895e-02,1.134099e+01,-8.900000e+00,1.050000e+01,7.800000e+00,3.763927e-01,6.169342e-01,-7.001526e-01,3.500421e-01,-1.887472e+02,-1.595000e+02,2.552000e+02,-1.900000e+00
-1.247027e-01,4.550000e-02,2.909737e-02,-2.697105e-02,1.075010e+01,-9.600000e+00,1.030000e+01,7.300000e+00,4.375885e-01,6.034342e-01,-7.935526e-01,3.970421e-01,-1.501158e+02,-1.019000e+02,3.671000e+02,-5.010000e+01
-1.222557e-01,6.570000e-02,4.749737e-02,-3.577105e-02,1.087641e+01,-1.070000e+01,9.800000e+00,7.800000e+00,3.696884e-01,4.786342e-01,-8.182526e-01,4.185421e-01,-8.773373e+01,-1.780000e+01,4.130000e+02,-1.435000e+02
-1.140294e-01,1.320000e-02,5.539737e-02,-2.787105e-02,1.085529e+01,-1.070000e+01,9.800000e+00,7.800000e+00,2.608993e-01,3.408342e-01,-7.934526e-01,4.208421e-01,-9.815580e+01,-4.130000e+01,2.858000e+02,-1.390000e+02
-1.051373e-01,7.900000e-03,5.809737e-02,-1.947105e-02,1.089566e+01,-9.300000e+00,9.000000e+00,8.200000e+00,2.121262e-01,2.754342e-01,-7.907526e-01,3.975421e-01,-1.506496e+02,-1.070000e+02,2.192000e+02,-1.168000e+02
-1.041391e-01,2.200000e-03,4.859737e-02,-1.357105e-02,1.087686e+01,-9.300000e+00,9.000000e+00,8.200000e+00,2.299251e-01,2.775342e-01,-8.223526e-01,3.695421e-01,-1.539748e+02,-1.204000e+02,2.075000e+02,-8.770000e+01
-1.024304e-01,8.000000e-04,3.889737e-02,-7.071053e-03,1.085779e+01,-9.300000e+00,9.000000e+00,8.200000e+00,2.754006e-01,3.006342e-01,-8.145526e-01,3.498421e-01,-1.024802e+02,-7.370000e+01,2.632000e+02,-5.560000e+01
-1.029675e-01,3.900000e-03,2.519737e-02,-1.371053e-03,1.083840e+01,-9.300000e+00,9.000000e+00,8.200000e+00,2.603218e-01,2.436342e-01,-8.170526e-01,3.663421e-01,-1.028504e+02,-7.370000e+01,2.632000e+02,-5.560000e+01
-1.045507e-01,4.300000e-03,1.139737e-02,3.328947e-03,1.081869e+01,-9.300000e+00,9.000000e+00,8.200000e+00,2.242850e-02,-4.076579e-02,-8.059526e-01,2.975421e-01,1.868653e+01,1.750000e+01,3.225000e+02,4.360000e+01
-1.045202e-01,4.300000e-03,4.197368e-03,6.428947e-03,1.079884e+01,-9.300000e+00,9.000000e+00,8.200000e+00,-2.661263e-01,-3.376658e-01,-8.139526e-01,1.183421e-01,6.684606e+01,3.420000e+01,3.372000e+02,1.161000e+02
-1.050595e-01,3.800000e-03,2.297368e-03,6.228947e-03,1.655262e+01,-1.050000e+01,1.210000e+01,1.320000e+01,-3.950776e-01,-4.775658e-01,-6.934526e-01,1.042105e-03,8.995119e+01,2.360000e+01,3.359000e+02,1.770000e+02
-1.048560e-01,2.200000e-03,6.973684e-04,6.828947e-03,1.635570e+01,-1.250000e+01,1.240000e+01,1.300000e+01,-4.375929e-01,-5.133658e-01,-5.464526e-01,-9.565789e-02,9.516036e+01,-6.200000e+00,3.217000e+02,2.257000e+02
-1.049915e-01,2.500000e-03,-1.702632e-03,7.328947e-03,1.587930e+01,-1.190000e+01,1.230000e+01,1.250000e+01,-3.736800e-01,-4.386658e-01,-4.741526e-01,-1.484579e-01,9.242500e+01,-4.110000e+01,2.851000e+02,2.572000e+02
-1.050100e-01,2.100000e-03,-5.602632e-03,8.728947e-03,1.574166e+01,-1.220000e+01,1.190000e+01,1.260000e+01,-2.555027e-01,-3.221658e-01,-4.642526e-01,-1.595579e-01,8.922269e+01,-7.030000e+01,2.561000e+02,2.776000e+02
-1.033865e-01,-7.000000e-04,-3.302632e-03,8.928947e-03,1.620959e+01,-1.210000e+01,1.100000e+01,1.360000e+01,-1.514215e-01,-2.364658e-01,-4.685526e-01,-1.477579e-01,8.956624e+01,-7.500000e+01,2.537000e+02,2.825000e+02
-1.019314e-01,-3.600000e-03,-1.102632e-03,9.028947e-03,1.618339e+01,-1.210000e+01,1.100000e+01,1.360000e+01,-8.849076e-02,-1.948658e-01,-4.252526e-01,-1.214579e-01,9.484141e+01,-6.440000e+01,2.618000e+02,2.837000e+02
-1.004065e-01,-6.400000e-03,1.097368e-03,9.228947e-03,1.615724e+01,-1.210000e+01,1.100000e+01,1.360000e+01,-5.627149e-02,-1.787658e-01,-3.421526e-01,-8.485789e-02,9.295275e+01,-5.220000e+01,2.769000e+02,2.779000e+02
-9.895244e-02,-9.200000e-03,3.397368e-03,9.328947e-03,1.613117e+01,-1.210000e+01,1.100000e+01,1.360000e+01,-3.269992e-02,-1.624658e-01,-2.480526e-01,-4.065789e-02,8.161552e+01,-5.360000e+01,2.822000e+02,2.669000e+02
-9.742910e-02,-1.290000e-02,-1.702632e-03,1.302895e-02,1.523600e+01,-1.020000e+01,8.500000e+00,1.370000e+01,1.421127e-02,-1.166658e-01,-1.840526e-01,1.514211e-02,6.822406e+01,-5.680000e+01,2.806000e+02,2.516000e+02
-9.554171e-02,-1.310000e-02,-2.802632e-03,1.472895e-02,1.283955e+01,-8.200000e+00,5.800000e+00,1.220000e+01,8.589130e-02,-4.276579e-02,-1.564526e-01,8.324211e-02,5.690727e+01,-5.880000e+01,2.696000e+02,2.337000e+02
-9.295012e-02,-1.550000e-02,-1.400263e-02,2.212895e-02,1.046398e+01,-3.300000e+00,2.600000e+00,1.070000e+01,1.832463e-01,6.763421e-02,-1.686526e-01,1.606421e-01,5.390030e+01,-5.800000e+01,2.651000e+02,2.277000e+02
-9.025779e-02,-1.810000e-02,-2.370263e-02,2.892895e-02,1.045582e+01,-3.300000e+00,2.600000e+00,1.070000e+01,2.693872e-01,2.016342e-01,-1.853526e-01,2.298421e-01,7.329671e+01,-3.940000e+01,2.437000e+02,2.325000e+02
-8.836877e-02,-2.010000e-02,-3.330263e-02,3.472895e-02,1.044772e+01,-3.300000e+00,2.600000e+00,1.070000e+01,3.444032e-01,3.339342e-01,-2.050526e-01,2.992421e-01,1.000778e+02,-2.870000e+01,1.984000e+02,2.361000e+02
-8.801568e-02,-1.820000e-02,-4.120263e-02,3.712895e-02,1.057133e+01,5.100000e+00,-3.500000e+00,1.300000e+01,4.034026e-01,5.039342e-01,-2.133526e-01,3.608421e-01,1.383686e+02,-3.030000e+01,1.521000e+02,2.557000e+02
-8.650654e-02,-1.240000e-02,-4.400263e-02,3.772895e-02,1.457426e+01,1.100000e+01,-4.800000e+00,1.750000e+01,4.141217e-01,7.051342e-01,-1.981526e-01,3.936421e-01,1.592278e+02,-1.900000e+00,1.454000e+02,2.703000e+02
-8.497340e-02,-6.600000e-03,-4.680263e-02,3.832895e-02,1.459538e+01,1.100000e+01,-4.800000e+00,1.750000e+01,3.541239e-01,8.992342e-01,-1.525526e-01,3.808421e-01,1.472110e+02,3.920000e+01,1.444000e+02,2.490000e+02
-8.342643e-02,-9.000000e-04,-4.960263e-02,3.892895e-02,1.461660e+01,1.100000e+01,-4.800000e+00,1.750000e+01,2.335747e-01,1.102734e+00,-8.885263e-02,3.185421e-01,1.120869e+02,6.230000e+01,1.387000e+02,2.023000e+02
-8.184592e-02,4.900000e-03,-5.240263e-02,3.952895e-02,1.463789e+01,1.100000e+01,-4.800000e+00,1.750000e+01,5.677385e-02,1.333634e+00,-2.245263e-02,2.035421e-01,8.760010e+01,7.360000e+01,1.346000e+02,1.709000e+02
-8.008791e-02,1.160000e-02,-4.800263e-02,3.662895e-02,1.465881e+01,1.100000e+01,-4.800000e+00,1.750000e+01,-1.842001e-01,1.555134e+00,7.854737e-02,3.684211e-02,4.112878e+01,8.710000e+01,1.250000e+02,1.121000e+02
-7.857885e-02,1.470000e-02,-4.740263e-02,3.572895e-02,1.467959e+01,1.100000e+01,-4.800000e+00,1.750000e+01,-4.629926e-01,1.742934e+00,2.069474e-01,-1.656579e-01,1.995458e+01,7.930000e+01,9.570000e+01,7.260000e+01
-7.712752e-02,2.070000e-02,-4.110263e-02,3.152895e-02,1.469989e+01,1.100000e+01,-4.800000e+00,1.750000e+01,-7.507516e-01,1.905734e+00,3.522474e-01,-3.855579e-01,2.292909e+01,6.180000e+01,5.250000e+01,5.350000e+01
-7.562062e-02,2.670000e-02,-3.480263e-02,2.732895e-02,1.471966e+01,1.100000e+01,-4.800000e+00,1.750000e+01,-1.011921e+00,2.057134e+00,4.844474e-01,-6.013579e-01,2.825337e+01,5.660000e+01,1.190000e+01,3.910000e+01
-7.404730e-02,3.280000e-02,-2.850263e-02,2.312895e-02,1.473889e+01,1.100000e+01,-4.800000e+00,1.750000e+01,-1.255681e+00,2.196534e+00,6.178474e-01,-8.219579e-01,2.529643e+01,5.470000e+01,-2.850000e+01,1.620000e+01
-7.061339e-02,3.570000e-02,-2.240263e-02,2.152895e-02,1.475768e+01,1.100000e+01,-4.800000e+00,1.750000e+01,-1.478532e+00,2.263034e+00,7.562474e-01,-1.036158e+00,4.575982e+00,5.030000e+01,-4.530000e+01,-1.480000e+01
-6.885545e-02,3.570000e-02,-2.240263e-02,2.152895e-02,1.477640e+01,1.100000e+01,-4.800000e+00,1.750000e+01,-1.643486e+00,2.248034e+00,8.748474e-01,-1.211958e+00,1.241636e+00,4.220000e+01,-6.760000e+01,-2.890000e+01
-6.711437e-02,3.570000e-02,-2.240263e-02,2.152895e-02,1.479504e+01,1.100000e+01,-4.800000e+00,1.750000e+01,-1.750886e+00,2.238734e+00,9.784474e-01,-1.354858e+00,-5.346502e+01,-2.100000e+00,-9.030000e+01,-9.910000e+01
-6.539004e-02,3.570000e-02,-2.240263e-02,2.152895e-02,1.481362e+01,1.100000e+01,-4.800000e+00,1.750000e+01,-1.744566e+00,2.088534e+00,1.050147e+00,-1.371458e+00,-5.071254e+01,-3.910000e+01,-8.120000e+01,-9.100000e+01
-6.368300e-02,3.570000e-02,-2.240263e-02,2.152895e-02,1.483209e+01,1.100000e+01,-4.800000e+00,1.750000e+01,-1.333098e+00,1.669434e+00,8.259474e-01,-1.098458e+00,-9.593687e+01,-7.020000e+01,-1.652000e+02,-1.774000e+02
-6.199147e-02,3.570000e-02,-2.240263e-02,2.152895e-02,1.485052e+01,1.100000e+01,-4.800000e+00,1.750000e+01,-8.534164e-01,1.358534e+00,4.873474e-01,-8.124579e-01,-8.530830e+01,4.050000e+01,-2.317000e+02,-2.072000e+02
-6.031679e-02,3.570000e-02,-2.240263e-02,2.152895e-02,1.486887e+01,1.100000e+01,-4.800000e+00,1.750000e+01,-6.713062e-01,1.337934e+00,3.917474e-01,-7.281579e-01,-3.344343e+01,5.720000e+01,-1.629000e+02,-1.207000e+02
-5.865919e-02,3.570000e-02,-2.240263e-02,2.152895e-02,1.488716e+01,1.100000e+01,-4.800000e+00,1.750000e+01,-4.825351e-01,1.164634e+00,2.600474e-01,-6.155579e-01,1.671861e+01,4.860000e+01,-1.971000e+02,-7.860000e+01
-5.701874e-02,3.570000e-02,-2.240263e-02,2.152895e-02,1.490537e+01,1.100000e+01,-4.800000e+00,1.750000e+01,-1.860066e-01,1.070834e+00,1.123474e-01,-3.760579e-01,1.201611e+01,1.085000e+02,-1.416000e+02,-7.410000e+01
-5.539582e-02,3.570000e-02,-2.240263e-02,2.152895e-02,1.492346e+01,1.100000e+01,-4.800000e+00,1.750000e+01,-2.515639e-02,9.285342e-01,1.060474e-01,-1.730579e-01,-3.475940e+01,7.210000e+01,-9.300000e+00,-6.210000e+01
-5.378991e-02,3.570000e-02,-2.240263e-02,2.152895e-02,1.494147e+01,1.100000e+01,-4.800000e+00,1.750000e+01,1.094532e-01,7.018342e-01,5.034737e-02,8.942105e-03,-4.954765e+01,1.620000e+01,-4.800000e+00,-6.140000e+01
-5.220121e-02,3.570000e-02,-2.240263e-02,2.152895e-02,1.495942e+01,1.100000e+01,-4.800000e+00,1.750000e+01,2.476031e-01,5.924342e-01,-9.985263e-02,1.312421e-01,-1.484838e+01,1.630000e+01,-3.300000e+00,-2.240000e+01
-5.062949e-02,3.570000e-02,-2.240263e-02,2.152895e-02,1.497728e+01,1.100000e+01,-4.800000e+00,1.750000e+01,3.719075e-01,4.000342e-01,-2.556526e-01,2.633421e-01,3.918118e+00,2.870000e+01,-2.800000e+00,-5.000000e+00
-4.907512e-02,3.570000e-02,-2.240263e-02,2.152895e-02,1.499505e+01,1.100000e+01,-4.800000e+00,1.750000e+01,4.419511e-01,3.181342e-01,-3.247526e-01,3.371421e-01,4.601466e+00,1.820000e+01,-9.000000e+00,-3.600000e+00
-4.753820e-02,3.570000e-02,-2.240263e-02,2.152895e-02,1.501273e+01,1.100000e+01,-4.800000e+00,1.750000e+01,2.614188e-01,4.988342e-01,-1.419526e-01,1.522421e-01,-4.209259e+00,-6.200000e+00,3.300000e+00,-1.600000e+00
-4.601821e-02,3.570000e-02,-2.240263e-02,2.152895e-02,1.503033e+01,1.100000e+01,-4.800000e+00,1.750000e+01,5.471408e-02,5.540342e-01,8.324737e-02,-9.357895e-03,1.035976e+00,-3.000000e+00,7.000000e-01,2.300000e+00
-4.451579e-02,3.570000e-02,-2.240263e-02,2.152895e-02,1.504785e+01,1.100000e+01,-4.800000e+00,1.750000e+01,7.271924e-02,3.405342e-01,6.134737e-02,6.404211e-02,1.440520e+00,4.300000e+00,1.000000e+00,7.000000e-01
-4.303035e-02,3.570000e-02,-2.240263e-02,2.152895e-02,1.506528e+01,1.100000e+01,-4.800000e+00,1.750000e+01,1.098608e-01,2.799342e-01,8.264737e-02,1.302421e-01,-3.208566e+00,3.800000e+00,3.700000e+00,-3.300000e+00
-4.156233e-02,3.570000e-02,-2.240263e-02,2.152895e-02,1.508264e+01,1.100000e+01,-4.800000e+00,1.750000e+01,8.091296e-03,1.476342e-01,1.190474e-01,6.944211e-02,-2.634885e+00,3.300000e+00,1.100000e+00,-3.500000e+00
-4.011109e-02,3.570000e-02,-2.240263e-02,2.152895e-02,1.509992e+01,1.100000e+01,-4.800000e+00,1.750000e+01,-4.218776e-03,8.093421e-02,1.794737e-02,3.724211e-02,-4.054034e+00,1.700000e+00,1.900000e+00,-4.300000e+00
6.263411e-02,-6.100000e-03,1.636974e-01,6.242895e-02,1.771920e+02,1.026000e+02,2.698000e+02,3.540000e+01,1.457204e-03,1.049342e-01,-4.065263e-02,1.374211e-02,-4.801722e+00,8.000000e-01,2.600000e+00,-4.600000e+00
1.158708e-01,-1.515000e-01,3.276974e-01,6.682895e-02,1.339164e+02,3.800000e+01,2.122000e+02,2.960000e+01,-2.151084e-02,2.713421e-02,5.247368e-03,2.844211e-02,-4.818946e+00,1.100000e+00,1.300000e+00,-5.200000e+00
8.891126e-02,-2.912000e-01,3.854974e-01,2.642895e-02,1.189269e+02,2.080000e+01,1.366000e+02,5.740000e+01,-3.000710e-02,1.133421e-02,3.894737e-02,3.594211e-02,-5.189820e+00,1.000000e+00,2.600000e+00,-5.100000e+00
5.481565e-02,-4.083000e-01,4.121974e-01,-1.597105e-02,6.335459e+01,6.540000e+01,1.160000e+02,-2.000000e+00,-2.752296e-02,1.333421e-02,-1.595263e-02,1.724211e-02,-5.106683e+00,3.600000e+00,2.900000e+00,-5.700000e+00
5.750823e-02,-4.668000e-01,4.609974e-01,-4.197105e-02,2.952594e+01,8.290000e+01,1.204000e+02,-4.640000e+01,-2.888831e-02,-4.765789e-03,-4.085263e-02,1.184211e-02,-6.462311e+00,7.100000e+00,5.300000e+00,-7.400000e+00
1.054079e-01,-4.686000e-01,5.680974e-01,-5.677105e-02,-5.440179e+00,4.850000e+01,1.603000e+02,-1.084000e+02,-3.228763e-02,-3.465789e-03,-2.015263e-02,1.514211e-02,-8.940662e+00,1.070000e+01,7.400000e+00,-1.050000e+01
1.647031e-01,-4.587000e-01,7.074974e-01,-7.237105e-02,-3.112065e+01,-1.220000e+01,1.886000e+02,-1.528000e+02,-3.433067e-02,-4.765789e-03,-1.525263e-02,1.494211e-02,-9.073624e+00,1.180000e+01,8.500000e+00,-1.060000e+01
1.916073e-01,-4.709000e-01,7.859974e-01,-8.537105e-02,-6.239584e+01,-9.100000e+00,2.046000e+02,-2.000000e+02,-3.501215e-02,-1.965789e-03,-1.955263e-02,1.164211e-02,-8.794780e+00,1.450000e+01,8.900000e+00,-1.100000e+01
1.851049e-01,-5.032000e-01,7.980974e-01,-1.013711e-01,-8.335764e+01,3.270000e+01,2.112000e+02,-2.275000e+02,-3.674639e-02,2.342105e-04,-1.455263e-02,1.074211e-02,-9.285761e+00,1.540000e+01,9.300000e+00,-1.170000e+01
1.745773e-01,-5.514000e-01,7.910974e-01,-1.172711e-01,-9.274272e+01,6.750000e+01,2.042000e+02,-2.312000e+02,-3.704650e-02,1.342105e-04,-1.685263e-02,9.542105e-03,-9.087931e+00,1.530000e+01,9.500000e+00,-1.140000e+01
3.182238e-02,-5.478000e-01,6.078974e-01,-1.689711e-01,-9.045643e+01,7.360000e+01,2.029000e+02,-2.272000e+02,-3.717869e-02,-2.657895e-04,-1.595263e-02,9.742105e-03,-9.471926e+00,1.490000e+01,9.000000e+00,-1.190000e+01
-9.372755e-02,-4.143000e-01,4.560974e-01,-1.781711e-01,-8.280730e+01,7.780000e+01,2.054000e+02,-2.191000e+02,-3.775707e-02,-1.365789e-03,-1.315263e-02,1.034211e-02,-8.389962e+00,1.340000e+01,8.600000e+00,-1.040000e+01
-1.465105e-01,-2.698000e-01,3.988974e-01,-1.362711e-01,-8.223531e+01,8.540000e+01,2.089000e+02,-2.190000e+02,-3.788683e-02,-2.065789e-03,-9.152632e-03,1.164211e-02,-8.713328e+00,1.190000e+01,7.200000e+00,-1.080000e+01
-1.913703e-01,-1.499000e-01,3.602974e-01,-8.467105e-02,-8.251652e+01,9.630000e+01,2.113000e+02,-2.175000e+02,-3.779527e-02,-2.665789e-03,-3.352632e-03,1.374211e-02,-8.908716e+00,1.210000e+01,6.900000e+00,-1.120000e+01
-2.546882e-01,-8.850000e-02,2.994974e-01,-4.967105e-02,-8.224275e+01,9.630000e+01,2.113000e+02,-2.175000e+02,-3.749990e-02,-3.665789e-03,2.447368e-03,1.614211e-02,-8.874083e+00,1.150000e+01,6.300000e+00,-1.120000e+01
-3.431993e-01,-8.400000e-02,1.803974e-01,-2.587105e-02,-8.204711e+01,9.630000e+01,2.113000e+02,-2.175000e+02,-3.675428e-02,-8.365789e-03,1.034737e-02,2.084211e-02,-9.185278e+00,1.160000e+01,5.400000e+00,-1.190000e+01
-4.319081e-01,-6.400000e-02,5.589737e-02,1.522895e-02,-7.832180e+01,8.450000e+01,2.077000e+02,-2.167000e+02,-3.570443e-02,-8.665789e-03,1.464737e-02,2.324211e-02,-8.888737e+00,1.290000e+01,5.100000e+00,-1.210000e+01
-5.053569e-01,-1.690000e-02,-6.402632e-03,5.562895e-02,-8.011994e+01,8.260000e+01,2.060000e+02,-2.193000e+02,-3.495873e-02,-9.065789e-03,1.634737e-02,2.444211e-02,-8.667817e+00,1.510000e+01,5.000000e+00,-1.260000e+01
-5.552203e-01,5.310000e-02,4.397368e-03,1.015289e-01,-8.487219e+01,7.430000e+01,1.980000e+02,-2.264000e+02,-3.375667e-02,-9.965789e-03,1.844737e-02,2.634211e-02,-7.350064e+00,1.540000e+01,2.800000e+00,-1.200000e+01
-6.128280e-01,1.423000e-01,3.899737e-02,1.457289e-01,-8.679480e+01,6.260000e+01,1.853000e+02,-2.292000e+02,-3.247047e-02,-1.056579e-02,2.444737e-02,2.944211e-02,-6.468289e+00,1.420000e+01,9.000000e-01,-1.130000e+01
-6.782952e-01,2.258000e-01,6.419737e-02,1.914289e-01,-9.673123e+01,6.070000e+01,1.664000e+02,-2.316000e+02,-3.137537e-02,-1.016579e-02,3.174737e-02,3.234211e-02,-5.998942e+00,1.160000e+01,-1.000000e+00,-1.060000e+01
-7.505020e-01,2.927000e-01,6.529737e-02,2.383289e-01,-1.198761e+02,7.490000e+01,1.473000e+02,-2.396000e+02,-2.920230e-02,-1.016579e-02,3.824737e-02,3.614211e-02,-3.722604e+00,7.900000e+00,-4.900000e+00,-8.200000e+00
-8.256338e-01,3.547000e-01,6.349737e-02,2.833289e-01,-1.324233e+02,7.890000e+01,1.309000e+02,-2.433000e+02,-2.718247e-02,-9.665789e-03,4.564737e-02,3.974211e-02,-1.778299e+00,4.700000e+00,-9.100000e+00,-6.400000e+00
-9.115711e-01,4.352000e-01,7.759737e-02,3.172289e-01,-1.072525e+02,4.570000e+01,1.137000e+02,-2.258000e+02,-2.407535e-02,-8.865789e-03,5.354737e-02,4.444211e-02,-4.046943e-01,2.200000e+00,-1.320000e+01,-5.400000e+00
-1.023156e+00,5.423000e-01,9.419737e-02,3.390289e-01,-9.115976e+01,2.660000e+01,1.016000e+02,-2.120000e+02,-2.025334e-02,-8.865789e-03,6.054737e-02,4.974211e-02,1.641214e+00,-2.000000e+00,-1.860000e+01,-3.500000e+00
-1.165533e+00,6.676000e-01,7.719737e-02,3.425289e-01,-6.410809e+01,-2.100000e+00,7.740000e+01,-1.829000e+02,-1.558145e-02,-4.865789e-03,6.394737e-02,5.334211e-02,2.882567e+00,-4.300000e+00,-2.310000e+01,-2.800000e+00
-1.323452e+00,7.818000e-01,7.997368e-03,3.200289e-01,-4.766251e+01,-2.200000e+01,5.070000e+01,-1.610000e+02,-9.765438e-03,-5.665789e-03,7.014737e-02,6.064211e-02,3.612768e+00,-5.000000e+00,-2.640000e+01,-2.800000e+00
-1.515372e+00,9.377000e-01,-5.860263e-02,2.920289e-01,-4.515276e+01,-3.150000e+01,4.740000e+01,-1.680000e+02,-3.076105e-03,-4.065789e-03,7.624737e-02,6.784211e-02,4.204442e+00,-8.500000e+00,-3.380000e+01,-3.300000e+00
-1.785030e+00,1.159300e+00,-1.267026e-01,2.368289e-01,-5.266297e+01,-3.090000e+01,7.140000e+01,-1.969000e+02,6.747807e-03,-5.265789e-03,7.584737e-02,7.714211e-02,4.834678e+00,-4.700000e+00,-4.060000e+01,-6.100000e+00
-2.077169e+00,1.364300e+00,-2.218026e-01,1.229289e-01,-4.682291e+01,-3.270000e+01,7.190000e+01,-1.882000e+02,1.732184e-02,-4.465789e-03,6.944737e-02,8.434211e-02,4.740055e+00,-4.000000e+00,-4.980000e+01,-9.400000e+00
-2.324844e+00,1.492100e+00,-3.601026e-01,-4.017105e-02,-3.326499e+01,-3.260000e+01,4.630000e+01,-1.465000e+02,2.734447e-02,-5.265789e-03,6.244737e-02,9.114211e-02,5.673375e+00,-4.900000e+00,-5.970000e+01,-1.120000e+01
-2.533882e+00,1.591300e+00,-5.121026e-01,-2.186711e-01,-4.121672e+01,-3.000000e+01,-1.910000e+01,-1.253000e+02,3.502831e-02,-6.165789e-03,5.914737e-02,9.654211e-02,8.661386e+00,-8.400000e+00,-6.960000e+01,-9.700000e+00
-2.747181e+00,1.718500e+00,-6.483026e-01,-3.936711e-01,-3.722447e+01,-2.490000e+01,-5.190000e+01,-9.350000e+01,4.357748e-02,-5.565789e-03,5.694737e-02,1.028421e-01,1.197219e+01,-9.600000e+00,-7.460000e+01,-7.100000e+00
-2.943895e+00,1.836600e+00,-7.830026e-01,-5.606711e-01,-1.733335e+01,-2.840000e+01,-5.780000e+01,-5.730000e+01,5.154756e-02,-4.965789e-03,5.644737e-02,1.090421e-01,1.545306e+01,-1.070000e+01,-8.500000e+01,-6.100000e+00
-3.073706e+00,1.895100e+00,-9.287026e-01,-7.001711e-01,3.135437e+00,-2.680000e+01,-7.560000e+01,-8.000000e+00,6.098653e-02,-4.565789e-03,5.414737e-02,1.164421e-01,1.925541e+01,-1.200000e+01,-9.770000e+01,-5.400000e+00
-3.151073e+00,1.921200e+00,-1.038303e+00,-8.018711e-01,1.010467e+01,-5.000000e+00,-8.190000e+01,4.170000e+01,6.936582e-02,-3.365789e-03,4.854737e-02,1.212421e-01,1.911246e+01,-1.700000e+01,-1.135000e+02,-8.600000e+00
-3.204137e+00,1.940000e+00,-1.104103e+00,-8.840711e-01,4.142774e+01,-8.100000e+00,-8.880000e+01,9.750000e+01,7.575131e-02,-4.065789e-03,4.384737e-02,1.252421e-01,1.551644e+01,-2.460000e+01,-1.283000e+02,-1.420000e+01
-3.174665e+00,1.869300e+00,-1.139303e+00,-9.676711e-01,7.149080e+01,-3.920000e+01,-1.165000e+02,1.173000e+02,8.677796e-02,-5.265789e-03,3.914737e-02,1.356421e-01,1.061843e+01,-3.750000e+01,-1.479000e+02,-2.030000e+01
-2.803851e+00,1.525600e+00,-1.165603e+00,-8.724711e-01,1.363788e+02,-6.030000e+01,-2.546000e+02,2.564000e+02,1.053108e-01,-8.465789e-03,2.604737e-02,1.543421e-01,1.026630e+01,-4.320000e+01,-1.734000e+02,-2.680000e+01
-2.258639e+00,1.107400e+00,-9.748026e-01,-6.453711e-01,1.808158e+02,-7.510000e+01,-1.911000e+02,2.842000e+02,1.179558e-01,-1.486579e-02,3.547368e-03,1.662421e-01,1.276568e+01,-3.820000e+01,-1.906000e+02,-3.300000e+01
-2.010488e+00,1.064600e+00,-7.773026e-01,-4.826711e-01,1.621418e+02,-1.098000e+02,-1.951000e+02,2.178000e+02,1.264455e-01,-1.626579e-02,-2.155263e-02,1.717421e-01,-2.029573e+00,-5.330000e+01,-2.267000e+02,-5.570000e+01
-1.908279e+00,1.150800e+00,-5.572026e-01,-3.593711e-01,1.719427e+02,-1.527000e+02,7.900000e+00,9.820000e+01,1.369308e-01,-1.916579e-02,-5.585263e-02,1.814421e-01,-2.831357e+01,-7.740000e+01,-2.601000e+02,-8.600000e+01
-1.786232e+00,1.228200e+00,-4.394026e-01,-1.491711e-01,2.796411e+01,-1.180000e+01,2.410000e+01,1.910000e+01,1.434300e-01,-2.716579e-02,-9.815263e-02,1.932421e-01,-4.786180e+01,-8.850000e+01,-2.928000e+02,-1.170000e+02
-1.507952e+00,9.625000e-01,-4.363026e-01,-8.271053e-03,2.180678e+01,1.110000e+01,8.400000e+00,3.970000e+01,1.406777e-01,-3.766579e-02,-1.466526e-01,2.023421e-01,-5.791409e+01,-8.180000e+01,-3.294000e+02,-1.525000e+02
-1.265205e+00,7.911000e-01,-3.171026e-01,1.222289e-01,8.673707e+00,1.980000e+01,2.900000e+00,3.130000e+01,1.244764e-01,-4.576579e-02,-1.958526e-01,2.042421e-01,-6.007776e+01,-6.920000e+01,-3.703000e+02,-1.863000e+02
-1.067306e+00,6.662000e-01,-1.437026e-01,2.060289e-01,-1.474660e+01,1.790000e+01,-8.900000e+00,0.000000e+00,9.035688e-02,-5.266579e-02,-2.414526e-01,1.972421e-01,-4.974300e+01,-4.060000e+01,-4.057000e+02,-2.185000e+02
-8.879533e-01,5.257000e-01,-2.560263e-02,2.746289e-01,-1.885068e+01,1.940000e+01,-3.700000e+00,-7.000000e+00,4.768439e-02,-5.786579e-02,-2.636526e-01,2.035421e-01,-6.217040e+01,-4.820000e+01,-4.200000e+02,-2.365000e+02
-7.286643e-01,4.066000e-01,4.769737e-02,3.575289e-01,-1.920649e+01,2.500000e+01,3.400000e+00,-5.300000e+00,-4.553380e-03,-6.066579e-02,-3.127526e-01,2.055421e-01,-5.091881e+01,-3.160000e+01,-4.560000e+02,-2.576000e+02
-8.119058e-01,4.942000e-01,1.272974e-01,2.821289e-01,-2.165144e+01,2.530000e+01,2.400000e+00,-8.200000e+00,-5.335500e-02,-4.536579e-02,-4.208526e-01,1.927421e-01,-1.419625e+01,2.550000e+01,-4.644000e+02,-2.894000e+02
-1.061980e+00,6.665000e-01,1.789737e-02,1.320289e-01,-1.827020e+01,2.030000e+01,2.900000e+00,-8.400000e+00,-5.237492e-02,4.223421e-02,-5.278526e-01,2.052421e-01,6.299565e+01,1.119000e+02,-5.088000e+02,-3.114000e+02
-1.021152e+00,5.302000e-01,-5.600263e-02,9.112895e-02,-1.262125e+01,1.830000e+01,3.700000e+00,-2.400000e+00,5.910664e-02,2.483342e-01,-5.847526e-01,2.519421e-01,8.082310e+01,1.081000e+02,-5.162000e+02,-2.447000e+02
-8.740830e-01,2.849000e-01,-1.214026e-01,9.722895e-02,-9.921482e+00,1.400000e+01,4.800000e+00,-3.200000e+00,2.874051e-01,5.248342e-01,-5.326526e-01,3.222421e-01,-9.787094e+01,-8.480000e+01,-2.586000e+02,-1.371000e+02
-7.397490e-01,9.800000e-03,-8.680263e-02,6.728947e-03,-5.434148e+00,9.500000e+00,5.000000e+00,-1.100000e+00,4.936581e-01,7.383342e-01,-5.249526e-01,3.908421e-01,-1.891062e+02,-1.784000e+02,-5.460000e+01,-8.840000e+01
-7.470069e-01,6.910000e-02,5.689737e-02,-1.667105e-02,-1.311412e+00,6.200000e+00,5.100000e+00,1.700000e+00,6.511121e-01,8.469342e-01,-6.394526e-01,4.342421e-01,-2.325375e+02,-2.254000e+02,2.223000e+02,-2.180000e+01
-7.529511e-01,6.760000e-02,8.969737e-02,-4.457105e-02,1.026560e+00,4.000000e+00,6.300000e+00,2.400000e+00,7.121696e-01,8.517342e-01,-7.523526e-01,4.459421e-01,-1.421684e+02,-1.190000e+02,3.641000e+02,-6.210000e+01
-7.396476e-01,3.550000e-02,6.649737e-02,-4.657105e-02,4.065262e+00,1.000000e+00,7.000000e+00,3.600000e+00,6.512887e-01,7.495342e-01,-8.151526e-01,4.476421e-01,-7.536241e+01,-3.820000e+01,3.606000e+02,-1.013000e+02
-7.136127e-01,9.300000e-03,7.909737e-02,-4.147105e-02,5.107013e+00,-3.000000e-01,6.500000e+00,4.100000e+00,5.821712e-01,6.473342e-01,-9.015526e-01,4.358421e-01,-7.590246e+01,-3.820000e+01,3.606000e+02,-1.013000e+02
-7.067402e-01,6.900000e-03,9.939737e-02,-4.537105e-02,5.019111e+00,-0.000000e+00,6.200000e+00,4.400000e+00,4.842563e-01,5.395342e-01,-9.117526e-01,4.030421e-01,-4.668425e+01,-3.000000e+01,1.627000e+02,-4.680000e+01
-7.010875e-01,-3.000000e-04,9.779737e-02,-4.507105e-02,3.363081e+00,1.200000e+00,5.400000e+00,3.500000e+00,4.416187e-01,4.872342e-01,-8.434526e-01,3.701421e-01,-3.640247e+01,-3.500000e+01,1.486000e+02,-1.070000e+01
-6.975715e-01,-3.500000e-03,9.009737e-02,-4.087105e-02,2.651894e+00,2.800000e+00,6.000000e+00,3.700000e+00,3.704295e-01,4.091342e-01,-7.682526e-01,3.157421e-01,-2.555015e+01,-3.480000e+01,1.689000e+02,1.410000e+01
-6.991158e-01,-9.000000e-04,8.309737e-02,-3.907105e-02,1.282485e+00,5.200000e+00,5.400000e+00,4.300000e+00,1.996528e-01,2.199342e-01,-7.495526e-01,2.306421e-01,1.289556e+01,-2.570000e+01,2.237000e+02,8.060000e+01
-6.991596e-01,1.000000e-04,7.429737e-02,-3.577105e-02,6.483402e-01,6.900000e+00,5.400000e+00,5.000000e+00,-4.042920e-02,-3.816579e-02,-8.346526e-01,1.186421e-01,1.261000e+01,-2.570000e+01,2.237000e+02,8.060000e+01
-6.970786e-01,1.000000e-04,6.719737e-02,-3.167105e-02,4.153831e-03,8.300000e+00,3.600000e+00,6.300000e+00,-2.505397e-01,-2.790658e-01,-8.438526e-01,-4.157895e-03,8.411109e+01,-1.400000e+01,2.706000e+02,1.995000e+02
-6.973812e-01,1.100000e-03,6.039737e-02,-2.997105e-02,-8.018606e-01,8.900000e+00,4.300000e+00,5.300000e+00,-3.794121e-01,-4.292658e-01,-7.135526e-01,-9.965789e-02,9.497895e+01,-2.970000e+01,2.528000e+02,2.387000e+02
-6.976695e-01,2.700000e-03,5.479737e-02,-2.827105e-02,-1.555272e+00,9.200000e+00,3.800000e+00,4.700000e+00,-4.072932e-01,-4.711658e-01,-5.817526e-01,-1.527579e-01,1.044710e+02,-4.380000e+01,2.210000e+02,2.668000e+02
-6.955338e-01,2.400000e-03,5.049737e-02,-2.567105e-02,-3.177666e+00,1.040000e+01,2.500000e+00,4.100000e+00,-3.265931e-01,-3.813658e-01,-5.011526e-01,-1.799579e-01,1.101821e+02,-4.680000e+01,2.076000e+02,2.763000e+02
-6.950581e-01,3.000000e-03,4.809737e-02,-2.537105e-02,-2.857467e+00,1.100000e+01,3.900000e+00,4.400000e+00,-2.431771e-01,-2.672658e-01,-4.144526e-01,-2.014579e-01,1.186243e+02,-4.600000e+01,2.011000e+02,2.865000e+02
-6.918156e-01,5.000000e-04,5.089737e-02,-2.687105e-02,-1.217922e+00,9.800000e+00,3.800000e+00,5.700000e+00,-1.434843e-01,-1.418658e-01,-3.605526e-01,-1.963579e-01,1.214345e+02,-4.790000e+01,2.027000e+02,2.934000e+02
-6.880979e-01,4.000000e-04,5.789737e-02,-2.797105e-02,2.391655e+00,8.000000e+00,4.000000e+00,9.200000e+00,-8.539335e-02,-7.856579e-02,-3.157526e-01,-1.769579e-01,1.221895e+02,-5.050000e+01,2.033000e+02,2.975000e+02
-6.858182e-01,-6.000000e-04,6.499737e-02,-3.187105e-02,6.465520e+00,3.000000e+00,5.500000e+00,9.600000e+00,-4.583896e-02,-4.636579e-02,-2.750526e-01,-1.446579e-01,1.209329e+02,-4.620000e+01,2.033000e+02,2.927000e+02
-6.840980e-01,-1.100000e-03,7.119737e-02,-3.537105e-02,1.136113e+01,-7.000000e-01,8.100000e+00,1.190000e+01,-6.189519e-03,-5.965789e-03,-2.297526e-01,-1.037579e-01,1.140178e+02,-3.940000e+01,2.115000e+02,2.828000e+02
-6.836740e-01,-6.000000e-04,7.769737e-02,-4.007105e-02,1.460525e+01,-3.800000e+00,8.700000e+00,1.340000e+01,3.261561e-02,4.813421e-02,-1.809526e-01,-5.795789e-02,1.008255e+02,-3.520000e+01,2.264000e+02,2.709000e+02
-6.821842e-01,-8.000000e-04,8.459737e-02,-4.417105e-02,2.177682e+01,-1.030000e+01,1.020000e+01,1.700000e+01,1.061640e-01,1.546342e-01,-1.566526e-01,3.842105e-03,9.323300e+01,-3.470000e+01,2.326000e+02,2.646000e+02
-6.804655e-01,-5.000000e-04,9.219737e-02,-4.787105e-02,2.178548e+01,-1.030000e+01,1.020000e+01,1.700000e+01,1.839916e-01,2.803342e-01,-1.487526e-01,7.084211e-02,7.698301e+01,-3.720000e+01,2.455000e+02,2.528000e+02
-6.768991e-01,-9.000000e-04,1.040974e-01,-5.187105e-02,3.631778e+01,-2.320000e+01,1.380000e+01,2.430000e+01,2.469480e-01,4.069342e-01,-1.461526e-01,1.358421e-01,6.231965e+01,-3.770000e+01,2.531000e+02,2.393000e+02
-6.733327e-01,-2.400000e-03,1.093974e-01,-5.357105e-02,4.086485e+01,-2.740000e+01,1.390000e+01,2.700000e+01,2.772269e-01,5.163342e-01,-1.306526e-01,1.936421e-01,5.468308e+01,-4.040000e+01,2.513000e+02,2.299000e+02
-6.727318e-01,-1.000000e-03,1.094974e-01,-5.417105e-02,4.132748e+01,-2.610000e+01,1.450000e+01,2.860000e+01,2.811892e-01,6.089342e-01,-1.146526e-01,2.400421e-01,4.720171e+01,-4.620000e+01,2.409000e+02,2.163000e+02
-6.730516e-01,1.000000e-03,1.016974e-01,-5.137105e-02,3.813912e+01,-2.340000e+01,1.310000e+01,2.720000e+01,2.669559e-01,7.010342e-01,-1.022526e-01,2.728421e-01,4.203426e+01,-5.610000e+01,2.185000e+02,1.986000e+02
-6.748249e-01,3.600000e-03,8.109737e-02,-4.367105e-02,2.690888e+01,-1.390000e+01,7.900000e+00,2.240000e+01,2.217513e-01,8.037342e-01,-7.215263e-02,2.897421e-01,4.071271e+01,-6.120000e+01,2.055000e+02,1.897000e+02
-6.745688e-01,6.500000e-03,6.569737e-02,-3.617105e-02,1.944886e+01,-6.200000e+00,4.100000e+00,2.070000e+01,1.529246e-01,9.244342e-01,-3.265263e-02,2.888421e-01,3.392709e+01,-5.750000e+01,1.819000e+02,1.658000e+02
-6.706157e-01,7.800000e-03,5.599737e-02,-2.837105e-02,1.180286e+01,3.700000e+00,1.500000e+00,2.010000e+01,5.504606e-02,1.061234e+00,1.314737e-02,2.598421e-01,1.650894e+01,-2.320000e+01,1.697000e+02,1.341000e+02
-6.658824e-01,9.300000e-03,4.819737e-02,-2.157105e-02,9.081763e+00,9.600000e+00,-2.500000e+00,2.380000e+01,-8.859022e-02,1.191934e+00,8.114737e-02,1.882421e-01,-8.503978e+00,1.730000e+01,1.553000e+02,9.290000e+01
-6.619660e-01,1.140000e-02,3.889737e-02,-1.447105e-02,9.111574e+00,9.600000e+00,-2.500000e+00,2.380000e+01,-2.727145e-01,1.312834e+00,1.722474e-01,7.164211e-02,-2.705817e+01,4.040000e+01,1.239000e+02,4.970000e+01
-6.580827e-01,1.340000e-02,2.969737e-02,-7.471053e-03,9.141670e+00,9.600000e+00,-2.500000e+00,2.380000e+01,-4.795301e-01,1.434734e+00,2.754474e-01,-8.265789e-02,-3.535688e+01,5.840000e+01,8.130000e+01,1.230000e+01
-6.551942e-01,1.490000e-02,1.789737e-02,-7.710526e-04,9.172027e+00,9.600000e+00,-2.500000e+00,2.380000e+01,-6.908577e-01,1.548534e+00,3.913474e-01,-2.558579e-01,-3.420595e+01,7.040000e+01,3.510000e+01,-1.550000e+01
-6.481582e-01,1.510000e-02,1.069737e-02,5.028947e-03,6.415391e-02,1.970000e+01,-1.590000e+01,2.740000e+01,-8.977140e-01,1.649634e+00,5.130474e-01,-4.305579e-01,-2.641423e+01,7.280000e+01,1.220000e+01,-2.060000e+01
-6.389625e-01,1.320000e-02,2.997368e-03,1.182895e-02,-2.222800e+00,2.050000e+01,-1.960000e+01,2.690000e+01,-1.081587e+00,1.740434e+00,6.365474e-01,-5.979579e-01,-6.338733e+00,7.520000e+01,-3.340000e+01,-2.470000e+01
-6.270807e-01,1.130000e-02,5.973684e-04,1.822895e-02,-6.357642e+00,2.150000e+01,-2.630000e+01,2.570000e+01,-1.227882e+00,1.822434e+00,7.443474e-01,-7.515579e-01,5.660388e+00,8.130000e+01,-7.090000e+01,-3.270000e+01
-6.123477e-01,1.070000e-02,1.169737e-02,2.002895e-02,-1.140072e+01,2.500000e+01,-3.410000e+01,2.610000e+01,-1.334178e+00,1.882134e+00,8.318474e-01,-8.863579e-01,7.721685e+00,8.510000e+01,-9.330000e+01,-4.310000e+01
-5.924461e-01,6.100000e-03,1.619737e-02,2.722895e-02,-1.606482e+01,2.780000e+01,-4.550000e+01,2.870000e+01,-1.407923e+00,1.901934e+00,9.127474e-01,-1.006258e+00,-1.991463e+01,4.460000e+01,-1.163000e+02,-8.670000e+01
-5.757358e-01,7.300000e-03,2.399737e-02,2.972895e-02,-2.102104e+01,3.520000e+01,-5.650000e+01,3.460000e+01,-1.474290e+00,1.857534e+00,1.019847e+00,-1.084258e+00,-6.757749e+00,-2.450000e+01,-1.050000e+02,-6.270000e+01
-5.548078e-01,4.300000e-03,2.439737e-02,3.772895e-02,-2.411913e+01,3.860000e+01,-6.380000e+01,3.750000e+01,-1.289083e+00,1.654034e+00,9.498474e-01,-9.607579e-01,-4.301605e+00,-5.540000e+01,-1.267000e+02,-6.930000e+01
-5.169983e-01,-2.600000e-03,3.599737e-02,5.392895e-02,-2.828628e+01,3.810000e+01,-8.710000e+01,4.600000e+01,-8.775348e-01,1.230034e+00,6.241474e-01,-6.941579e-01,-1.914571e+02,3.020000e+01,-5.520000e+01,-2.530000e+02
-4.711672e-01,-9.400000e-03,5.539737e-02,6.862895e-02,-2.733122e+01,3.510000e+01,-1.156000e+02,6.350000e+01,-5.523184e-01,9.153342e-01,4.218474e-01,-4.980579e-01,-3.192996e+01,6.230000e+01,-3.004000e+02,-2.071000e+02
-4.256689e-01,-1.040000e-02,7.849737e-02,7.852895e-02,-2.279601e+01,4.600000e+01,-1.319000e+02,8.860000e+01,-3.989737e-01,8.786342e-01,3.415474e-01,-4.459579e-01,1.214648e+01,4.740000e+01,-2.809000e+02,-1.431000e+02
-3.700073e-01,-2.010000e-02,1.096974e-01,8.352895e-02,-1.973754e+01,5.280000e+01,-1.564000e+02,1.139000e+02,-2.085277e-01,9.105342e-01,2.194474e-01,-3.536579e-01,1.310607e+00,1.242000e+02,-1.556000e+02,-1.128000e+02
-3.112249e-01,-2.330000e-02,1.366974e-01,9.262895e-02,-2.149237e+01,5.410000e+01,-1.863000e+02,1.327000e+02,1.952707e-02,8.578342e-01,6.304737e-02,-1.671579e-01,-9.394131e+00,1.030000e+02,-3.500000e+01,-6.040000e+01
-2.500564e-01,-2.780000e-02,1.634974e-01,1.006289e-01,-2.096626e+01,5.220000e+01,-2.040000e+02,1.446000e+02,1.363278e-01,7.177342e-01,3.094737e-02,-7.357895e-03,-3.420763e+01,5.730000e+01,1.410000e+01,-5.160000e+01
-1.787870e-01,-3.420000e-02,1.988974e-01,1.078289e-01,-1.605531e+01,4.090000e+01,-2.389000e+02,1.701000e+02,2.151984e-01,5.317342e-01,-2.085263e-02,1.163421e-01,-3.561545e+01,3.570000e+01,7.600000e+00,-4.910000e+01
-1.123799e-01,-3.640000e-02,2.356974e-01,1.115289e-01,-1.605304e+01,4.090000e+01,-2.389000e+02,1.701000e+02,3.179113e-01,3.883342e-01,-1.415526e-01,2.263421e-01,-1.387385e+01,1.140000e+01,-2.300000e+00,-2.060000e+01
-5.152424e-02,-3.850000e-02,2.437974e-01,1.164289e-01,-1.672466e+01,4.570000e+01,-3.144000e+02,2.265000e+02,4.166245e-01,2.607342e-01,-3.021526e-01,3.118421e-01,4.292210e+00,1.380000e+01,-6.400000e+00,-2.500000e+00
5.689012e-03,-4.260000e-02,2.314974e-01,1.321289e-01,-2.208012e+01,4.900000e+01,-3.490000e+02,2.464000e+02,3.455652e-01,2.716342e-01,-2.675526e-01,2.408421e-01,7.766468e-01,2.700000e+00,-6.000000e+00,-2.600000e+00
4.375317e-02,-4.400000e-02,2.325974e-01,1.163289e-01,-1.080833e+01,2.510000e+01,-3.811000e+02,2.806000e+02,1.649455e-01,5.150342e-01,-3.052632e-03,6.404211e-02,-3.958704e+00,-7.100000e+00,1.600000e+00,-1.400000e+00
8.369016e-02,-4.180000e-02,2.607974e-01,8.922895e-02,1.378041e+01,-5.900000e+00,-3.873000e+02,3.140000e+02,9.241922e-02,6.393342e-01,1.008474e-01,-1.855789e-02,-5.245965e-01,-2.900000e+00,0.000000e+00,4.000000e-01
1.318372e-01,-3.890000e-02,3.268974e-01,5.322895e-02,2.915272e+01,-2.880000e+01,-3.899000e+02,3.364000e+02,1.237091e-01,4.859342e-01,8.404737e-02,6.124211e-02,1.418223e+00,-2.500000e+00,-9.000000e-01,2.100000e+00
2.009449e-01,-1.870000e-02,4.156974e-01,3.492895e-02,4.558008e+01,-7.870000e+01,-4.122000e+02,3.820000e+02,9.014752e-02,2.654342e-01,1.031474e-01,1.069421e-01,-1.763648e+00,-7.100000e+00,2.200000e+00,1.400000e+00
2.328707e-01,3.100000e-02,4.722974e-01,5.289474e-04,6.484873e+01,-1.436000e+02,-3.873000e+02,4.067000e+02,-8.410367e-03,1.330342e-01,1.363474e-01,5.444211e-02,-3.272433e+00,-8.300000e+00,4.300000e+00,1.000000e+00
2.870600e-01,1.879000e-01,4.974974e-01,-2.507105e-02,2.376300e+01,-1.724000e+02,-3.484000e+02,3.396000e+02,-1.809988e-02,8.313421e-02,5.164737e-02,2.404211e-02,-2.975415e+00,-1.000000e+01,1.400000e+00,7.000000e-01
4.591163e-01,4.556000e-01,5.344974e-01,1.102895e-02,3.248629e+01,-6.900000e+00,-2.479000e+02,2.046000e+02,-3.475119e-03,8.683421e-02,-6.252632e-03,1.414211e-02,-3.204571e+00,-1.070000e+01,1.400000e+00,7.000000e-01
6.681272e-01,6.891000e-01,5.398974e-01,1.331289e-01,1.770301e+02,2.128000e+02,2.340000e+01,9.540000e+01,-2.035045e-02,5.623421e-02,2.747368e-03,9.142105e-03,-2.739293e+00,-8.500000e+00,1.700000e+00,6.000000e-01
8.205152e-01,8.013000e-01,5.826974e-01,2.577289e-01,2.687290e+02,2.226000e+02,2.453000e+02,6.210000e+01,-3.321591e-02,3.923421e-02,2.234737e-02,8.542105e-03,-3.487877e+00,-6.500000e+00,1.600000e+00,-1.000000e+00
9.208180e-01,8.276000e-01,7.405974e-01,2.882289e-01,2.795525e+02,1.720000e+02,2.944000e+02,7.010000e+01,-3.108221e-02,3.553421e-02,-3.552632e-03,7.421053e-04,-4.732679e+00,-5.900000e+00,2.600000e+00,-2.200000e+00
9.583439e-01,7.764000e-01,8.630974e-01,2.982289e-01,2.593808e+02,1.130000e+02,2.863000e+02,7.960000e+01,-2.986679e-02,2.483421e-02,-3.015263e-02,-6.057895e-03,-6.397419e+00,-1.000000e+00,1.800000e+00,-6.200000e+00
9.175056e-01,6.897000e-01,8.794974e-01,2.910289e-01,2.261175e+02,8.950000e+01,2.468000e+02,7.560000e+01,-3.063918e-02,2.073421e-02,-2.745263e-02,-4.757895e-03,-6.469219e+00,2.000000e+00,2.400000e+00,-7.100000e+00
8.536734e-01,6.072000e-01,8.497974e-01,2.838289e-01,1.990858e+02,6.200000e+01,2.373000e+02,5.900000e+01,-3.093097e-02,1.783421e-02,-3.045263e-02,-5.757895e-03,-5.836622e+00,4.600000e+00,2.900000e+00,-7.100000e+00
7.738981e-01,5.553000e-01,8.127974e-01,2.498289e-01,1.356341e+02,3.200000e+01,2.195000e+02,1.100000e+00,-2.907817e-02,1.633421e-02,-4.085263e-02,-7.957895e-03,-5.103945e+00,5.200000e+00,2.400000e+00,-6.700000e+00
7.170397e-01,4.664000e-01,8.171974e-01,2.258289e-01,1.357777e+02,3.200000e+01,2.195000e+02,1.100000e+00,-2.954392e-02,1.423421e-02,-3.835263e-02,-7.057895e-03,-4.554890e+00,5.100000e+00,1.800000e+00,-6.300000e+00
6.509066e-01,2.720000e-01,8.530974e-01,1.929289e-01,1.359573e+02,3.200000e+01,2.195000e+02,1.100000e+00,-3.097585e-02,1.693421e-02,-3.795263e-02,-9.957895e-03,-4.119386e+00,5.000000e+00,8.000000e-01,-6.200000e+00
5.102166e-01,-3.340000e-02,8.652974e-01,9.832895e-02,1.361944e+02,3.200000e+01,2.195000e+02,1.100000e+00,-2.978062e-02,1.753421e-02,-3.975263e-02,-1.005789e-02,-3.928949e+00,4.800000e+00,-1.000000e-01,-6.300000e+00
3.428629e-01,-3.045000e-01,9.091974e-01,-8.227105e-02,1.364777e+02,3.200000e+01,2.195000e+02,1.100000e+00,-2.947153e-02,1.813421e-02,-3.155263e-02,-6.957895e-03,-3.119690e+00,1.600000e+00,-1.500000e+00,-4.800000e+00
1.974880e-01,-4.592000e-01,9.359974e-01,-2.619711e-01,1.367737e+02,3.200000e+01,2.195000e+02,1.100000e+00,-2.898719e-02,1.823421e-02,-2.425263e-02,-3.857895e-03,-3.117567e+00,1.600000e+00,-1.500000e+00,-4.800000e+00
7.009172e-02,-4.875000e-01,8.202974e-01,-3.441711e-01,-1.182700e+02,2.210000e+01,1.770000e+02,-2.890000e+02,-2.937277e-02,1.743421e-02,-1.815263e-02,-1.957895e-03,-9.133108e-01,-3.300000e+00,-4.200000e+00,-1.600000e+00
-2.610446e-02,-4.446000e-01,6.958974e-01,-3.817711e-01,-1.289252e+02,4.100000e+01,1.690000e+02,-2.991000e+02,-2.946873e-02,1.903421e-02,-1.115263e-02,-2.578947e-04,-2.204239e-01,-3.400000e+00,-5.000000e+00,-1.100000e+00
-6.664886e-02,-3.733000e-01,6.318974e-01,-3.843711e-01,-1.280142e+02,5.320000e+01,1.595000e+02,-2.916000e+02,-2.992747e-02,1.963421e-02,-4.852632e-03,1.042105e-03,-4.572800e-02,-3.400000e+00,-6.200000e+00,-1.400000e+00
-9.445658e-02,-2.971000e-01,5.765974e-01,-3.622711e-01,-1.225976e+02,5.480000e+01,1.590000e+02,-2.848000e+02,-2.946400e-02,1.873421e-02,-3.652632e-03,1.842105e-03,2.475708e-01,-3.700000e+00,-6.100000e+00,-9.000000e-01
-1.293017e-01,-2.266000e-01,5.016974e-01,-3.184711e-01,-1.069973e+02,5.470000e+01,1.680000e+02,-2.725000e+02,-2.926456e-02,2.123421e-02,-2.452632e-03,9.421053e-04,-1.651830e+00,-3.700000e+00,-7.100000e+00,-3.500000e+00
-1.755551e-01,-1.361000e-01,4.272974e-01,-2.699711e-01,-8.714583e+01,5.040000e+01,1.837000e+02,-2.607000e+02,-2.968099e-02,2.033421e-02,-2.852632e-03,4.210526e-05,-1.992134e+00,-2.600000e+00,-5.200000e+00,-3.500000e+00
-2.285766e-01,-4.110000e-02,3.644974e-01,-2.212711e-01,-6.836074e+01,4.020000e+01,1.955000e+02,-2.484000e+02,-2.891012e-02,2.123421e-02,-6.152632e-03,-1.457895e-03,-2.521173e+00,-1.600000e+00,-5.700000e+00,-4.700000e+00
-2.941816e-01,5.430000e-02,3.007974e-01,-1.715711e-01,-6.221540e+01,3.780000e+01,1.987000e+02,-2.438000e+02,-2.888747e-02,2.163421e-02,-9.552632e-03,-3.657895e-03,-2.524787e+00,-1.600000e+00,-5.700000e+00,-4.700000e+00
-3.721404e-01,1.498000e-01,2.369974e-01,-1.219711e-01,-6.210403e+01,3.780000e+01,1.987000e+02,-2.438000e+02,-2.833234e-02,2.183421e-02,-1.675263e-02,-6.757895e-03,-2.527512e+00,-1.600000e+00,-5.700000e+00,-4.700000e+00
-4.616980e-01,2.453000e-01,1.732974e-01,-7.237105e-02,-6.204145e+01,3.780000e+01,1.987000e+02,-2.438000e+02,-2.775659e-02,2.213421e-02,-2.395263e-02,-9.857895e-03,-2.529351e+00,-1.600000e+00,-5.700000e+00,-4.700000e+00
-5.286674e-01,3.057000e-01,1.618974e-01,-4.137105e-02,-6.199625e+01,3.780000e+01,1.987000e+02,-2.438000e+02,-2.626019e-02,2.313421e-02,-2.725263e-02,-1.065789e-02,-3.679612e+00,-3.000000e-01,-7.500000e+00,-7.300000e+00
-5.971320e-01,4.020000e-01,1.864974e-01,-2.371053e-03,-9.322355e+01,5.700000e+01,1.920000e+02,-2.720000e+02,-2.495287e-02,2.383421e-02,-2.745263e-02,-1.035789e-02,-5.716802e+00,-2.600000e+00,-9.300000e+00,-9.500000e+00
-6.775374e-01,5.017000e-01,2.216974e-01,3.152895e-02,-9.317802e+01,5.700000e+01,1.920000e+02,-2.720000e+02,-2.237525e-02,2.563421e-02,-2.735263e-02,-8.957895e-03,-7.483611e+00,-4.400000e+00,-1.020000e+01,-1.120000e+01
-7.768844e-01,5.892000e-01,2.363974e-01,3.782895e-02,-1.214830e+02,7.630000e+01,1.331000e+02,-2.480000e+02,-1.976718e-02,2.793421e-02,-2.705263e-02,-7.757895e-03,-8.921364e+00,-6.600000e+00,-1.240000e+01,-1.290000e+01
-8.754226e-01,6.621000e-01,2.440974e-01,3.112895e-02,-1.294378e+02,7.440000e+01,9.510000e+01,-2.284000e+02,-1.543046e-02,2.853421e-02,-3.325263e-02,-6.757895e-03,-1.017794e+01,-6.100000e+00,-1.510000e+01,-1.570000e+01
-9.913534e-01,7.595000e-01,2.356974e-01,2.612895e-02,-1.343672e+02,6.450000e+01,6.120000e+01,-2.157000e+02,-8.955555e-03,3.203421e-02,-4.125263e-02,-5.357895e-03,-1.364782e+01,-6.400000e+00,-1.650000e+01,-2.020000e+01
-1.157120e+00,8.932000e-01,1.820974e-01,9.128947e-03,-1.192968e+02,4.990000e+01,4.750000e+01,-1.930000e+02,-4.176669e-03,3.143421e-02,-4.525263e-02,-2.557895e-03,-1.483946e+01,-5.200000e+00,-1.770000e+01,-2.260000e+01
-1.347101e+00,1.016300e+00,8.079737e-02,-3.227105e-02,-9.717775e+01,8.200000e+00,2.190000e+01,-1.777000e+02,-3.137536e-04,3.273421e-02,-4.555263e-02,-2.578947e-04,-1.530301e+01,-3.100000e+00,-2.210000e+01,-2.590000e+01
-1.527699e+00,1.129000e+00,-4.280263e-02,-7.717105e-02,-6.099456e+01,-3.350000e+01,-4.900000e+00,-1.389000e+02,4.230476e-03,3.513421e-02,-4.485263e-02,2.642105e-03,-1.557516e+01,-5.500000e+00,-2.640000e+01,-2.700000e+01
-1.720317e+00,1.283100e+00,-1.477026e-01,-1.244711e-01,-1.824067e+01,-6.660000e+01,-2.000000e+00,-1.051000e+02,9.645782e-03,3.533421e-02,-4.535263e-02,6.942105e-03,-1.709791e+01,-7.400000e+00,-2.960000e+01,-2.930000e+01
-1.950243e+00,1.464700e+00,-2.619026e-01,-1.941711e-01,4.238211e+00,-6.220000e+01,2.290000e+01,-8.100000e+01,1.490667e-02,3.693421e-02,-4.445263e-02,1.084211e-02,-1.508307e+01,-1.040000e+01,-3.720000e+01,-2.880000e+01
-2.182519e+00,1.597000e+00,-4.283026e-01,-2.893711e-01,-3.755535e+00,-2.520000e+01,2.860000e+01,-5.640000e+01,2.125271e-02,3.833421e-02,-4.465263e-02,1.554211e-02,-9.582871e+00,-1.060000e+01,-4.470000e+01,-2.540000e+01
-2.413054e+00,1.710200e+00,-6.144026e-01,-4.090711e-01,-4.015497e+00,-2.100000e+00,9.000000e+00,-1.580000e+01,2.624967e-02,3.733421e-02,-3.645263e-02,2.334211e-02,-8.700469e+00,-1.160000e+01,-4.970000e+01,-2.600000e+01
-2.623458e+00,1.816600e+00,-7.721026e-01,-5.403711e-01,7.627151e+00,-8.900000e+00,-1.270000e+01,1.190000e+01,3.451414e-02,4.013421e-02,-1.895263e-02,3.704211e-02,1.685798e-02,-1.280000e+01,-6.300000e+01,-2.070000e+01
-2.811654e+00,1.911000e+00,-9.325026e-01,-7.020711e-01,6.896550e+01,-7.960000e+01,-8.860000e+01,8.960000e+01,4.081093e-02,3.183421e-02,-6.852632e-03,5.174211e-02,8.207675e+00,-1.210000e+01,-7.510000e+01,-1.640000e+01
-2.980195e+00,1.969000e+00,-1.162103e+00,-9.336711e-01,2.095844e+02,-2.551000e+02,-2.529000e+02,2.466000e+02,5.692553e-02,3.023421e-02,8.647368e-03,7.644211e-02,1.739136e+01,-1.160000e+01,-9.770000e+01,-1.530000e+01
-2.933154e+00,1.906000e+00,-1.360603e+00,-1.017371e+00,2.306779e+02,-3.173000e+02,-3.486000e+02,2.839000e+02,7.362316e-02,3.133421e-02,2.174737e-02,1.001421e-01,1.732343e+01,-1.160000e+01,-9.770000e+01,-1.530000e+01
-2.699297e+00,1.949100e+00,-1.318103e+00,-7.297711e-01,3.592270e+02,-2.769000e+02,7.960000e+01,2.408000e+02,8.782564e-02,3.073421e-02,2.484737e-02,1.178421e-01,2.322554e+01,-2.740000e+01,-1.510000e+02,-2.260000e+01
-2.547114e+00,2.058400e+00,-1.031803e+00,-5.679711e-01,4.505704e+01,1.330000e+01,8.640000e+01,2.260000e+01,1.043564e-01,1.973421e-02,1.764737e-02,1.422421e-01,1.917833e+01,-4.080000e+01,-1.802000e+02,-3.270000e+01
-2.326550e+00,1.628100e+00,-1.094703e+00,-5.945711e-01,4.005833e+01,-7.130000e+01,-5.650000e+01,3.380000e+01,1.217919e-01,1.133421e-02,7.473684e-04,1.649421e-01,1.872635e+01,-4.340000e+01,-1.994000e+02,-4.040000e+01
-2.122799e+00,1.451500e+00,-1.050603e+00,-5.000711e-01,2.943001e+01,-5.370000e+01,-3.930000e+01,2.270000e+01,1.343564e-01,1.834211e-03,-2.625263e-02,1.820421e-01,9.739423e+00,-5.660000e+01,-2.386000e+02,-6.160000e+01
-1.937096e+00,1.345400e+00,-9.361026e-01,-3.863711e-01,-1.452681e+01,1.180000e+01,7.100000e+00,-1.500000e+01,1.389682e-01,-9.765789e-03,-6.295263e-02,1.920421e-01,-6.801679e+00,-7.170000e+01,-2.760000e+02,-9.090000e+01
-1.660325e+00,1.057600e+00,-8.518026e-01,-2.663711e-01,-4.207241e+00,2.980000e+01,1.700000e+00,1.470000e+01,1.414732e-01,-1.806579e-02,-1.114526e-01,1.992421e-01,-2.161605e+01,-7.780000e+01,-3.110000e+02,-1.247000e+02
-1.418447e+00,8.819000e-01,-7.380026e-01,-1.275711e-01,-1.156796e+00,3.060000e+01,7.300000e+00,1.620000e+01,1.278164e-01,-3.216579e-02,-1.616526e-01,1.991421e-01,-2.925125e+01,-7.570000e+01,-3.424000e+02,-1.551000e+02
-1.155367e+00,7.405000e-01,-5.746026e-01,3.662895e-02,-1.341931e+01,2.630000e+01,5.500000e+00,-2.500000e+00,9.940237e-02,-3.936579e-02,-1.888526e-01,1.964421e-01,-3.281859e+01,-7.290000e+01,-3.772000e+02,-1.835000e+02
-7.789912e-01,5.309000e-01,-3.397026e-01,2.644289e-01,-6.595018e+00,2.460000e+01,9.500000e+00,3.200000e+00,5.366535e-02,-5.276579e-02,-2.172526e-01,1.827421e-01,-3.279526e+01,-7.290000e+01,-3.772000e+02,-1.835000e+02
-5.475284e-01,4.075000e-01,-1.117026e-01,3.608289e-01,3.252453e+00,1.800000e+01,1.660000e+01,7.700000e+00,-8.570384e-03,-7.036579e-02,-2.374526e-01,1.705421e-01,-1.883119e+01,-7.220000e+01,-4.252000e+02,-1.873000e+02
-6.047620e-01,1.974000e-01,-6.270263e-02,1.034289e-01,4.902899e+00,1.250000e+01,1.480000e+01,7.000000e+00,-7.177210e-02,-9.506579e-02,-3.424526e-01,1.479421e-01,1.158897e+01,-2.910000e+01,-4.637000e+02,-2.250000e+02
-6.289676e-01,-7.260000e-02,-2.341026e-01,-2.327105e-02,7.180612e+00,3.500000e+00,1.260000e+01,4.900000e+00,-1.320446e-01,-8.956579e-02,-4.507526e-01,1.165421e-01,6.433050e+01,3.810000e+01,-5.069000e+02,-2.719000e+02
-6.337034e-01,1.502000e-01,-9.060263e-02,4.632895e-02,1.062231e+01,1.300000e+00,1.480000e+01,6.700000e+00,-1.465402e-01,-9.065789e-03,-5.327526e-01,8.464211e-02,1.557491e+02,1.266000e+02,-5.622000e+02,-2.811000e+02
-6.032370e-01,9.570000e-02,-3.580263e-02,1.562895e-02,1.152173e+01,-2.000000e+00,1.250000e+01,6.900000e+00,-4.108477e-02,1.940342e-01,-6.162526e-01,5.644211e-02,2.191675e+02,1.690000e+02,-5.967000e+02,-2.073000e+02
-5.592053e-01,-1.290000e-02,-1.810263e-02,-1.397105e-02,1.094905e+01,-4.100000e+00,9.800000e+00,6.200000e+00,1.749069e-01,4.739342e-01,-6.086526e-01,9.994211e-02,5.569780e+01,2.240000e+01,-3.678000e+02,-1.216000e+02
-5.875615e-01,8.030000e-02,4.539737e-02,-2.507105e-02,1.045409e+01,-5.000000e+00,7.400000e+00,6.300000e+00,4.144409e-01,7.520342e-01,-5.000526e-01,2.218421e-01,-1.026140e+02,-1.162000e+02,-1.515000e+02,-6.900000e+01
-5.702760e-01,6.530000e-02,6.859737e-02,-2.767105e-02,1.004434e+01,-4.800000e+00,7.200000e+00,6.000000e+00,6.320769e-01,9.223342e-01,-5.405526e-01,3.113421e-01,-2.484136e+02,-2.260000e+02,2.342000e+02,9.600000e+00
-5.467131e-01,1.300000e-02,4.579737e-02,-2.097105e-02,8.876228e+00,-3.400000e+00,6.700000e+00,5.700000e+00,7.641541e-01,9.685342e-01,-6.805526e-01,3.683421e-01,-2.118353e+02,-1.648000e+02,4.218000e+02,-3.830000e+01
-5.456645e-01,1.760000e-02,3.639737e-02,-1.227105e-02,8.639674e+00,-2.800000e+00,6.700000e+00,5.800000e+00,7.326871e-01,8.796342e-01,-7.648526e-01,3.670421e-01,-1.290977e+02,-7.050000e+01,4.107000e+02,-1.111000e+02
-5.423933e-01,1.820000e-02,3.689737e-02,-9.371053e-03,7.752917e+00,-1.200000e+00,6.400000e+00,5.900000e+00,5.682239e-01,6.877342e-01,-8.195526e-01,3.501421e-01,-1.200041e+02,-7.460000e+01,2.561000e+02,-1.124000e+02
-5.351966e-01,9.100000e-03,2.529737e-02,-9.710526e-04,8.509951e+00,-1.600000e+00,5.800000e+00,7.000000e+00,4.400512e-01,5.490342e-01,-7.565526e-01,3.463421e-01,-1.432765e+02,-1.181000e+02,1.267000e+02,-7.700000e+01
-5.320360e-01,3.800000e-03,1.309737e-02,5.028947e-03,9.396259e+00,-1.600000e+00,6.300000e+00,7.900000e+00,4.182354e-01,5.134342e-01,-7.139526e-01,3.448421e-01,-1.318495e+02,-1.193000e+02,1.110000e+02,-3.560000e+01
-5.284944e-01,3.300000e-03,1.659737e-02,5.528947e-03,1.035015e+01,-1.500000e+00,6.900000e+00,8.900000e+00,4.146144e-01,4.846342e-01,-7.220526e-01,3.338421e-01,-7.832349e+01,-6.600000e+01,1.837000e+02,-8.800000e+00
-5.268219e-01,2.000000e-04,1.069737e-02,7.228947e-03,1.065194e+01,-1.900000e+00,6.600000e+00,9.200000e+00,2.872902e-01,3.086342e-01,-7.074526e-01,3.193421e-01,1.161143e+01,1.370000e+01,2.744000e+02,5.720000e+01
-5.286440e-01,7.000000e-04,6.697368e-03,5.528947e-03,1.127659e+01,-2.300000e+00,6.700000e+00,9.700000e+00,3.697251e-02,5.034211e-03,-7.512526e-01,2.406421e-01,4.750531e+01,2.650000e+01,2.920000e+02,1.259000e+02
-5.280907e-01,9.000000e-04,7.797368e-03,3.828947e-03,1.116423e+01,-3.300000e+00,6.600000e+00,8.900000e+00,-2.371847e-01,-3.114658e-01,-8.686526e-01,8.164211e-02,5.946450e+01,1.000000e+01,2.834000e+02,1.878000e+02
-5.277966e-01,5.000000e-04,4.497368e-03,4.028947e-03,9.758163e+00,-2.500000e+00,6.000000e+00,7.900000e+00,-4.054041e-01,-5.084658e-01,-8.255526e-01,-4.745789e-02,7.040897e+01,-1.500000e+00,2.811000e+02,2.325000e+02
-5.252169e-01,-1.200000e-03,5.497368e-03,3.828947e-03,8.081303e+00,-1.400000e+00,5.300000e+00,6.800000e+00,-4.668890e-01,-5.748658e-01,-6.943526e-01,-1.431579e-01,7.745330e+01,-1.060000e+01,2.786000e+02,2.609000e+02
-5.248309e-01,-4.000000e-04,6.997368e-03,1.928947e-03,8.411692e+00,-1.000000e+00,5.000000e+00,7.700000e+00,-3.883034e-01,-5.067658e-01,-6.114526e-01,-1.727579e-01,7.796635e+01,-1.760000e+01,2.744000e+02,2.709000e+02
-5.230029e-01,-1.400000e-03,7.697368e-03,1.228947e-03,8.418565e+00,-1.000000e+00,5.000000e+00,7.700000e+00,-2.154651e-01,-3.213658e-01,-5.616526e-01,-1.790579e-01,7.437137e+01,-3.750000e+01,2.649000e+02,2.872000e+02
-5.207073e-01,-2.900000e-03,8.697368e-03,5.289474e-04,1.302857e+01,-4.200000e+00,6.400000e+00,1.090000e+01,-6.734352e-02,-1.633658e-01,-5.425526e-01,-1.739579e-01,7.050276e+01,-4.790000e+01,2.676000e+02,2.949000e+02
-5.178380e-01,-4.000000e-03,9.297368e-03,1.128947e-03,1.303351e+01,-4.200000e+00,6.400000e+00,1.090000e+01,-1.512504e-02,-1.141658e-01,-4.934526e-01,-1.612579e-01,6.789945e+01,-4.980000e+01,2.730000e+02,2.962000e+02
-5.157047e-01,-4.200000e-03,9.597368e-03,1.528947e-03,1.303841e+01,-4.200000e+00,6.400000e+00,1.090000e+01,-1.965134e-02,-1.352658e-01,-4.055526e-01,-1.292579e-01,6.867943e+01,-4.470000e+01,2.759000e+02,2.947000e+02
-5.122247e-01,-5.900000e-03,1.039737e-02,2.428947e-03,1.304327e+01,-4.200000e+00,6.400000e+00,1.090000e+01,-6.233277e-04,-1.220658e-01,-3.299526e-01,-8.585789e-02,6.679558e+01,-3.830000e+01,2.757000e+02,2.871000e+02
-5.089012e-01,-6.800000e-03,1.189737e-02,3.228947e-03,1.304808e+01,-4.200000e+00,6.400000e+00,1.090000e+01,5.099444e-02,-4.816579e-02,-2.741526e-01,-3.575789e-02,6.086283e+01,-3.760000e+01,2.726000e+02,2.769000e+02
-5.050618e-01,-8.700000e-03,8.297368e-03,6.528947e-03,1.999061e+01,-1.070000e+01,6.100000e+00,1.610000e+01,1.133162e-01,4.873421e-02,-2.335526e-01,2.584211e-02,5.847528e+01,-4.350000e+01,2.664000e+02,2.735000e+02
-5.020366e-01,-8.300000e-03,9.697368e-03,7.028947e-03,1.815367e+01,-1.050000e+01,4.400000e+00,1.480000e+01,1.933305e-01,1.506342e-01,-2.295526e-01,1.032421e-01,5.565634e+01,-3.850000e+01,2.616000e+02,2.639000e+02
-4.995613e-01,-7.900000e-03,9.397368e-03,7.828947e-03,1.815010e+01,-1.050000e+01,4.400000e+00,1.480000e+01,2.656646e-01,2.625342e-01,-2.238526e-01,1.856421e-01,5.993052e+01,-2.600000e+01,2.524000e+02,2.575000e+02
-4.979772e-01,-6.600000e-03,8.597368e-03,8.328947e-03,1.814646e+01,-1.050000e+01,4.400000e+00,1.480000e+01,3.170985e-01,3.758342e-01,-2.170526e-01,2.579421e-01,7.262349e+01,-1.040000e+01,2.259000e+02,2.496000e+02
-4.964628e-01,-5.300000e-03,7.797368e-03,8.728947e-03,1.814275e+01,-1.050000e+01,4.400000e+00,1.480000e+01,3.546988e-01,4.879342e-01,-2.128526e-01,3.224421e-01,8.523009e+01,-9.000000e-01,1.846000e+02,2.339000e+02
-4.940662e-01,-1.900000e-03,9.197368e-03,8.328947e-03,9.551296e+00,1.410000e+01,-3.200000e+00,2.400000e+01,3.748547e-01,6.322342e-01,-2.047526e-01,3.719421e-01,8.686999e+01,1.400000e+01,1.632000e+02,2.175000e+02
-4.885631e-01,0.000000e+00,1.319737e-02,8.428947e-03,9.752001e+00,1.680000e+01,-6.800000e+00,2.820000e+01,3.573425e-01,8.326342e-01,-1.901526e-01,3.882421e-01,8.087030e+01,2.650000e+01,1.631000e+02,2.077000e+02
-4.848010e-01,2.900000e-03,9.797368e-03,1.072895e-02,1.060245e+01,1.980000e+01,-8.700000e+00,3.240000e+01,2.730235e-01,1.065034e+00,-1.598526e-01,3.506421e-01,6.640847e+01,5.060000e+01,1.661000e+02,1.890000e+02
-4.810708e-01,5.800000e-03,6.397368e-03,1.302895e-02,1.065281e+01,1.980000e+01,-8.700000e+00,3.240000e+01,1.096244e-01,1.284334e+00,-1.044526e-01,2.511421e-01,4.770364e+01,4.970000e+01,1.570000e+02,1.601000e+02
-4.733241e-01,5.800000e-03,4.973684e-04,1.922895e-02,9.669463e+00,2.730000e+01,-1.350000e+01,3.880000e+01,-1.182730e-01,1.492634e+00,-2.925263e-02,9.054211e-02,3.746249e+01,3.480000e+01,1.263000e+02,1.277000e+02
-4.672822e-01,8.900000e-03,6.973684e-04,2.022895e-02,4.071894e+00,3.210000e+01,-1.970000e+01,3.820000e+01,-3.855406e-01,1.679634e+00,6.024737e-02,-1.213579e-01,3.914852e+01,2.700000e+01,7.470000e+01,9.580000e+01
-4.556534e-01,5.100000e-03,-6.902632e-03,2.882895e-02,-3.496613e+00,3.660000e+01,-2.760000e+01,3.590000e+01,-6.731001e-01,1.842034e+00,1.738474e-01,-3.679579e-01,4.395513e+01,2.970000e+01,1.640000e+01,6.380000e+01
-4.403496e-01,1.700000e-03,-1.040263e-02,3.852895e-02,-1.089789e+01,3.540000e+01,-3.870000e+01,3.260000e+01,-9.514050e-01,1.983434e+00,2.919474e-01,-6.178579e-01,3.932033e+01,3.010000e+01,-1.150000e+01,4.040000e+01
-4.264258e-01,-1.700000e-03,-2.340263e-02,5.152895e-02,-2.126864e+01,3.590000e+01,-5.150000e+01,2.760000e+01,-1.197635e+00,2.127234e+00,4.125474e-01,-8.522579e-01,5.420836e+01,2.510000e+01,-5.690000e+01,2.910000e+01
-4.056786e-01,-7.500000e-03,-2.980263e-02,6.612895e-02,-3.138330e+01,3.580000e+01,-6.570000e+01,2.370000e+01,-1.413598e+00,2.264734e+00,5.282474e-01,-1.078858e+00,3.932784e+01,2.380000e+01,-8.180000e+01,-4.100000e+00
-3.858690e-01,-1.390000e-02,-4.420263e-02,8.392895e-02,-3.699730e+01,3.790000e+01,-7.420000e+01,2.320000e+01,-1.573885e+00,2.327234e+00,6.269474e-01,-1.280458e+00,5.186181e+00,2.180000e+01,-1.010000e+02,-5.620000e+01
-3.637290e-01,-1.870000e-02,-5.480263e-02,1.007289e-01,-4.804401e+01,4.390000e+01,-9.240000e+01,2.440000e+01,-1.665643e+00,2.317334e+00,7.038474e-01,-1.438458e+00,-3.886875e+01,2.520000e+01,-1.108000e+02,-1.140000e+02
-3.354523e-01,-2.220000e-02,-5.300263e-02,1.144289e-01,-5.598472e+01,5.130000e+01,-1.126000e+02,3.190000e+01,-1.637069e+00,2.174334e+00,7.791474e-01,-1.449258e+00,-3.865533e+01,-1.040000e+01,-1.174000e+02,-1.160000e+02
-2.886663e-01,-3.160000e-02,-3.940263e-02,1.349289e-01,-6.182031e+01,4.310000e+01,-1.464000e+02,4.450000e+01,-1.242783e+00,1.755534e+00,6.213474e-01,-1.144858e+00,-1.994621e+02,8.440000e+01,-5.410000e+01,-2.743000e+02
-2.212773e-01,-4.310000e-02,3.597368e-03,1.515289e-01,-5.771172e+01,2.070000e+01,-1.866000e+02,6.910000e+01,-7.885635e-01,1.242934e+00,3.152474e-01,-8.651579e-01,-1.180300e+02,1.061000e+02,-2.434000e+02,-2.930000e+02
-1.607494e-01,-4.620000e-02,4.859737e-02,1.557289e-01,-4.715237e+01,2.350000e+01,-2.121000e+02,1.024000e+02,-6.189509e-01,1.089934e+00,2.639474e-01,-7.862579e-01,-2.368430e+01,7.690000e+01,-2.941000e+02,-2.061000e+02
-9.889649e-02,-4.750000e-02,1.028974e-01,1.514289e-01,-2.612104e+01,2.250000e+01,-2.276000e+02,1.403000e+02,-3.653938e-01,1.030934e+00,2.351474e-01,-5.588579e-01,-4.362722e+00,1.481000e+02,-1.678000e+02,-1.354000e+02
-3.431178e-02,-4.520000e-02,1.533974e-01,1.503289e-01,-3.100202e+01,1.890000e+01,-2.624000e+02,1.586000e+02,-1.637535e-01,8.086342e-01,1.864474e-01,-3.023579e-01,-1.029082e+01,1.563000e+02,-3.620000e+01,-7.930000e+01
3.653486e-02,-4.770000e-02,2.093974e-01,1.479289e-01,-2.262189e+01,1.260000e+01,-3.015000e+02,1.967000e+02,-1.731323e-02,5.748342e-01,1.625474e-01,-8.285789e-02,-2.569516e+01,9.950000e+01,-1.580000e+01,-6.930000e+01
9.790663e-02,-4.790000e-02,2.588974e-01,1.438289e-01,-2.262457e+01,1.260000e+01,-3.015000e+02,1.967000e+02,1.213968e-01,4.140342e-01,8.864737e-02,8.924211e-02,-1.407714e+01,4.240000e+01,-1.920000e+01,-3.860000e+01
1.464110e-01,-5.170000e-02,2.629974e-01,1.530289e-01,-2.001040e+01,2.550000e+01,-3.890000e+02,2.656000e+02,2.437889e-01,2.439342e-01,-2.305263e-02,2.369421e-01,3.043102e+00,2.830000e+01,-4.800000e+00,-8.200000e+00
1.863855e-01,-5.830000e-02,2.870974e-01,1.444289e-01,-1.096564e+01,1.070000e+01,-4.270000e+02,3.064000e+02,3.277154e-01,2.983421e-02,-7.555263e-02,3.827421e-01,2.691399e+00,3.080000e+01,5.300000e+00,-5.200000e+00
2.238301e-01,-6.540000e-02,3.449974e-01,1.211289e-01,9.664444e+00,-1.270000e+01,-4.458000e+02,3.512000e+02,3.553914e-01,-7.536579e-02,-1.455526e-01,4.207421e-01,-1.214711e+00,1.960000e+01,1.900000e+00,-7.200000e+00
2.639937e-01,-6.400000e-02,4.393974e-01,9.062895e-02,1.857852e+01,-2.600000e+01,-4.508000e+02,3.714000e+02,1.634484e-01,9.783421e-02,-3.645263e-02,1.894421e-01,-7.236033e+00,1.590000e+01,7.000000e+00,-1.070000e+01
3.017269e-01,-4.080000e-02,5.339974e-01,7.012895e-02,3.986263e+01,-7.650000e+01,-4.346000e+02,4.114000e+02,2.340892e-02,3.612342e-01,2.168474e-01,4.254211e-02,-3.508793e+00,2.210000e+01,8.300000e+00,-8.100000e+00
3.207058e-01,5.390000e-02,5.854974e-01,2.872895e-02,1.791346e+01,-1.613000e+02,-3.925000e+02,4.027000e+02,9.314042e-02,2.746342e-01,1.975474e-01,1.409421e-01,-6.620388e+00,1.810000e+01,9.300000e+00,-9.900000e+00
4.329095e-01,2.885000e-01,6.473974e-01,1.328947e-03,-4.423788e+01,-2.248000e+02,-3.647000e+02,3.444000e+02,3.665082e-02,1.045342e-01,1.465474e-01,1.136421e-01,-5.196847e+00,1.400000e+01,5.800000e+00,-8.300000e+00
6.691414e-01,5.597000e-01,6.882974e-01,8.452895e-02,5.331531e+01,8.300000e+00,-2.333000e+02,2.093000e+02,-2.166395e-03,1.074342e-01,1.134474e-01,5.564211e-02,-5.281145e+00,1.210000e+01,6.000000e+00,-7.700000e+00
9.037813e-01,7.831000e-01,6.018974e-01,2.697289e-01,2.906772e+02,2.512000e+02,1.552000e+02,1.059000e+02,-4.871842e-03,1.164342e-01,4.234737e-02,2.224211e-02,-3.624885e+00,8.300000e+00,5.700000e+00,-4.700000e+00
1.055344e+00,8.827000e-01,6.540974e-01,3.786289e-01,3.124390e+02,2.368000e+02,3.159000e+02,5.220000e+01,-1.364836e-02,4.893421e-02,1.784737e-02,2.564211e-02,-3.721781e+00,4.300000e+00,4.300000e+00,-4.000000e+00
1.130907e+00,8.656000e-01,8.510974e-01,3.833289e-01,2.773609e+02,2.042000e+02,3.071000e+02,3.400000e+01,-2.412519e-02,1.363421e-02,4.404737e-02,3.534211e-02,-4.280108e+00,4.400000e+00,3.400000e+00,-5.000000e+00
1.088813e+00,7.551000e-01,9.467974e-01,3.532289e-01,1.965956e+02,1.099000e+02,2.311000e+02,4.280000e+01,-2.248715e-02,2.373421e-02,2.794737e-02,2.754211e-02,-4.780750e+00,6.100000e+00,3.500000e+00,-6.100000e+00
9.915199e-01,6.210000e-01,9.675974e-01,3.101289e-01,1.413821e+02,3.510000e+01,1.592000e+02,6.830000e+01,-2.272786e-02,1.473421e-02,1.184737e-02,2.414211e-02,-6.313564e+00,9.000000e+00,4.300000e+00,-8.500000e+00
9.042224e-01,5.447000e-01,9.189974e-01,2.736289e-01,6.828765e+01,5.520000e+01,1.188000e+02,-2.210000e+01,-2.398682e-02,6.234211e-03,2.304737e-02,2.944211e-02,-7.469781e+00,1.160000e+01,4.500000e+00,-1.060000e+01
8.518104e-01,5.306000e-01,8.561974e-01,2.541289e-01,3.048521e+01,5.130000e+01,1.685000e+02,-1.049000e+02,-2.301175e-02,5.034211e-03,1.574737e-02,2.804211e-02,-7.518455e+00,1.560000e+01,4.800000e+00,-1.190000e+01
8.447208e-01,4.671000e-01,8.838974e-01,2.740289e-01,-1.388142e+01,1.010000e+01,2.091000e+02,-1.668000e+02,-2.326687e-02,6.034211e-03,7.647368e-03,2.434211e-02,-8.059552e+00,1.830000e+01,5.700000e+00,-1.310000e+01
7.503968e-01,2.291000e-01,8.894974e-01,2.803289e-01,-5.509771e+01,-2.100000e+00,2.142000e+02,-2.191000e+02,-2.498001e-02,5.834211e-03,8.047368e-03,2.244211e-02,-8.456217e+00,1.870000e+01,5.100000e+00,-1.390000e+01
5.829042e-01,-4.960000e-02,9.157974e-01,1.716289e-01,-5.459389e+01,-2.100000e+00,2.142000e+02,-2.191000e+02,-2.442815e-02,2.534211e-03,3.947368e-03,2.254211e-02,-8.075341e+00,1.730000e+01,4.000000e+00,-1.340000e+01
3.896326e-01,-2.914000e-01,9.728974e-01,-3.877105e-02,-7.444100e+01,2.390000e+01,2.272000e+02,-2.659000e+02,-2.490144e-02,1.534211e-03,4.547368e-03,2.234211e-02,-7.311580e+00,1.420000e+01,2.600000e+00,-1.200000e+01
2.252133e-01,-4.095000e-01,8.914974e-01,-1.727711e-01,-7.385858e+01,2.390000e+01,2.272000e+02,-2.659000e+02,-2.527531e-02,8.342105e-04,1.194737e-02,2.434211e-02,-6.520087e+00,1.010000e+01,-2.000000e-01,-1.070000e+01
9.280765e-02,-4.120000e-01,6.921974e-01,-2.141711e-01,-6.784359e+01,6.910000e+01,2.225000e+02,-2.683000e+02,-2.612812e-02,1.234211e-03,2.274737e-02,2.654211e-02,-5.949460e+00,8.500000e+00,-7.000000e-01,-9.700000e+00
5.355802e-02,-3.072000e-01,5.666974e-01,-1.949711e-01,-5.264325e+01,7.780000e+01,2.234000e+02,-2.522000e+02,-2.729657e-02,1.634211e-03,3.354737e-02,2.824211e-02,-4.999608e+00,4.900000e+00,-3.600000e+00,-8.400000e+00
3.991195e-02,-1.808000e-01,4.771974e-01,-1.473711e-01,-5.215561e+01,7.780000e+01,2.234000e+02,-2.522000e+02,-2.745588e-02,1.034211e-03,4.224737e-02,3.064211e-02,-5.100973e+00,3.400000e+00,-4.500000e+00,-8.300000e+00
2.529798e-02,-8.550000e-02,4.080974e-01,-9.187105e-02,-2.823374e+01,8.880000e+01,2.325000e+02,-2.300000e+02,-2.732325e-02,1.634211e-03,4.874737e-02,3.214211e-02,-5.724760e+00,1.400000e+00,-6.000000e+00,-8.800000e+00
-2.497129e-02,-6.210000e-02,3.286974e-01,-5.837105e-02,-1.634905e+01,9.100000e+01,2.380000e+02,-2.195000e+02,-2.740742e-02,2.134211e-03,5.284737e-02,3.264211e-02,-6.645844e+00,2.700000e+00,-5.200000e+00,-1.000000e+01
-1.077514e-01,-6.830000e-02,2.084974e-01,-2.637105e-02,-1.115417e+01,8.790000e+01,2.381000e+02,-2.132000e+02,-2.762352e-02,2.734211e-03,5.504737e-02,3.234211e-02,-8.324730e+00,3.100000e+00,-4.300000e+00,-1.170000e+01
-1.857768e-01,-3.000000e-02,1.044974e-01,1.352895e-02,-1.638420e+01,8.400000e+01,2.321000e+02,-2.156000e+02,-2.842866e-02,3.734211e-03,5.524737e-02,3.054211e-02,-8.153159e+00,3.200000e+00,-5.400000e+00,-1.190000e+01
-2.727321e-01,8.400000e-03,3.973684e-04,5.332895e-02,-1.638465e+01,8.400000e+01,2.321000e+02,-2.156000e+02,-2.770228e-02,3.834211e-03,5.264737e-02,2.984211e-02,-7.477231e+00,4.500000e+00,-5.700000e+00,-1.170000e+01
-3.064725e-01,6.270000e-02,-3.302632e-03,9.082895e-02,-1.638713e+01,8.400000e+01,2.321000e+02,-2.156000e+02,-2.627488e-02,5.634211e-03,4.704737e-02,2.834211e-02,-7.578462e+00,4.400000e+00,-6.400000e+00,-1.200000e+01
-3.387361e-01,1.518000e-01,9.597368e-03,1.434289e-01,-5.940886e+01,7.100000e+01,2.027000e+02,-2.543000e+02,-2.546396e-02,7.034211e-03,4.394737e-02,2.704211e-02,-8.148304e+00,2.500000e+00,-8.100000e+00,-1.250000e+01
-3.845557e-01,2.583000e-01,3.639737e-02,1.902289e-01,-6.700204e+01,7.420000e+01,1.943000e+02,-2.557000e+02,-2.397685e-02,9.534211e-03,4.074737e-02,2.594211e-02,-8.023839e+00,5.000000e-01,-1.110000e+01,-1.260000e+01
-4.620788e-01,3.708000e-01,4.709737e-02,2.253289e-01,-8.323884e+01,8.380000e+01,1.725000e+02,-2.531000e+02,-2.204388e-02,1.133421e-02,3.894737e-02,2.604211e-02,-8.027897e+00,5.000000e-01,-1.110000e+01,-1.260000e+01
-5.688316e-01,5.016000e-01,4.049737e-02,2.570289e-01,-9.775294e+01,8.830000e+01,1.458000e+02,-2.456000e+02,-1.902272e-02,1.203421e-02,3.844737e-02,2.784211e-02,-1.060584e+01,-9.400000e+00,-1.850000e+01,-1.420000e+01
-6.905844e-01,6.378000e-01,3.859737e-02,2.724289e-01,-8.673369e+01,6.620000e+01,1.313000e+02,-2.290000e+02,-1.548695e-02,1.283421e-02,3.924737e-02,3.054211e-02,-1.154991e+01,-1.250000e+01,-2.040000e+01,-1.470000e+01
-8.543105e-01,8.207000e-01,3.709737e-02,2.654289e-01,-7.597817e+01,3.840000e+01,1.175000e+02,-2.195000e+02,-1.066097e-02,1.303421e-02,4.304737e-02,3.574211e-02,-1.167285e+01,-1.490000e+01,-2.440000e+01,-1.520000e+01
-1.074516e+00,1.014900e+00,-8.302632e-03,2.223289e-01,-6.818585e+01,9.200000e+00,9.660000e+01,-2.106000e+02,-5.142211e-03,1.263421e-02,4.594737e-02,4.154211e-02,-1.160966e+01,-1.740000e+01,-2.920000e+01,-1.570000e+01
-1.308172e+00,1.184500e+00,-8.810263e-02,1.494289e-01,-6.964324e+01,-2.220000e+01,5.000000e+01,-1.953000e+02,1.931795e-03,1.143421e-02,5.114737e-02,5.004211e-02,-1.072379e+01,-2.030000e+01,-3.520000e+01,-1.550000e+01
-1.559151e+00,1.359300e+00,-1.732026e-01,4.842895e-02,-7.187907e+01,-3.320000e+01,2.790000e+01,-1.880000e+02,9.832916e-03,1.323421e-02,5.664737e-02,5.824211e-02,-6.855425e+00,-2.230000e+01,-4.400000e+01,-1.320000e+01
-1.833187e+00,1.549600e+00,-2.666026e-01,-8.467105e-02,-7.538855e+01,-3.910000e+01,-1.000000e+00,-1.722000e+02,1.622632e-02,1.023421e-02,6.084737e-02,6.614211e-02,-2.410237e+00,-2.380000e+01,-5.420000e+01,-1.090000e+01
-2.109561e+00,1.698400e+00,-3.936026e-01,-2.503711e-01,-8.011295e+01,-2.500000e+01,-1.830000e+01,-1.490000e+02,2.400485e-02,9.034211e-03,6.864737e-02,7.614211e-02,3.293889e+00,-2.490000e+01,-6.310000e+01,-6.900000e+00
-2.357799e+00,1.819300e+00,-5.254026e-01,-4.144711e-01,-8.886685e+01,-1.400000e+00,-4.030000e+01,-1.188000e+02,3.184327e-02,5.834211e-03,7.714737e-02,8.754211e-02,7.244302e+00,-2.430000e+01,-6.900000e+01,-4.600000e+00
-2.574320e+00,1.919000e+00,-6.488026e-01,-5.742711e-01,-8.398582e+01,1.320000e+01,-5.600000e+01,-8.110000e+01,4.100694e-02,3.434211e-03,8.514737e-02,1.000421e-01,1.626227e+01,-2.160000e+01,-8.300000e+01,-2.000000e-01
-2.748821e+00,1.991300e+00,-7.545026e-01,-7.271711e-01,-6.020622e+01,7.000000e+00,-6.940000e+01,-3.640000e+01,4.961498e-02,2.934211e-03,9.564737e-02,1.121421e-01,2.358985e+01,-2.180000e+01,-9.830000e+01,3.100000e+00
-2.875354e+00,2.012600e+00,-8.568026e-01,-8.644711e-01,-4.458766e+01,1.000000e+00,-7.470000e+01,-1.230000e+01,5.731185e-02,1.434211e-03,1.020474e-01,1.226421e-01,2.851229e+01,-2.450000e+01,-1.150000e+02,4.300000e+00
-2.930856e+00,1.968700e+00,-9.545026e-01,-9.665711e-01,-1.218065e+01,-5.100000e+00,-7.730000e+01,3.680000e+01,6.325719e-02,6.342105e-04,1.045474e-01,1.300421e-01,2.837267e+01,-3.300000e+01,-1.333000e+02,1.900000e+00
-2.904436e+00,1.900900e+00,-9.984026e-01,-1.016971e+00,2.649613e+01,-2.720000e+01,-9.050000e+01,8.800000e+01,6.901715e-02,1.134211e-03,1.035474e-01,1.363421e-01,2.298011e+01,-4.750000e+01,-1.508000e+02,-3.200000e+00
-2.750830e+00,1.810700e+00,-9.712026e-01,-9.986711e-01,9.396318e+01,-1.380000e+02,-1.798000e+02,1.614000e+02,7.512460e-02,1.334211e-03,9.294737e-02,1.407421e-01,1.979243e+01,-5.550000e+01,-1.611000e+02,-6.400000e+00
-2.330805e+00,1.493700e+00,-9.579026e-01,-7.849711e-01,1.759014e+02,-1.688000e+02,-2.002000e+02,2.748000e+02,9.051139e-02,-3.065789e-03,7.384737e-02,1.578421e-01,1.745394e+01,-6.380000e+01,-1.891000e+02,-1.540000e+01
-1.797523e+00,1.112600e+00,-8.037026e-01,-5.309711e-01,2.314087e+02,-1.703000e+02,-1.544000e+02,3.202000e+02,1.065753e-01,-9.765789e-03,4.084737e-02,1.743421e-01,2.170269e+01,-5.750000e+01,-2.273000e+02,-3.010000e+01
-1.576323e+00,1.099300e+00,-6.986026e-01,-3.572711e-01,2.011828e+02,-1.930000e+02,2.000000e-01,1.549000e+02,1.104636e-01,-1.696579e-02,-5.526316e-04,1.765421e-01,4.495382e+00,-7.650000e+01,-2.672000e+02,-5.640000e+01
-1.372822e+00,1.174800e+00,-4.789026e-01,-2.030711e-01,1.046606e+02,-1.236000e+02,1.870000e+01,5.430000e+01,1.126237e-01,-2.256579e-02,-4.935263e-02,1.782421e-01,-2.180791e+01,-1.002000e+02,-3.034000e+02,-9.000000e+01
-1.186209e+00,1.045500e+00,-4.587026e-01,-4.787105e-02,2.890964e+01,-4.930000e+01,1.360000e+01,7.000000e-01,1.067820e-01,-3.216579e-02,-9.775263e-02,1.820421e-01,-4.278476e+01,-1.139000e+02,-3.412000e+02,-1.263000e+02
-9.237912e-01,7.622000e-01,-4.399026e-01,1.134289e-01,3.574964e+01,-1.340000e+01,6.000000e+00,3.560000e+01,9.735315e-02,-4.286579e-02,-1.670526e-01,1.851421e-01,-4.565242e+01,-9.550000e+01,-3.784000e+02,-1.692000e+02
-7.111600e-01,5.960000e-01,-3.541026e-01,2.393289e-01,2.117331e+01,9.400000e+00,7.600000e+00,2.850000e+01,6.792551e-02,-5.746579e-02,-2.300526e-01,1.808421e-01,-4.791309e+01,-9.110000e+01,-3.967000e+02,-1.884000e+02
-5.350888e-01,4.802000e-01,-2.346026e-01,3.278289e-01,1.212064e+00,1.610000e+01,6.900000e+00,6.400000e+00,1.693155e-02,-7.386579e-02,-2.749526e-01,1.762421e-01,-5.592658e+01,-9.680000e+01,-4.352000e+02,-2.174000e+02
-3.811492e-01,3.510000e-01,-1.373026e-01,3.942289e-01,-6.872971e-01,1.510000e+01,8.100000e+00,2.500000e+00,-5.617932e-02,-9.706579e-02,-2.942526e-01,1.875421e-01,-4.666094e+01,-9.160000e+01,-4.753000e+02,-2.318000e+02
-2.936395e-01,2.452000e-01,-9.530263e-02,4.233289e-01,3.628820e+00,1.480000e+01,1.410000e+01,4.100000e+00,-1.475428e-01,-1.228658e-01,-3.644526e-01,1.795421e-01,6.266660e+00,-2.590000e+01,-5.186000e+02,-2.713000e+02
-4.147786e-01,3.587000e-01,-2.500263e-02,2.827289e-01,4.989271e+00,1.270000e+01,1.480000e+01,4.200000e+00,-2.278394e-01,-1.071658e-01,-4.701526e-01,1.406421e-01,8.589050e+01,4.500000e+01,-5.993000e+02,-2.835000e+02
-6.286801e-01,5.209000e-01,-8.730263e-02,1.338289e-01,5.017085e+00,1.270000e+01,1.480000e+01,4.200000e+00,-1.861027e-01,4.693421e-02,-5.603526e-01,5.944211e-02,1.527900e+02,7.920000e+01,-6.601000e+02,-1.844000e+02
-5.761279e-01,3.206000e-01,-8.410263e-02,8.472895e-02,1.384230e+01,-1.900000e+00,1.240000e+01,9.100000e+00,7.683307e-03,3.265342e-01,-6.630526e-01,4.084211e-02,1.205292e+02,5.220000e+01,-5.819000e+02,-1.399000e+02
-5.295210e-01,4.740000e-02,-1.854026e-01,5.522895e-02,1.525405e+01,-5.500000e+00,1.120000e+01,9.700000e+00,2.444491e-01,6.054342e-01,-6.352526e-01,1.383421e-01,-1.093418e+02,-1.348000e+02,-2.039000e+02,-4.190000e+01
-4.679243e-01,-1.780000e-02,-7.590263e-02,2.542895e-02,1.511365e+01,-7.900000e+00,9.900000e+00,9.000000e+00,5.140009e-01,8.463342e-01,-6.308526e-01,2.564421e-01,-2.428581e+02,-2.210000e+02,1.982000e+02,7.000000e-01
-4.868234e-01,8.120000e-02,2.829737e-02,-1.367105e-02,1.362579e+01,-8.700000e+00,9.100000e+00,7.100000e+00,6.855113e-01,9.376342e-01,-7.397526e-01,3.101421e-01,-1.907707e+02,-1.389000e+02,4.349000e+02,-5.940000e+01
-4.809045e-01,7.870000e-02,5.719737e-02,-2.787105e-02,1.226821e+01,-7.300000e+00,8.800000e+00,6.300000e+00,7.204466e-01,9.080342e-01,-8.210526e-01,3.392421e-01,-1.179248e+02,-5.830000e+01,4.420000e+02,-1.216000e+02
-4.639594e-01,3.640000e-02,4.239737e-02,-2.107105e-02,8.801569e+00,-2.600000e+00,7.700000e+00,5.100000e+00,6.140450e-01,7.687342e-01,-8.464526e-01,3.304421e-01,-1.268240e+02,-7.760000e+01,3.264000e+02,-1.222000e+02
-4.523668e-01,1.640000e-02,2.789737e-02,-9.071053e-03,4.196843e+00,2.800000e+00,4.900000e+00,3.900000e+00,4.739831e-01,6.150342e-01,-8.542526e-01,2.902421e-01,-1.590995e+02,-1.268000e+02,2.088000e+02,-9.030000e+01
-4.475776e-01,1.290000e-02,2.419737e-02,-3.871053e-03,4.206263e+00,2.800000e+00,4.900000e+00,3.900000e+00,3.385896e-01,4.649342e-01,-8.057526e-01,2.687421e-01,-1.593651e+02,-1.268000e+02,2.088000e+02,-9.030000e+01
-4.463440e-01,1.150000e-02,1.149737e-02,3.828947e-03,4.215587e+00,2.800000e+00,4.900000e+00,3.900000e+00,3.385949e-01,4.396342e-01,-7.974526e-01,2.701421e-01,-8.981516e+01,-7.080000e+01,2.072000e+02,-3.470000e+01
-4.439429e-01,8.700000e-03,5.697368e-03,7.528947e-03,1.168623e+00,9.500000e+00,3.400000e+00,4.600000e+00,2.800622e-01,3.181342e-01,-7.847526e-01,3.163421e-01,-1.834412e+00,3.500000e+00,2.766000e+02,3.290000e+01
-4.422835e-01,7.000000e-03,4.597368e-03,7.428947e-03,3.358976e+00,8.100000e+00,3.100000e+00,6.900000e+00,8.975056e-02,5.613421e-02,-7.326526e-01,3.046421e-01,5.075616e+01,3.050000e+01,3.232000e+02,1.155000e+02
-4.384428e-01,3.800000e-03,7.597368e-03,6.628947e-03,4.578007e+00,7.100000e+00,3.600000e+00,7.600000e+00,-1.631941e-01,-2.393658e-01,-7.704526e-01,1.666421e-01,6.321194e+01,1.560000e+01,3.315000e+02,1.785000e+02
-4.379324e-01,3.000000e-03,7.497368e-03,5.028947e-03,6.675470e+00,3.100000e+00,5.000000e+00,7.200000e+00,-4.173888e-01,-5.222658e-01,-7.614526e-01,2.421053e-04,6.390996e+01,-1.070000e+01,3.138000e+02,2.244000e+02
-4.330380e-01,3.000000e-04,1.349737e-02,4.028947e-03,8.584753e+00,9.000000e-01,5.600000e+00,8.100000e+00,-5.477295e-01,-6.688658e-01,-6.079526e-01,-9.965789e-02,6.211798e+01,-2.650000e+01,2.973000e+02,2.420000e+02
-4.309388e-01,-1.100000e-03,2.129737e-02,-1.171053e-03,1.139582e+01,-1.900000e+00,6.900000e+00,9.400000e+00,-5.561896e-01,-6.850658e-01,-4.785526e-01,-1.549579e-01,6.041633e+01,-5.500000e+01,2.623000e+02,2.682000e+02
-4.288158e-01,-1.800000e-03,3.159737e-02,-7.671053e-03,1.140155e+01,-1.900000e+00,6.900000e+00,9.400000e+00,-4.238451e-01,-5.590658e-01,-4.296526e-01,-1.617579e-01,6.401531e+01,-6.890000e+01,2.455000e+02,2.856000e+02
-4.268073e-01,-2.400000e-03,4.319737e-02,-1.517105e-02,1.140726e+01,-1.900000e+00,6.900000e+00,9.400000e+00,-2.375581e-01,-3.775658e-01,-4.347526e-01,-1.434579e-01,6.922361e+01,-6.080000e+01,2.549000e+02,2.887000e+02
-4.247596e-01,-3.000000e-03,5.469737e-02,-2.257105e-02,1.141297e+01,-1.900000e+00,6.900000e+00,9.400000e+00,-5.654178e-02,-1.774658e-01,-4.303526e-01,-1.175579e-01,6.956730e+01,-5.440000e+01,2.690000e+02,2.896000e+02
-4.226013e-01,-3.700000e-03,6.629737e-02,-2.997105e-02,1.141866e+01,-1.900000e+00,6.900000e+00,9.400000e+00,-3.385435e-02,-1.403658e-01,-3.242526e-01,-9.115789e-02,6.724459e+01,-5.570000e+01,2.725000e+02,2.894000e+02
-4.216363e-01,-2.900000e-03,7.089737e-02,-3.337105e-02,1.142432e+01,-1.900000e+00,6.900000e+00,9.400000e+00,-3.526915e-02,-1.380658e-01,-2.303526e-01,-5.835789e-02,6.180573e+01,-5.370000e+01,2.693000e+02,2.784000e+02
-4.215874e-01,-1.700000e-03,7.139737e-02,-3.497105e-02,1.142994e+01,-1.900000e+00,6.900000e+00,9.400000e+00,-4.504395e-03,-1.086658e-01,-1.720526e-01,-8.457895e-03,6.000007e+01,-5.070000e+01,2.686000e+02,2.732000e+02
-4.211733e-01,-6.000000e-04,7.149737e-02,-3.587105e-02,1.143553e+01,-1.900000e+00,6.900000e+00,9.400000e+00,7.375510e-02,-2.386579e-02,-1.512526e-01,6.234211e-02,5.557127e+01,-4.390000e+01,2.707000e+02,2.640000e+02
-4.192246e-01,-1.100000e-03,7.229737e-02,-3.607105e-02,1.144108e+01,-1.900000e+00,6.900000e+00,9.400000e+00,1.822334e-01,1.086342e-01,-1.561526e-01,1.510421e-01,5.217002e+01,-3.900000e+01,2.794000e+02,2.618000e+02
-4.173885e-01,-1.500000e-03,6.529737e-02,-3.167105e-02,1.868327e+01,-9.700000e+00,6.700000e+00,1.500000e+01,2.830759e-01,2.633342e-01,-1.709526e-01,2.389421e-01,5.268983e+01,-4.030000e+01,2.810000e+02,2.635000e+02
-4.160740e-01,-1.700000e-03,5.439737e-02,-2.537105e-02,1.547203e+01,-7.300000e+00,4.400000e+00,1.360000e+01,3.527997e-01,4.231342e-01,-1.944526e-01,3.072421e-01,6.028562e+01,-4.050000e+01,2.689000e+02,2.648000e+02
-4.155027e-01,-1.900000e-03,3.989737e-02,-1.787105e-02,9.428707e+00,-7.000000e-01,7.000000e-01,1.160000e+01,3.702414e-01,5.696342e-01,-2.040526e-01,3.470421e-01,6.839397e+01,-3.460000e+01,2.445000e+02,2.567000e+02
-4.130171e-01,-2.100000e-03,2.809737e-02,-9.871053e-03,5.346462e+00,5.000000e+00,-1.700000e+00,1.080000e+01,3.395782e-01,6.944342e-01,-1.936526e-01,3.653421e-01,7.182651e+01,-3.150000e+01,2.256000e+02,2.473000e+02
-4.125782e-01,1.900000e-03,2.219737e-02,-6.871053e-03,5.384103e+00,1.010000e+01,-2.800000e+00,1.420000e+01,2.943181e-01,8.495342e-01,-1.943526e-01,3.636421e-01,7.658160e+01,-3.380000e+01,1.811000e+02,2.227000e+02
-4.068074e-01,1.200000e-03,1.849737e-02,-1.571053e-03,7.346383e+00,1.290000e+01,-5.000000e+00,1.970000e+01,2.041453e-01,1.061634e+00,-1.962526e-01,3.154421e-01,7.422724e+01,-3.310000e+01,1.577000e+02,2.034000e+02
-4.006873e-01,1.500000e-03,1.669737e-02,2.628947e-03,6.853916e+00,1.740000e+01,-8.200000e+00,2.350000e+01,3.611474e-02,1.267234e+00,-1.621526e-01,2.097421e-01,6.528084e+01,-1.630000e+01,1.421000e+02,1.809000e+02
-3.957696e-01,1.700000e-03,8.597368e-03,8.828947e-03,6.339782e+00,2.210000e+01,-1.190000e+01,2.770000e+01,-1.911849e-01,1.444634e+00,-9.215263e-02,5.044211e-02,5.820699e+01,1.000000e+00,1.018000e+02,1.438000e+02
-3.885288e-01,3.800000e-03,8.397368e-03,1.312895e-02,5.636148e+00,2.480000e+01,-1.370000e+01,2.930000e+01,-4.474681e-01,1.605734e+00,2.473684e-04,-1.507579e-01,5.642952e+01,1.890000e+01,4.640000e+01,1.031000e+02
-3.800880e-01,1.000000e-03,-1.026316e-04,2.212895e-02,3.647168e+00,2.900000e+01,-1.730000e+01,3.120000e+01,-7.189153e-01,1.755034e+00,1.144474e-01,-3.792579e-01,5.598919e+01,3.010000e+01,-8.000000e-01,7.000000e+01
-3.738051e-01,2.900000e-03,-2.602632e-03,2.562895e-02,-2.123651e+00,3.300000e+01,-2.340000e+01,2.980000e+01,-9.855156e-01,1.892334e+00,2.390474e-01,-6.054579e-01,5.564806e+01,3.000000e+01,-1.920000e+01,5.670000e+01
-3.619233e-01,-1.800000e-03,-3.102632e-03,3.142895e-02,-9.631801e+00,3.310000e+01,-3.100000e+01,2.540000e+01,-1.232000e+00,2.020434e+00,3.798474e-01,-8.180579e-01,5.641126e+01,1.590000e+01,-5.230000e+01,3.380000e+01
-3.500547e-01,-1.500000e-03,-1.602632e-03,3.692895e-02,-1.646106e+01,3.120000e+01,-4.040000e+01,2.240000e+01,-1.426425e+00,2.125634e+00,4.971474e-01,-1.004258e+00,4.909352e+01,7.100000e+00,-7.390000e+01,9.600000e+00
-3.336642e-01,-5.600000e-03,1.697368e-03,4.372895e-02,-2.344287e+01,3.060000e+01,-5.130000e+01,2.100000e+01,-1.560545e+00,2.183834e+00,5.912474e-01,-1.157558e+00,2.648352e+01,1.870000e+01,-8.970000e+01,-2.790000e+01
-3.150783e-01,-1.080000e-02,1.697368e-03,5.362895e-02,-2.882358e+01,3.140000e+01,-6.390000e+01,2.370000e+01,-1.641259e+00,2.167534e+00,6.786474e-01,-1.274558e+00,5.288377e+00,2.380000e+01,-1.073000e+02,-6.520000e+01
-2.994212e-01,-1.110000e-02,1.297368e-03,6.102895e-02,-2.953530e+01,3.270000e+01,-6.990000e+01,2.780000e+01,-1.616829e+00,2.080734e+00,6.997474e-01,-1.318258e+00,-5.115295e+00,4.350000e+01,-1.179000e+02,-8.480000e+01
-2.771810e-01,-1.430000e-02,7.497368e-03,6.822895e-02,-3.174265e+01,3.500000e+01,-8.480000e+01,3.720000e+01,-1.350277e+00,1.880434e+00,7.076474e-01,-1.071858e+00,-2.179820e+01,3.520000e+01,-1.128000e+02,-1.012000e+02
-2.494299e-01,-1.550000e-02,1.949737e-02,7.592895e-02,-3.689511e+01,4.160000e+01,-1.035000e+02,4.730000e+01,-8.826303e-01,1.327334e+00,3.941474e-01,-7.127579e-01,-9.326927e+01,3.350000e+01,-2.600000e+00,-1.151000e+02
-2.040069e-01,-2.600000e-02,3.239737e-02,9.752895e-02,-4.474516e+01,2.710000e+01,-1.367000e+02,5.810000e+01,-5.954190e-01,7.529342e-01,2.215474e-01,-4.836579e-01,-2.544026e+02,1.465000e+02,1.030000e+01,-3.075000e+02
-1.613215e-01,-2.730000e-02,5.989737e-02,1.022289e-01,-4.369817e+01,3.010000e+01,-1.632000e+02,8.130000e+01,-4.779646e-01,6.061342e-01,2.504474e-01,-4.393579e-01,-3.942634e+01,1.095000e+02,-4.359000e+02,-3.180000e+02
-1.162989e-01,-2.670000e-02,9.569737e-02,1.006289e-01,-3.953338e+01,4.600000e+01,-1.828000e+02,1.064000e+02,-3.674624e-01,6.524342e-01,3.157474e-01,-3.707579e-01,-7.511624e+01,5.470000e+01,-2.742000e+02,-2.557000e+02
-7.052863e-02,-2.750000e-02,1.245974e-01,1.009289e-01,-3.895042e+01,5.010000e+01,-2.135000e+02,1.327000e+02,8.995641e-03,6.666342e-01,-4.065263e-02,-1.511579e-01,-4.314723e+01,1.769000e+02,-4.990000e+01,-1.314000e+02
-1.855641e-02,-2.890000e-02,1.603974e-01,1.028289e-01,-3.827036e+01,4.960000e+01,-2.298000e+02,1.467000e+02,1.573051e-01,3.753342e-01,-1.619526e-01,4.764211e-02,-1.719447e+00,1.551000e+02,-1.290000e+01,-5.790000e+01
3.386803e-02,-2.860000e-02,1.915974e-01,1.063289e-01,-4.024344e+01,4.350000e+01,-2.679000e+02,1.752000e+02,2.372586e-01,1.610342e-01,-1.416526e-01,2.113421e-01,1.308157e+01,1.414000e+02,-5.650000e+01,-5.690000e+01
8.813780e-02,-3.620000e-02,2.224974e-01,1.120289e-01,-4.321141e+01,4.570000e+01,-3.105000e+02,2.072000e+02,3.284613e-01,1.349342e-01,-1.042526e-01,3.359421e-01,3.319935e+00,7.060000e+01,-3.920000e+01,-3.680000e+01
1.245045e-01,-4.390000e-02,2.103974e-01,1.362289e-01,-5.403934e+01,5.320000e+01,-3.509000e+02,2.267000e+02,3.597957e-01,-2.326579e-02,-1.185526e-01,4.198421e-01,-6.677783e+00,1.970000e+01,2.300000e+01,-4.700000e+00
1.483364e-01,-4.960000e-02,1.897974e-01,1.616289e-01,-5.352623e+01,5.320000e+01,-3.509000e+02,2.267000e+02,2.246788e-01,-6.806579e-02,-1.761526e-01,2.581421e-01,5.010932e+00,1.350000e+01,-5.700000e+00,-1.200000e+00
1.797035e-01,-5.180000e-02,2.373974e-01,1.400289e-01,-4.040961e+01,-9.500000e+00,-3.989000e+02,3.043000e+02,2.693287e-02,2.850342e-01,9.834737e-02,2.654211e-02,4.825582e+00,9.800000e+00,-3.800000e+00,6.000000e-01
2.133310e-01,-3.810000e-02,3.279974e-01,8.992895e-02,-2.962368e+01,-3.580000e+01,-3.985000e+02,3.294000e+02,2.919081e-02,6.440342e-01,2.125474e-01,-4.755789e-02,-8.164067e-01,1.500000e+00,2.300000e+00,-5.000000e-01
2.568071e-01,-2.180000e-02,4.233974e-01,6.582895e-02,-3.112909e+01,-8.080000e+01,-4.217000e+02,3.726000e+02,1.608097e-01,5.660342e-01,8.604737e-02,7.524211e-02,9.117844e-01,1.300000e+00,2.500000e+00,1.600000e+00
2.651603e-01,2.090000e-02,4.666974e-01,3.522895e-02,-2.577758e+01,-1.547000e+02,-3.850000e+02,4.003000e+02,2.250478e-01,2.913342e-01,-7.475263e-02,1.757421e-01,1.690548e+00,3.900000e+00,8.000000e-01,9.000000e-01
3.533187e-01,1.865000e-01,5.072974e-01,2.522895e-02,-6.706302e+01,-2.051000e+02,-3.385000e+02,3.421000e+02,1.428947e-02,4.893421e-02,1.728474e-01,1.196421e-01,-4.806057e-01,-1.000000e+00,5.000000e-01,0.000000e+00
5.753247e-01,4.567000e-01,5.768974e-01,6.952895e-02,-1.371839e+01,-4.710000e+01,-2.369000e+02,1.997000e+02,-1.312175e-02,1.193342e-01,1.998474e-01,7.474211e-02,5.027585e-01,-4.400000e+00,-1.200000e+00,1.600000e+00
8.133488e-01,6.849000e-01,5.717974e-01,2.138289e-01,2.085418e+02,1.965000e+02,5.130000e+01,9.400000e+01,2.831909e-03,1.430342e-01,1.043474e-01,4.564211e-02,-4.748519e-01,-5.900000e+00,-2.000000e+00,7.000000e-01
9.558987e-01,7.999000e-01,5.620974e-01,3.364289e-01,3.209541e+02,2.266000e+02,2.928000e+02,6.450000e+01,-1.374553e-02,4.434211e-03,-7.352632e-03,2.974211e-02,-2.288621e+00,-4.300000e+00,-1.000000e+00,-1.500000e+00
1.019960e+00,7.964000e-01,6.992974e-01,3.432289e-01,3.211332e+02,1.960000e+02,3.227000e+02,7.240000e+01,-1.534350e-02,1.103421e-02,-1.825263e-02,2.094211e-02,-4.621480e+00,-2.100000e+00,0.000000e+00,-4.500000e+00
1.010671e+00,7.191000e-01,8.294974e-01,3.052289e-01,2.760636e+02,1.438000e+02,2.814000e+02,8.200000e+01,-2.142213e-02,2.263421e-02,-1.252632e-03,1.644211e-02,-5.489434e+00,-1.300000e+00,9.000000e-01,-5.400000e+00
9.370787e-01,6.190000e-01,8.366974e-01,2.809289e-01,2.200857e+02,7.490000e+01,2.219000e+02,1.020000e+02,-2.396387e-02,5.934211e-03,-1.815263e-02,1.234211e-02,-5.622319e+00,1.700000e+00,1.400000e+00,-6.400000e+00
8.462113e-01,5.103000e-01,7.920974e-01,2.731289e-01,2.202360e+02,7.490000e+01,2.219000e+02,1.020000e+02,-2.119171e-02,-8.657895e-04,-3.305263e-02,1.164211e-02,-6.670834e+00,4.300000e+00,1.400000e+00,-8.500000e+00
7.621013e-01,4.464000e-01,7.411974e-01,2.404289e-01,1.012709e+02,2.620000e+01,1.697000e+02,3.500000e+00,-2.351131e-02,-7.465789e-03,-2.955263e-02,1.244211e-02,-6.337083e+00,6.900000e+00,1.500000e+00,-9.000000e+00
7.251615e-01,3.861000e-01,7.422974e-01,2.334289e-01,4.541410e+01,1.210000e+01,1.844000e+02,-7.780000e+01,-2.328618e-02,-5.165789e-03,-4.005263e-02,7.542105e-03,-6.592803e+00,1.030000e+01,2.500000e+00,-1.010000e+01
6.320724e-01,2.129000e-01,7.667974e-01,2.007289e-01,-9.322122e+00,-7.300000e+00,1.849000e+02,-1.428000e+02,-2.320563e-02,-4.765789e-03,-4.715263e-02,4.542105e-03,-7.866109e+00,1.360000e+01,3.300000e+00,-1.240000e+01
4.296977e-01,-8.730000e-02,7.422974e-01,1.126289e-01,-3.296030e+01,-8.300000e+00,1.796000e+02,-1.717000e+02,-2.352042e-02,-6.465789e-03,-4.745263e-02,4.542105e-03,-8.322485e+00,1.440000e+01,4.100000e+00,-1.290000e+01
2.166090e-01,-3.411000e-01,7.594974e-01,-7.377105e-02,-6.623375e+01,8.000000e+00,1.727000e+02,-2.218000e+02,-2.301409e-02,-5.165789e-03,-5.045263e-02,3.442105e-03,-9.137847e+00,1.550000e+01,5.200000e+00,-1.380000e+01
7.310688e-02,-4.661000e-01,7.584974e-01,-2.368711e-01,-8.042433e+01,2.820000e+01,1.741000e+02,-2.526000e+02,-2.365180e-02,-3.465789e-03,-4.295263e-02,4.842105e-03,-8.745207e+00,1.540000e+01,4.500000e+00,-1.360000e+01
-2.281102e-02,-4.683000e-01,6.395974e-01,-3.006711e-01,-8.228395e+01,4.650000e+01,1.744000e+02,-2.638000e+02,-2.387747e-02,-1.765789e-03,-3.285263e-02,7.542105e-03,-7.180838e+00,1.360000e+01,2.400000e+00,-1.200000e+01
-7.586259e-02,-3.955000e-01,5.167974e-01,-3.164711e-01,-7.370252e+01,5.720000e+01,1.741000e+02,-2.567000e+02,-2.384126e-02,-9.657895e-04,-2.335263e-02,1.054211e-02,-8.246800e+00,1.270000e+01,2.100000e+00,-1.300000e+01
-7.795354e-02,-2.960000e-01,4.446974e-01,-2.938711e-01,-5.544644e+01,6.380000e+01,1.796000e+02,-2.396000e+02,-2.376018e-02,-1.065789e-03,-1.595263e-02,1.304211e-02,-7.832437e+00,1.180000e+01,8.000000e-01,-1.270000e+01
-8.533406e-02,-1.821000e-01,3.721974e-01,-2.603711e-01,-4.379397e+01,6.590000e+01,1.852000e+02,-2.299000e+02,-2.446470e-02,-5.657895e-04,-8.652632e-03,1.434211e-02,-8.223025e+00,1.050000e+01,2.000000e-01,-1.290000e+01
-9.934384e-02,-1.049000e-01,2.979974e-01,-2.088711e-01,-1.909503e+01,6.870000e+01,2.029000e+02,-2.132000e+02,-2.495799e-02,1.834211e-03,5.473684e-04,1.584211e-02,-7.924820e+00,8.700000e+00,0.000000e+00,-1.200000e+01
-1.337050e-01,-5.330000e-02,2.226974e-01,-1.658711e-01,-1.874756e+00,6.870000e+01,2.172000e+02,-2.031000e+02,-2.533627e-02,2.734211e-03,7.447368e-03,1.714211e-02,-7.756195e+00,7.800000e+00,-3.000000e-01,-1.160000e+01
-1.868616e-01,-4.200000e-03,1.357974e-01,-1.243711e-01,6.641781e+00,7.040000e+01,2.250000e+02,-1.989000e+02,-2.580039e-02,3.234211e-03,1.234737e-02,1.774211e-02,-7.811197e+00,7.600000e+00,-6.000000e-01,-1.170000e+01
-2.399289e-01,6.040000e-02,6.539737e-02,-8.417105e-02,3.498443e+00,7.360000e+01,2.215000e+02,-1.999000e+02,-2.596653e-02,4.034211e-03,1.524737e-02,1.784211e-02,-8.004440e+00,6.700000e+00,-9.000000e-01,-1.170000e+01
-2.765079e-01,1.305000e-01,3.829737e-02,-4.777105e-02,-5.978350e+00,7.360000e+01,2.145000e+02,-2.064000e+02,-2.608705e-02,4.734211e-03,1.804737e-02,1.794211e-02,-7.409243e+00,6.000000e+00,-2.100000e+00,-1.120000e+01
-3.003307e-01,2.006000e-01,4.309737e-02,-1.037105e-02,-2.160757e+01,7.010000e+01,2.047000e+02,-2.195000e+02,-2.578836e-02,4.934211e-03,1.784737e-02,1.764211e-02,-7.680615e+00,5.700000e+00,-2.400000e+00,-1.150000e+01
-3.244199e-01,2.714000e-01,6.159737e-02,2.662895e-02,-3.022992e+01,6.810000e+01,1.967000e+02,-2.244000e+02,-2.571807e-02,5.034211e-03,1.824737e-02,1.734211e-02,-8.038992e+00,4.600000e+00,-2.400000e+00,-1.150000e+01
-3.524003e-01,3.410000e-01,9.119737e-02,6.052895e-02,-3.020744e+01,6.810000e+01,1.967000e+02,-2.244000e+02,-2.525916e-02,6.434211e-03,1.954737e-02,1.724211e-02,-8.176120e+00,4.700000e+00,-3.600000e+00,-1.210000e+01
-3.889662e-01,4.013000e-01,1.253974e-01,8.672895e-02,-3.017739e+01,6.810000e+01,1.967000e+02,-2.244000e+02,-2.406263e-02,7.434211e-03,1.974737e-02,1.764211e-02,-7.415130e+00,3.000000e+00,-6.200000e+00,-1.150000e+01
-4.354591e-01,4.473000e-01,1.599974e-01,1.021289e-01,-3.013820e+01,6.810000e+01,1.967000e+02,-2.244000e+02,-2.224941e-02,6.334211e-03,2.024737e-02,1.954211e-02,-7.430070e+00,1.600000e+00,-8.300000e+00,-1.170000e+01
-5.025618e-01,5.249000e-01,1.605974e-01,1.276289e-01,-8.383783e+01,8.350000e+01,1.128000e+02,-2.090000e+02,-1.991768e-02,7.434211e-03,2.334737e-02,2.204211e-02,-8.106514e+00,-5.000000e-01,-9.300000e+00,-1.200000e+01
-5.857755e-01,6.325000e-01,1.635974e-01,1.513289e-01,-7.484912e+01,6.310000e+01,1.066000e+02,-2.008000e+02,-1.734790e-02,7.834211e-03,2.384737e-02,2.404211e-02,-6.967935e+00,-3.200000e+00,-1.380000e+01,-1.120000e+01
-7.080864e-01,7.582000e-01,1.368974e-01,1.660289e-01,-7.417179e+01,5.430000e+01,9.850000e+01,-1.969000e+02,-1.457218e-02,9.334211e-03,2.844737e-02,2.714211e-02,-9.193933e+00,-7.000000e+00,-1.580000e+01,-1.290000e+01
-8.644815e-01,8.834000e-01,7.999737e-02,1.641289e-01,-7.590989e+01,4.820000e+01,8.920000e+01,-1.941000e+02,-1.096494e-02,1.003421e-02,2.654737e-02,2.924211e-02,-8.874667e+00,-6.900000e+00,-1.800000e+01,-1.330000e+01
-1.038251e+00,1.007400e+00,1.259737e-02,1.380289e-01,-7.533283e+01,2.870000e+01,6.710000e+01,-1.846000e+02,-7.082783e-03,9.234211e-03,3.044737e-02,3.414211e-02,-9.372410e+00,-9.400000e+00,-2.020000e+01,-1.360000e+01
-1.234282e+00,1.135800e+00,-6.780263e-02,8.222895e-02,-6.317210e+01,-9.000000e-01,5.060000e+01,-1.715000e+02,-3.066559e-03,1.163421e-02,3.184737e-02,3.694211e-02,-7.397369e+00,-1.090000e+01,-2.540000e+01,-1.250000e+01
-1.445366e+00,1.265200e+00,-1.584026e-01,-1.071053e-03,-4.805528e+01,-2.130000e+01,3.740000e+01,-1.493000e+02,1.192809e-03,9.234211e-03,3.204737e-02,4.144211e-02,-5.823992e+00,-1.300000e+01,-3.060000e+01,-1.160000e+01
-1.663171e+00,1.376600e+00,-2.758026e-01,-1.043711e-01,-4.660172e+01,-1.880000e+01,1.650000e+01,-1.210000e+02,4.336190e-03,1.093421e-02,3.724737e-02,4.464211e-02,-2.141111e+00,-1.370000e+01,-3.530000e+01,-8.700000e+00
-1.874932e+00,1.472900e+00,-4.161026e-01,-2.143711e-01,-4.870807e+01,-1.360000e+01,-1.290000e+01,-8.770000e+01,6.574669e-03,8.134211e-03,4.504737e-02,4.954211e-02,2.648306e+00,-1.280000e+01,-4.060000e+01,-5.400000e+00
-2.078401e+00,1.574100e+00,-5.546026e-01,-3.253711e-01,-3.631318e+01,-1.480000e+01,-2.510000e+01,-5.390000e+01,8.952438e-03,1.043421e-02,5.014737e-02,5.154211e-02,7.332121e+00,-1.230000e+01,-4.430000e+01,-1.500000e+00
-2.237783e+00,1.629500e+00,-6.587026e-01,-4.557711e-01,-3.383091e+01,-2.410000e+01,-4.410000e+01,-3.950000e+01,1.228336e-02,8.634211e-03,5.244737e-02,5.544211e-02,1.034010e+01,-1.160000e+01,-4.860000e+01,2.000000e-01
-2.360390e+00,1.632000e+00,-7.717026e-01,-5.830711e-01,-2.875131e+01,-2.790000e+01,-6.450000e+01,-1.390000e+01,1.670234e-02,8.734211e-03,5.804737e-02,6.074211e-02,1.514534e+01,-1.000000e+01,-5.830000e+01,1.700000e+00
-2.429387e+00,1.604000e+00,-8.501026e-01,-6.920711e-01,-3.281902e+01,-2.000000e+01,-8.340000e+01,5.600000e+00,2.233314e-02,1.033421e-02,5.614737e-02,6.404211e-02,1.797739e+01,-8.900000e+00,-6.640000e+01,1.700000e+00
-2.449314e+00,1.571200e+00,-8.802026e-01,-7.800711e-01,-3.491805e+01,-1.430000e+01,-1.064000e+02,2.970000e+01,2.768256e-02,1.073421e-02,5.594737e-02,6.804211e-02,1.664437e+01,-1.240000e+01,-7.770000e+01,-2.100000e+00
-2.395272e+00,1.510900e+00,-8.661026e-01,-8.431711e-01,-1.023045e+01,-9.040000e+01,-1.675000e+02,5.880000e+01,3.355892e-02,1.453421e-02,5.094737e-02,6.924211e-02,1.206014e+01,-2.040000e+01,-8.930000e+01,-7.600000e+00
-2.196661e+00,1.353600e+00,-8.833026e-01,-7.783711e-01,-1.625971e+00,-1.130000e+02,-2.648000e+02,1.413000e+02,4.171406e-02,1.333421e-02,4.824737e-02,7.654211e-02,1.026696e+01,-2.760000e+01,-1.049000e+02,-1.160000e+01
-1.764562e+00,9.612000e-01,-8.032026e-01,-6.014711e-01,8.183170e+01,-1.418000e+02,-2.282000e+02,2.146000e+02,5.828652e-02,1.523421e-02,4.564737e-02,9.274211e-02,1.367353e+01,-2.730000e+01,-1.152000e+02,-1.140000e+01
-1.366803e+00,7.068000e-01,-6.716026e-01,-4.271711e-01,1.659004e+02,-1.916000e+02,-2.439000e+02,3.168000e+02,7.258784e-02,1.093421e-02,3.454737e-02,1.071421e-01,1.542756e+01,-2.980000e+01,-1.414000e+02,-1.760000e+01
-1.200001e+00,7.504000e-01,-6.288026e-01,-2.915711e-01,2.896258e+02,-2.815000e+02,-2.690000e+01,2.729000e+02,8.334678e-02,1.493421e-02,1.984737e-02,1.122421e-01,8.949257e-01,-5.480000e+01,-1.619000e+02,-2.840000e+01
-9.422575e-01,8.679000e-01,-3.867026e-01,-6.917105e-02,5.122048e+01,-6.800000e+00,5.220000e+01,2.660000e+01,9.417026e-02,1.173421e-02,4.247368e-03,1.233421e-01,-1.208059e+01,-7.530000e+01,-1.889000e+02,-4.230000e+01
-8.382951e-01,7.268000e-01,-3.871026e-01,-3.771053e-03,5.289878e+01,-4.950000e+01,1.910000e+01,3.350000e+01,1.056950e-01,6.834211e-03,-1.295263e-02,1.390421e-01,-1.568354e+01,-8.180000e+01,-2.231000e+02,-5.660000e+01
-6.364392e-01,5.163000e-01,-3.115026e-01,1.024289e-01,2.755955e+01,-3.050000e+01,-3.900000e+00,2.520000e+01,1.139726e-01,-1.965789e-03,-4.235263e-02,1.531421e-01,-1.842863e+01,-7.840000e+01,-2.603000e+02,-7.890000e+01
-4.664959e-01,4.189000e-01,-2.224026e-01,2.142289e-01,7.306551e+00,-1.800000e+00,1.400000e+00,7.700000e+00,1.121808e-01,-1.186579e-02,-7.265263e-02,1.603421e-01,-3.110603e+01,-7.890000e+01,-2.783000e+02,-1.041000e+02
-3.241718e-01,2.823000e-01,-1.819026e-01,3.085289e-01,3.556378e+00,7.300000e+00,6.000000e-01,7.300000e+00,1.043170e-01,-1.676579e-02,-1.015526e-01,1.627421e-01,-3.010763e+01,-7.620000e+01,-3.043000e+02,-1.175000e+02
-2.239858e-01,2.026000e-01,-1.628026e-01,3.903289e-01,5.519147e-02,1.730000e+01,4.600000e+00,4.200000e+00,8.572846e-02,-2.346579e-02,-1.279526e-01,1.619421e-01,-3.426791e+01,-7.000000e+01,-3.317000e+02,-1.439000e+02
-1.972766e-01,1.924000e-01,-8.100263e-02,3.628289e-01,-3.385229e+00,1.630000e+01,5.000000e+00,-1.000000e+00,5.324606e-02,-2.856579e-02,-1.519526e-01,1.501421e-01,-3.507087e+01,-6.840000e+01,-3.633000e+02,-1.634000e+02
-3.557922e-01,4.008000e-01,-9.200263e-02,2.534289e-01,-7.405881e-01,1.480000e+01,7.200000e+00,2.000000e-01,1.222737e-02,-2.966579e-02,-1.774526e-01,1.290421e-01,-3.259976e+01,-6.230000e+01,-3.868000e+02,-1.800000e+02
-4.734131e-01,4.888000e-01,-1.304026e-01,1.651289e-01,5.211699e+00,1.030000e+01,1.070000e+01,3.500000e+00,-4.302926e-02,-3.296579e-02,-1.982526e-01,1.004421e-01,-1.120530e+01,-3.860000e+01,-4.195000e+02,-1.942000e+02
-3.991423e-01,2.942000e-01,-5.030263e-02,1.212289e-01,8.182532e+00,4.100000e+00,1.170000e+01,4.000000e+00,-1.035246e-01,-3.786579e-02,-2.582526e-01,6.334211e-02,2.644131e+01,1.470000e+01,-4.536000e+02,-2.324000e+02
-4.740661e-01,1.930000e-02,-1.727026e-01,-5.871053e-03,8.495438e+00,1.700000e+00,1.000000e+01,4.600000e+00,-1.300002e-01,1.063421e-02,-3.091526e-01,1.064211e-02,5.381481e+01,4.530000e+01,-4.729000e+02,-2.444000e+02
-3.809138e-01,3.900000e-03,-5.990263e-02,2.702895e-02,9.829030e+00,-7.000000e-01,1.030000e+01,5.100000e+00,-7.502178e-02,1.543342e-01,-3.609526e-01,-6.795789e-02,1.190500e+02,9.820000e+01,-5.307000e+02,-2.274000e+02
-3.887900e-01,6.700000e-02,-2.180263e-02,1.482895e-02,1.014151e+01,-3.300000e+00,9.200000e+00,5.200000e+00,1.024813e-01,4.085342e-01,-3.721526e-01,-1.081579e-01,1.234023e+02,7.770000e+01,-5.695000e+02,-1.424000e+02
-3.847384e-01,2.940000e-02,-3.302632e-03,-1.017105e-02,1.014089e+01,-3.300000e+00,9.200000e+00,5.200000e+00,3.329960e-01,6.871342e-01,-3.338526e-01,-7.055789e-02,-9.298826e+00,-3.960000e+01,-3.655000e+02,-9.510000e+01
-3.737647e-01,4.220000e-02,4.019737e-02,-2.337105e-02,8.340131e+00,-3.400000e+00,6.300000e+00,4.900000e+00,5.301110e-01,8.874342e-01,-3.598526e-01,3.894211e-02,-1.809157e+02,-1.867000e+02,-6.370000e+01,-2.850000e+01
-3.563496e-01,2.000000e-02,6.099737e-02,-2.647105e-02,7.943477e+00,-3.300000e+00,6.200000e+00,4.500000e+00,6.767135e-01,9.928342e-01,-4.793526e-01,1.019421e-01,-1.936744e+02,-1.724000e+02,2.202000e+02,-2.410000e+01
-3.530098e-01,1.010000e-02,4.989737e-02,-1.977105e-02,7.033680e+00,-1.100000e+00,6.100000e+00,4.300000e+00,7.233551e-01,9.938342e-01,-5.680526e-01,1.439421e-01,-1.551856e+02,-1.189000e+02,3.234000e+02,-7.930000e+01
-3.521990e-01,7.500000e-03,4.439737e-02,-1.727105e-02,6.604985e+00,-1.200000e+00,6.100000e+00,3.700000e+00,6.783356e-01,9.134342e-01,-5.937526e-01,1.425421e-01,-9.705441e+01,-5.150000e+01,3.810000e+02,-1.020000e+02
-3.476433e-01,5.000000e-03,4.389737e-02,-1.357105e-02,7.204095e+00,-1.000000e+00,5.900000e+00,4.700000e+00,5.888908e-01,8.028342e-01,-5.961526e-01,1.316421e-01,-1.009254e+02,-5.710000e+01,3.260000e+02,-1.103000e+02
-3.456887e-01,2.700000e-03,3.639737e-02,-8.371053e-03,8.091610e+00,-7.000000e-01,5.300000e+00,6.400000e+00,5.117075e-01,7.079342e-01,-5.525526e-01,1.303421e-01,-1.338608e+02,-9.850000e+01,2.692000e+02,-9.350000e+01
-3.468351e-01,2.700000e-03,2.919737e-02,-6.571053e-03,8.374164e+00,1.000000e-01,5.000000e+00,7.300000e+00,4.394703e-01,6.098342e-01,-5.521526e-01,1.439421e-01,-1.346849e+02,-1.114000e+02,2.190000e+02,-6.210000e+01
-3.447908e-01,2.000000e-04,2.579737e-02,-4.371053e-03,8.954836e+00,-9.000000e-01,5.200000e+00,7.500000e+00,3.392280e-01,4.671342e-01,-5.757526e-01,1.759421e-01,-8.926938e+01,-7.430000e+01,2.271000e+02,-2.930000e+01
-3.470196e-01,2.200000e-03,2.109737e-02,-4.871053e-03,7.721203e+00,5.000000e-01,5.000000e+00,6.600000e+00,1.522316e-01,2.304342e-01,-6.128526e-01,1.722421e-01,-1.631950e+01,-1.560000e+01,2.656000e+02,2.510000e+01
-3.495261e-01,5.500000e-03,1.599737e-02,-4.971053e-03,7.351346e+00,1.000000e+00,4.600000e+00,6.600000e+00,-8.552128e-02,-3.936579e-02,-6.753526e-01,9.284211e-02,1.337051e+01,4.300000e+00,2.860000e+02,5.590000e+01
-3.484790e-01,4.700000e-03,1.389737e-02,-4.271053e-03,6.781491e+00,1.400000e+00,4.200000e+00,6.300000e+00,-3.066196e-01,-2.581658e-01,-6.453526e-01,-5.405789e-02,5.459878e+01,2.200000e+01,3.135000e+02,1.149000e+02
-3.458855e-01,3.300000e-03,1.359737e-02,-2.971053e-03,5.872945e+00,1.800000e+00,4.300000e+00,5.200000e+00,-4.495038e-01,-4.029658e-01,-4.992526e-01,-1.562579e-01,6.950384e+01,4.100000e+00,3.100000e+02,1.735000e+02
-3.431375e-01,1.300000e-03,1.609737e-02,-3.771053e-03,6.726269e+00,9.000000e-01,4.500000e+00,5.800000e+00,-5.047961e-01,-4.559658e-01,-3.771526e-01,-2.309579e-01,6.943233e+01,-3.230000e+01,2.903000e+02,2.234000e+02
-3.419533e-01,2.300000e-03,1.869737e-02,-5.571053e-03,8.714367e+00,-8.000000e-01,5.200000e+00,7.200000e+00,-4.664520e-01,-4.270658e-01,-3.280526e-01,-2.564579e-01,6.690807e+01,-5.830000e+01,2.570000e+02,2.458000e+02
-3.410702e-01,3.600000e-03,2.009737e-02,-6.871053e-03,1.112847e+01,-3.500000e+00,6.000000e+00,8.700000e+00,-3.713856e-01,-3.409658e-01,-3.117526e-01,-2.530579e-01,7.127055e+01,-6.400000e+01,2.291000e+02,2.518000e+02
-3.408261e-01,4.700000e-03,2.249737e-02,-9.771053e-03,1.509649e+01,-7.000000e+00,8.200000e+00,1.090000e+01,-2.692141e-01,-2.455658e-01,-2.962526e-01,-2.338579e-01,7.222369e+01,-6.220000e+01,2.235000e+02,2.497000e+02
-3.392933e-01,4.800000e-03,2.599737e-02,-1.207105e-02,1.763685e+01,-9.600000e+00,1.000000e+01,1.190000e+01,-2.050791e-01,-1.793658e-01,-2.391526e-01,-2.094579e-01,7.408066e+01,-5.540000e+01,2.244000e+02,2.463000e+02
-3.392571e-01,5.600000e-03,2.759737e-02,-1.467105e-02,1.877166e+01,-1.070000e+01,1.050000e+01,1.260000e+01,-1.775041e-01,-1.486658e-01,-1.535526e-01,-1.774579e-01,6.726222e+01,-5.140000e+01,2.316000e+02,2.363000e+02
-3.368289e-01,5.500000e-03,2.999737e-02,-1.497105e-02,1.990733e+01,-1.280000e+01,1.160000e+01,1.250000e+01,-1.525581e-01,-1.216658e-01,-8.685263e-02,-1.420579e-01,5.634732e+01,-4.620000e+01,2.415000e+02,2.217000e+02
-3.345989e-01,3.500000e-03,3.199737e-02,-1.607105e-02,2.050334e+01,-1.380000e+01,1.120000e+01,1.320000e+01,-1.125922e-01,-8.186579e-02,-4.555263e-02,-9.815789e-02,4.378336e+01,-3.850000e+01,2.496000e+02,2.032000e+02
-3.312132e-01,2.700000e-03,3.419737e-02,-1.557105e-02,1.922079e+01,-1.350000e+01,9.500000e+00,1.290000e+01,-5.462570e-02,-1.826579e-02,-2.745263e-02,-4.835789e-02,3.427027e+01,-3.920000e+01,2.504000e+02,1.914000e+02
-3.305331e-01,1.400000e-03,2.789737e-02,-1.267105e-02,1.534808e+01,-9.900000e+00,7.500000e+00,1.070000e+01,3.226248e-02,7.383421e-02,-4.495263e-02,1.404211e-02,3.233006e+01,-4.550000e+01,2.471000e+02,1.904000e+02
-3.303013e-01,1.100000e-03,2.029737e-02,-9.071053e-03,1.015979e+01,-5.200000e+00,4.800000e+00,7.700000e+00,1.275823e-01,1.884342e-01,-8.265263e-02,7.734211e-02,3.622236e+01,-4.440000e+01,2.453000e+02,1.935000e+02
-3.299341e-01,5.000000e-04,1.089737e-02,-4.171053e-03,8.187183e+00,-2.800000e+00,3.600000e+00,6.900000e+00,1.987408e-01,2.976342e-01,-1.092526e-01,1.329421e-01,5.316030e+01,-3.490000e+01,2.351000e+02,2.044000e+02
-3.298268e-01,-1.000000e-03,6.973684e-04,6.289474e-04,5.490993e+00,5.000000e-01,2.100000e+00,5.700000e+00,2.479012e-01,3.829342e-01,-1.273526e-01,1.861421e-01,7.572253e+01,-2.950000e+01,2.073000e+02,2.142000e+02
-3.292506e-01,-1.200000e-03,-8.002632e-03,5.428947e-03,2.681453e+00,3.200000e+00,5.000000e-01,4.200000e+00,2.924339e-01,4.732342e-01,-1.511526e-01,2.375421e-01,9.889884e+01,-2.820000e+01,1.774000e+02,2.246000e+02
-3.282640e-01,-2.200000e-03,-1.650263e-02,1.032895e-02,1.998470e+00,4.700000e+00,0.000000e+00,4.200000e+00,3.187638e-01,5.859342e-01,-1.700526e-01,2.763421e-01,1.141200e+02,-2.330000e+01,1.678000e+02,2.358000e+02
-3.258933e-01,-2.800000e-03,-2.170263e-02,1.472895e-02,1.321192e+00,5.300000e+00,-8.000000e-01,4.100000e+00,3.095691e-01,7.018342e-01,-1.732526e-01,2.950421e-01,1.204356e+02,-1.400000e+01,1.625000e+02,2.382000e+02
-3.246079e-01,-3.200000e-03,-2.440263e-02,1.582895e-02,1.905636e+00,5.300000e+00,-1.600000e+00,5.400000e+00,2.635957e-01,8.106342e-01,-1.629526e-01,2.877421e-01,1.141643e+02,-1.000000e+00,1.473000e+02,2.199000e+02
-3.224814e-01,-2.500000e-03,-2.630263e-02,1.762895e-02,1.666010e+00,5.700000e+00,-2.700000e+00,6.000000e+00,1.791729e-01,9.293342e-01,-1.425526e-01,2.482421e-01,1.048841e+02,7.700000e+00,1.380000e+02,2.026000e+02
-3.208720e-01,-1.800000e-03,-2.740263e-02,1.812895e-02,2.222084e+00,6.400000e+00,-2.800000e+00,7.000000e+00,5.222377e-02,1.060734e+00,-1.040526e-01,1.685421e-01,8.341953e+01,2.240000e+01,1.152000e+02,1.632000e+02
-3.178290e-01,6.000000e-04,-2.060263e-02,1.512895e-02,3.765843e+00,8.900000e+00,-3.100000e+00,1.000000e+01,-1.166104e-01,1.188534e+00,-3.695263e-02,5.174211e-02,7.008940e+01,2.500000e+01,8.420000e+01,1.295000e+02
-3.129228e-01,1.500000e-03,-1.290263e-02,1.292895e-02,4.700064e+00,1.210000e+01,-4.600000e+00,1.330000e+01,-3.111072e-01,1.312134e+00,5.014737e-02,-9.265789e-02,6.551241e+01,2.690000e+01,4.920000e+01,1.039000e+02
-3.095729e-01,3.200000e-03,-7.602632e-03,1.042895e-02,4.534653e+00,1.690000e+01,-6.100000e+00,1.570000e+01,-5.135538e-01,1.433734e+00,1.467474e-01,-2.539579e-01,6.120315e+01,3.250000e+01,1.450000e+01,7.910000e+01
-3.045284e-01,4.500000e-03,-5.026316e-04,8.128947e-03,4.926896e+00,1.830000e+01,-8.300000e+00,1.820000e+01,-7.137730e-01,1.550534e+00,2.528474e-01,-4.235579e-01,5.934570e+01,3.350000e+01,-2.120000e+01,5.680000e+01
-3.001982e-01,5.900000e-03,2.997368e-03,7.428947e-03,5.304827e+00,1.950000e+01,-8.700000e+00,1.930000e+01,-9.194607e-01,1.644534e+00,3.721474e-01,-6.005579e-01,5.916744e+01,3.380000e+01,-3.620000e+01,4.820000e+01
-2.937143e-01,5.900000e-03,9.297368e-03,6.428947e-03,3.192727e+00,2.010000e+01,-1.260000e+01,1.960000e+01,-1.103956e+00,1.695634e+00,4.840474e-01,-7.709579e-01,4.999792e+01,3.710000e+01,-5.490000e+01,2.750000e+01
-2.879399e-01,5.600000e-03,1.409737e-02,5.528947e-03,3.238916e+00,2.010000e+01,-1.260000e+01,1.960000e+01,-1.243071e+00,1.711834e+00,5.691474e-01,-9.189579e-01,3.062495e+01,4.740000e+01,-7.160000e+01,-3.500000e+00
-2.815172e-01,7.000000e-03,1.659737e-02,7.128947e-03,1.177683e+00,2.360000e+01,-1.670000e+01,2.100000e+01,-1.327971e+00,1.705034e+00,6.428474e-01,-1.028558e+00,5.213512e+00,5.140000e+01,-9.220000e+01,-4.320000e+01
-2.751865e-01,5.600000e-03,1.489737e-02,1.032895e-02,-7.110385e-01,2.550000e+01,-2.140000e+01,2.260000e+01,-1.367056e+00,1.681434e+00,7.260474e-01,-1.092758e+00,-3.453323e+01,2.130000e+01,-1.001000e+02,-9.110000e+01
-2.668648e-01,6.400000e-03,1.679737e-02,1.332895e-02,-1.516130e+00,2.920000e+01,-2.570000e+01,2.580000e+01,-1.276171e+00,1.576834e+00,7.658474e-01,-1.009858e+00,-3.373249e+01,-5.020000e+01,-7.870000e+01,-7.500000e+01
-2.525027e-01,1.900000e-03,2.009737e-02,2.022895e-02,-7.756179e+00,2.860000e+01,-3.700000e+01,2.620000e+01,-9.431136e-01,1.269434e+00,5.770474e-01,-7.213579e-01,-2.050486e+02,-4.500000e+00,7.030000e+01,-1.948000e+02
-2.389918e-01,-2.000000e-03,2.359737e-02,2.622895e-02,-7.688703e+00,2.860000e+01,-3.700000e+01,2.620000e+01,-6.176466e-01,7.776342e-01,3.185474e-01,-4.696579e-01,-2.701587e+02,4.700000e+01,5.480000e+01,-2.810000e+02
-2.129482e-01,-3.200000e-03,3.859737e-02,3.442895e-02,-2.882464e+00,2.000000e+01,-6.360000e+01,5.110000e+01,-4.535690e-01,5.281342e-01,2.512474e-01,-3.677579e-01,-9.099285e+01,5.680000e+01,-2.723000e+02,-2.446000e+02
-1.868816e-01,-3.400000e-03,5.709737e-02,3.902895e-02,-1.355348e+01,2.660000e+01,-7.690000e+01,4.920000e+01,-4.046606e-01,5.381342e-01,2.863474e-01,-3.634579e-01,-6.318703e+01,8.500000e+00,-2.603000e+02,-1.988000e+02
-1.601054e-01,-5.100000e-03,7.719737e-02,4.312895e-02,-1.347725e+01,2.660000e+01,-7.690000e+01,4.920000e+01,-2.094554e-01,5.776342e-01,1.703474e-01,-2.540579e-01,-3.119937e+01,4.920000e+01,-1.840000e+02,-1.357000e+02
-1.356734e-01,-4.600000e-03,9.399737e-02,4.742895e-02,-1.340085e+01,2.660000e+01,-7.690000e+01,4.920000e+01,7.415631e-02,5.076342e-01,-1.183526e-01,-5.405789e-02,-3.897260e+01,1.082000e+02,-2.080000e+01,-8.570000e+01
-1.002198e-01,-6.800000e-03,1.093974e-01,5.742895e-02,-1.056483e+01,3.010000e+01,-1.297000e+02,9.610000e+01,1.735069e-01,3.046342e-01,-1.549526e-01,9.634211e-02,-2.285949e+01,8.150000e+01,-3.690000e+01,-6.670000e+01
-6.561493e-02,-1.100000e-02,1.252974e-01,6.682895e-02,-1.045322e+01,3.010000e+01,-1.297000e+02,9.610000e+01,2.488489e-01,1.743342e-01,-1.737526e-01,2.085421e-01,-2.280783e+01,6.540000e+01,-5.190000e+01,-6.800000e+01
-2.864719e-02,-8.600000e-03,1.452974e-01,7.032895e-02,-1.080662e+01,3.010000e+01,-1.751000e+02,1.330000e+02,3.443648e-01,1.499342e-01,-2.351526e-01,2.983421e-01,-1.521240e+01,3.090000e+01,-1.080000e+01,-3.160000e+01
6.735511e-03,-7.400000e-03,1.621974e-01,7.442895e-02,-9.209553e+00,2.910000e+01,-1.852000e+02,1.433000e+02,3.313205e-01,8.413421e-02,-3.183526e-01,2.736421e-01,-8.189230e+00,1.770000e+01,1.750000e+01,-8.100000e+00
3.425622e-02,-2.600000e-03,1.721974e-01,7.262895e-02,-7.748943e+00,3.040000e+01,-2.098000e+02,1.657000e+02,1.458424e-01,1.896342e-01,-1.883526e-01,8.024211e-02,-4.327245e-01,1.160000e+01,-1.270000e+01,-9.300000e+00
6.258507e-02,5.500000e-03,1.813974e-01,7.152895e-02,-8.133062e+00,3.340000e+01,-2.372000e+02,1.880000e+02,5.222942e-02,5.311342e-01,2.924737e-02,-5.525789e-02,-1.299310e+00,3.300000e+00,-2.400000e+00,-3.500000e+00
7.538149e-02,8.700000e-03,1.663974e-01,7.212895e-02,-7.904461e+00,3.270000e+01,-2.637000e+02,2.109000e+02,1.025231e-01,6.083342e-01,3.094737e-02,-2.555789e-02,-1.842596e+00,2.400000e+00,2.000000e+00,-2.100000e+00
8.603085e-02,1.620000e-02,1.605974e-01,6.192895e-02,-2.319229e+00,1.340000e+01,-2.878000e+02,2.438000e+02,2.048923e-01,4.238342e-01,-9.285263e-02,1.019421e-01,1.218294e+00,4.200000e+00,-9.000000e-01,-4.000000e-01
1.049195e-01,3.550000e-02,1.763974e-01,4.252895e-02,7.685140e+00,-1.100000e+00,-2.974000e+02,2.705000e+02,1.522649e-01,2.086342e-01,-6.925263e-02,1.239421e-01,1.165722e+00,4.900000e+00,4.000000e-01,-2.000000e-01
1.211583e-01,5.860000e-02,1.914974e-01,2.132895e-02,1.972198e+01,-1.830000e+01,-2.944000e+02,2.921000e+02,-9.382412e-03,1.025342e-01,1.257474e-01,5.294211e-02,-2.897185e+00,5.700000e+00,5.200000e+00,-3.200000e+00
1.390777e-01,7.700000e-02,2.233974e-01,-4.271053e-03,2.297135e+01,-3.220000e+01,-2.920000e+02,3.024000e+02,-4.826457e-03,1.476342e-01,7.044737e-02,2.084211e-02,-2.755484e+00,8.700000e+00,6.200000e+00,-3.700000e+00
1.606152e-01,8.900000e-02,2.703974e-01,-2.417105e-02,1.677179e+01,-7.400000e+01,-2.940000e+02,3.234000e+02,6.165266e-03,1.400342e-01,5.047368e-03,1.044211e-02,-3.927006e+00,9.700000e+00,7.200000e+00,-5.000000e+00
1.773251e-01,1.094000e-01,3.175974e-01,-4.537105e-02,1.650452e+01,-1.198000e+02,-2.678000e+02,3.382000e+02,-1.822440e-02,2.813421e-02,-3.025263e-02,7.742105e-03,-4.605015e+00,1.070000e+01,6.200000e+00,-6.500000e+00
1.841992e-01,1.284000e-01,3.638974e-01,-6.707105e-02,1.611665e+01,-1.198000e+02,-2.678000e+02,3.382000e+02,-2.241725e-02,2.443421e-02,-2.175263e-02,7.242105e-03,-4.626540e+00,1.090000e+01,5.700000e+00,-6.800000e+00
3.568286e-01,3.128000e-01,4.054974e-01,-3.471053e-03,4.551158e+01,-7.000000e-01,-1.095000e+02,1.516000e+02,-2.377196e-02,4.853421e-02,-1.375263e-02,1.421053e-04,-4.389202e+00,9.500000e+00,5.900000e+00,-6.000000e+00
5.729499e-01,4.954000e-01,4.525974e-01,1.178289e-01,1.875425e+02,1.280000e+02,1.028000e+02,9.540000e+01,-2.872819e-02,1.643421e-02,-3.355263e-02,-1.857895e-03,-4.869115e+00,1.090000e+01,6.000000e+00,-7.000000e+00
7.104977e-01,5.873000e-01,5.111974e-01,2.005289e-01,2.288017e+02,1.559000e+02,2.120000e+02,5.520000e+01,-2.875380e-02,1.083421e-02,-3.985263e-02,-2.457895e-03,-5.866857e+00,1.140000e+01,5.200000e+00,-8.600000e+00
7.278654e-01,5.394000e-01,5.901974e-01,2.207289e-01,2.522835e+02,1.251000e+02,3.053000e+02,5.670000e+01,-2.909228e-02,1.313421e-02,-3.375263e-02,-1.557895e-03,-7.404357e+00,1.470000e+01,6.800000e+00,-1.090000e+01
6.600106e-01,3.960000e-01,6.363974e-01,2.163289e-01,2.076857e+02,8.150000e+01,2.539000e+02,6.440000e+01,-2.937667e-02,7.134211e-03,-3.555263e-02,-4.578947e-04,-9.493369e+00,1.760000e+01,9.200000e+00,-1.340000e+01
5.640479e-01,2.551000e-01,6.527974e-01,1.842289e-01,1.598685e+02,3.980000e+01,1.811000e+02,7.900000e+01,-2.873622e-02,4.434211e-03,-3.695263e-02,7.421053e-04,-1.089151e+01,1.990000e+01,1.000000e+01,-1.550000e+01
4.768149e-01,1.554000e-01,6.298974e-01,1.507289e-01,1.211920e+02,4.970000e+01,1.437000e+02,3.920000e+01,-2.854896e-02,4.434211e-03,-2.945263e-02,3.642105e-03,-1.154280e+01,2.160000e+01,1.070000e+01,-1.660000e+01
4.237166e-01,1.026000e-01,6.029974e-01,1.248289e-01,7.445930e+01,6.130000e+01,1.401000e+02,-3.520000e+01,-2.842855e-02,4.034211e-03,-2.465263e-02,5.642105e-03,-1.148907e+01,2.120000e+01,1.080000e+01,-1.640000e+01
4.157924e-01,6.710000e-02,6.134974e-01,1.204289e-01,2.100939e+01,5.280000e+01,1.454000e+02,-1.089000e+02,-2.871535e-02,4.034211e-03,-2.075263e-02,6.742105e-03,-1.192910e+01,2.240000e+01,1.120000e+01,-1.720000e+01
4.197284e-01,3.760000e-02,6.263974e-01,1.245289e-01,-3.027368e+00,4.950000e+01,1.475000e+02,-1.423000e+02,-2.921949e-02,5.534211e-03,-1.345263e-02,8.142105e-03,-1.103864e+01,2.130000e+01,1.020000e+01,-1.620000e+01
2.829201e-01,-1.614000e-01,6.123974e-01,5.232895e-02,-3.343147e+01,5.540000e+01,1.551000e+02,-1.944000e+02,-2.968494e-02,7.034211e-03,-6.752632e-03,9.342105e-03,-9.734586e+00,1.960000e+01,9.900000e+00,-1.430000e+01
1.002471e-01,-3.633000e-01,5.672974e-01,-7.567105e-02,-3.911224e+01,6.830000e+01,1.653000e+02,-2.179000e+02,-3.061033e-02,7.234211e-03,2.847368e-03,1.134211e-02,-9.260935e+00,1.670000e+01,9.300000e+00,-1.300000e+01
-1.170947e-02,-4.724000e-01,5.255974e-01,-1.691711e-01,-3.883901e+01,6.830000e+01,1.653000e+02,-2.179000e+02,-3.091296e-02,6.934211e-03,1.354737e-02,1.444211e-02,-8.477916e+00,1.300000e+01,8.000000e+00,-1.130000e+01
-5.535058e-02,-4.400000e-01,4.207974e-01,-1.825711e-01,-1.598469e+01,9.040000e+01,1.779000e+02,-2.076000e+02,-3.195803e-02,6.634211e-03,2.524737e-02,1.694211e-02,-7.695207e+00,1.230000e+01,7.100000e+00,-1.050000e+01
-5.658331e-02,-3.238000e-01,3.272974e-01,-1.623711e-01,-1.560479e+01,9.040000e+01,1.779000e+02,-2.076000e+02,-3.285427e-02,6.134211e-03,3.664737e-02,1.954211e-02,-7.001615e+00,1.040000e+01,7.100000e+00,-9.100000e+00
-3.420966e-02,-2.022000e-01,2.458974e-01,-9.897105e-02,2.434865e+01,1.022000e+02,1.896000e+02,-1.675000e+02,-3.319448e-02,6.134211e-03,4.654737e-02,2.204211e-02,-6.389811e+00,8.600000e+00,6.200000e+00,-8.100000e+00
-1.205345e-02,-1.104000e-01,1.901974e-01,-3.107105e-02,3.201264e+01,1.031000e+02,1.918000e+02,-1.593000e+02,-3.359414e-02,4.734211e-03,5.294737e-02,2.384211e-02,-6.034170e+00,7.800000e+00,5.700000e+00,-7.600000e+00
-1.536848e-02,-5.480000e-02,1.335974e-01,2.522895e-02,3.939677e+01,1.001000e+02,1.936000e+02,-1.500000e+02,-3.364828e-02,3.634211e-03,5.674737e-02,2.514211e-02,-6.553105e+00,7.500000e+00,6.300000e+00,-7.900000e+00
-6.181731e-02,-2.590000e-02,4.819737e-02,6.492895e-02,3.769388e+01,9.860000e+01,1.913000e+02,-1.498000e+02,-3.383354e-02,3.134211e-03,5.974737e-02,2.584211e-02,-5.454849e+00,7.800000e+00,6.000000e+00,-6.900000e+00
-1.193837e-01,4.000000e-04,-3.310263e-02,9.462895e-02,2.607518e+01,9.650000e+01,1.819000e+02,-1.565000e+02,-3.350375e-02,1.334211e-03,6.114737e-02,2.714211e-02,-6.388789e+00,6.400000e+00,7.200000e+00,-7.100000e+00
-1.563171e-01,3.640000e-02,-6.960263e-02,1.153289e-01,5.642550e+00,9.010000e+01,1.667000e+02,-1.696000e+02,-3.366028e-02,4.342105e-04,6.004737e-02,2.684211e-02,-6.333999e+00,6.400000e+00,6.700000e+00,-7.200000e+00
-1.813832e-01,7.460000e-02,-7.660263e-02,1.270289e-01,-1.948786e+01,8.080000e+01,1.408000e+02,-1.785000e+02,-3.361752e-02,-1.065789e-03,5.854737e-02,2.684211e-02,-5.463957e+00,6.800000e+00,6.000000e+00,-6.600000e+00
-2.121560e-01,1.055000e-01,-8.720263e-02,1.362289e-01,-4.869050e+01,7.780000e+01,1.054000e+02,-1.832000e+02,-3.368447e-02,-2.365789e-03,5.694737e-02,2.664211e-02,-5.487979e+00,6.400000e+00,6.000000e+00,-6.500000e+00
-2.268791e-01,1.339000e-01,-7.620263e-02,1.479289e-01,-6.300244e+01,7.660000e+01,8.790000e+01,-1.852000e+02,-3.319126e-02,-2.365789e-03,5.434737e-02,2.634211e-02,-5.460018e+00,5.300000e+00,6.000000e+00,-6.100000e+00
-2.402953e-01,1.809000e-01,-6.900263e-02,1.707289e-01,-8.235256e+01,7.510000e+01,6.420000e+01,-1.878000e+02,-3.325503e-02,-3.765789e-03,5.384737e-02,2.654211e-02,-4.724468e+00,5.000000e+00,6.000000e+00,-5.200000e+00
-2.429497e-01,2.429000e-01,-4.150263e-02,1.937289e-01,-8.807280e+01,6.460000e+01,5.650000e+01,-1.896000e+02,-3.330749e-02,-5.065789e-03,5.484737e-02,2.714211e-02,-5.354956e+00,5.000000e+00,6.000000e+00,-5.900000e+00
-2.643373e-01,3.293000e-01,-3.330263e-02,2.274289e-01,-8.093742e+01,6.340000e+01,6.840000e+01,-1.927000e+02,-3.239568e-02,-5.065789e-03,5.234737e-02,2.734211e-02,-5.536974e+00,4.200000e+00,5.400000e+00,-6.000000e+00
-3.246460e-01,4.277000e-01,-6.170263e-02,2.609289e-01,-6.112756e+01,5.930000e+01,8.920000e+01,-1.873000e+02,-3.163785e-02,-5.765789e-03,5.354737e-02,2.864211e-02,-4.312077e+00,6.200000e+00,4.900000e+00,-5.500000e+00
-4.101593e-01,5.222000e-01,-1.071026e-01,2.782289e-01,-3.785267e+01,4.410000e+01,9.570000e+01,-1.628000e+02,-3.138718e-02,-7.265789e-03,5.464737e-02,2.964211e-02,-4.303555e+00,6.200000e+00,4.900000e+00,-5.500000e+00
-5.169920e-01,6.044000e-01,-1.673026e-01,2.767289e-01,-2.968868e+01,3.490000e+01,9.190000e+01,-1.483000e+02,-3.124204e-02,-7.465789e-03,5.524737e-02,2.994211e-02,-4.295152e+00,6.200000e+00,4.900000e+00,-5.500000e+00
-6.351760e-01,6.848000e-01,-2.374026e-01,2.617289e-01,-2.103198e+01,2.020000e+01,7.910000e+01,-1.245000e+02,-3.081627e-02,-8.965789e-03,5.634737e-02,3.114211e-02,-4.286950e+00,6.200000e+00,4.900000e+00,-5.500000e+00
-7.596076e-01,7.787000e-01,-3.030026e-01,2.334289e-01,-1.507158e+01,8.900000e+00,7.040000e+01,-1.091000e+02,-3.016287e-02,-9.465789e-03,5.594737e-02,3.184211e-02,-4.278933e+00,6.200000e+00,4.900000e+00,-5.500000e+00
-8.891982e-01,8.860000e-01,-3.622026e-01,1.923289e-01,-1.341887e+01,2.500000e+00,6.010000e+01,-9.670000e+01,-2.986615e-02,-9.265789e-03,5.564737e-02,3.194211e-02,-4.271032e+00,6.200000e+00,4.900000e+00,-5.500000e+00
-1.023129e+00,9.923000e-01,-4.168026e-01,1.367289e-01,-1.274512e+01,1.900000e+00,5.340000e+01,-8.740000e+01,-2.915348e-02,-1.146579e-02,5.874737e-02,3.394211e-02,-4.683508e+00,5.500000e+00,-1.400000e+00,-7.400000e+00
-1.164082e+00,1.079300e+00,-4.748026e-01,6.032895e-02,-1.322907e+01,3.600000e+00,4.690000e+01,-7.900000e+01,-2.694295e-02,-1.166579e-02,6.264737e-02,3.704211e-02,-3.789657e+00,4.200000e+00,-3.000000e+00,-6.400000e+00
-1.302211e+00,1.121900e+00,-5.426026e-01,-3.947105e-02,-1.587940e+01,-2.500000e+00,2.720000e+01,-6.270000e+01,-2.499278e-02,-1.226579e-02,6.554737e-02,3.974211e-02,-3.787472e+00,4.200000e+00,-3.000000e+00,-6.400000e+00
-1.420373e+00,1.122400e+00,-5.962026e-01,-1.587711e-01,-1.775415e+01,-7.300000e+00,1.430000e+01,-5.290000e+01,-2.380117e-02,-1.346579e-02,7.344737e-02,4.314211e-02,-3.786130e+00,4.200000e+00,-3.000000e+00,-6.400000e+00
-1.507567e+00,1.105600e+00,-6.256026e-01,-2.812711e-01,-1.976128e+01,-1.700000e+01,-7.900000e+00,-3.520000e+01,-2.207153e-02,-1.316579e-02,7.944737e-02,4.584211e-02,-2.235976e+00,-3.100000e+00,-1.020000e+01,-4.000000e+00
-1.570196e+00,1.086900e+00,-6.449026e-01,-3.863711e-01,-2.096274e+01,-2.270000e+01,-2.600000e+01,-1.880000e+01,-1.989270e-02,-1.286579e-02,8.504737e-02,4.884211e-02,-8.185519e-01,-5.900000e+00,-1.350000e+01,-2.300000e+00
-1.613980e+00,1.074300e+00,-6.571026e-01,-4.703711e-01,-2.374928e+01,-1.470000e+01,-3.830000e+01,-3.500000e+00,-1.730471e-02,-1.206579e-02,9.014737e-02,5.194211e-02,-7.154653e-01,-7.400000e+00,-1.530000e+01,-2.100000e+00
-1.639173e+00,1.051500e+00,-6.652026e-01,-5.389711e-01,-2.915768e+01,1.800000e+00,-4.910000e+01,1.070000e+01,-1.438818e-02,-1.086579e-02,9.224737e-02,5.444211e-02,-4.067598e-01,-1.040000e+01,-1.740000e+01,-1.200000e+00
-1.638481e+00,1.006000e+00,-6.702026e-01,-5.870711e-01,-3.770313e+01,1.460000e+01,-6.430000e+01,2.230000e+01,-1.050814e-02,-9.465789e-03,9.174737e-02,5.714211e-02,-6.645517e-01,-1.210000e+01,-2.070000e+01,-1.700000e+00
-1.605074e+00,9.599000e-01,-6.522026e-01,-6.189711e-01,-3.475108e+01,-3.160000e+01,-8.900000e+01,2.920000e+01,-5.812897e-03,-8.265789e-03,9.174737e-02,6.084211e-02,-1.432420e+00,-1.280000e+01,-2.390000e+01,-3.100000e+00
-1.533052e+00,8.977000e-01,-6.085026e-01,-6.391711e-01,-3.231548e+01,-6.970000e+01,-1.197000e+02,4.780000e+01,7.761678e-04,-6.865789e-03,8.884737e-02,6.564211e-02,-1.328494e+00,-1.300000e+01,-2.850000e+01,-4.100000e+00
-1.401737e+00,7.519000e-01,-6.264026e-01,-5.696711e-01,-3.016139e+01,-8.810000e+01,-1.915000e+02,1.229000e+02,1.277206e-02,-7.365789e-03,8.344737e-02,7.624211e-02,2.446312e+00,-1.210000e+01,-3.770000e+01,-2.700000e+00
-1.079033e+00,5.302000e-01,-4.956026e-01,-3.987711e-01,6.125513e+01,-1.159000e+02,-1.560000e+02,2.130000e+02,2.765340e-02,-7.765789e-03,7.584737e-02,8.914211e-02,8.418279e+00,-8.800000e+00,-5.020000e+01,-7.000000e-01
-8.412382e-01,4.803000e-01,-3.844026e-01,-2.551711e-01,1.031459e+02,-1.384000e+02,-1.062000e+02,2.155000e+02,4.302813e-02,-9.465789e-03,6.054737e-02,1.010421e-01,8.959301e+00,-7.400000e+00,-5.640000e+01,-2.300000e+00
-7.112922e-01,5.009000e-01,-3.060026e-01,-1.855711e-01,1.321339e+02,-1.665000e+02,-6.300000e+00,1.497000e+02,5.838025e-02,-1.106579e-02,4.874737e-02,1.136421e-01,6.756851e+00,-5.700000e+00,-7.030000e+01,-9.200000e+00
-5.158849e-01,5.941000e-01,-1.311026e-01,-6.317105e-02,3.680530e+01,-6.060000e+01,1.490000e+01,2.250000e+01,7.402925e-02,-1.416579e-02,4.234737e-02,1.287421e-01,6.370993e+00,-9.700000e+00,-8.500000e+01,-1.190000e+01
-4.534525e-01,5.587000e-01,-1.298026e-01,5.728947e-03,3.470898e+01,-5.590000e+01,1.550000e+01,2.030000e+01,9.189923e-02,-1.836579e-02,3.544737e-02,1.469421e-01,6.525865e+00,-1.420000e+01,-1.043000e+02,-1.500000e+01
-3.634560e-01,4.486000e-01,-1.284026e-01,9.392895e-02,1.881898e+01,-2.040000e+01,5.000000e-01,2.060000e+01,1.084356e-01,-2.156579e-02,3.044737e-02,1.642421e-01,4.888177e+00,-1.970000e+01,-1.267000e+02,-2.050000e+01
-2.693275e-01,3.839000e-01,-1.040026e-01,1.812289e-01,1.506184e+01,7.000000e+00,3.200000e+00,1.930000e+01,1.197565e-01,-2.506579e-02,2.744737e-02,1.772421e-01,-1.255026e+00,-2.880000e+01,-1.474000e+02,-2.890000e+01
-1.881356e-01,3.091000e-01,-8.020263e-02,2.517289e-01,7.876435e+00,1.640000e+01,2.800000e+00,1.190000e+01,1.296487e-01,-2.786579e-02,1.954737e-02,1.881421e-01,-2.637788e+00,-3.030000e+01,-1.578000e+02,-3.270000e+01
-1.274536e-01,2.640000e-01,-6.890263e-02,3.139289e-01,1.730722e+00,1.820000e+01,2.500000e+00,4.100000e+00,1.345942e-01,-2.996579e-02,1.004737e-02,1.939421e-01,-8.097165e+00,-3.400000e+01,-1.796000e+02,-4.350000e+01
-9.288545e-02,2.977000e-01,1.249737e-02,2.936289e-01,2.589219e+00,1.670000e+01,4.800000e+00,2.800000e+00,1.309533e-01,-2.956579e-02,3.473684e-04,1.896421e-01,-1.382045e+01,-3.420000e+01,-2.009000e+02,-5.670000e+01
-2.305880e-01,4.150000e-01,-4.600263e-02,1.828289e-01,3.309971e+00,1.510000e+01,6.000000e+00,2.300000e+00,1.202476e-01,-2.946579e-02,-5.352632e-03,1.801421e-01,-1.999990e+01,-3.760000e+01,-2.230000e+02,-6.890000e+01
-3.035044e-01,3.726000e-01,-7.880263e-02,1.024289e-01,3.876364e+00,1.350000e+01,6.000000e+00,2.700000e+00,1.103793e-01,-2.226579e-02,-1.765263e-02,1.666421e-01,-2.369083e+01,-2.930000e+01,-2.414000e+02,-8.530000e+01
-2.877003e-01,2.625000e-01,-7.560263e-02,9.642895e-02,5.107407e+00,8.300000e+00,6.600000e+00,2.700000e+00,9.692914e-02,-1.336579e-02,-3.175263e-02,1.485421e-01,-2.960123e+01,-2.180000e+01,-2.555000e+02,-1.034000e+02
-3.648822e-01,8.150000e-02,-1.693026e-01,3.682895e-02,7.004254e+00,3.000000e+00,6.900000e+00,3.900000e+00,8.067574e-02,-1.065789e-03,-5.325263e-02,1.234421e-01,-3.293002e+01,-1.170000e+01,-2.695000e+02,-1.211000e+02
-3.074060e-01,3.070000e-02,-9.120263e-02,3.132895e-02,8.180794e+00,-1.600000e+00,7.600000e+00,3.900000e+00,6.175928e-02,1.183421e-02,-7.385263e-02,9.514211e-02,-3.294461e+01,-1.170000e+01,-2.695000e+02,-1.211000e+02
-2.777311e-01,6.100000e-02,-1.860263e-02,9.628947e-03,9.139587e+00,-4.300000e+00,8.100000e+00,4.200000e+00,4.222447e-02,2.353421e-02,-9.345263e-02,6.824211e-02,-3.293630e+01,-1.170000e+01,-2.695000e+02,-1.211000e+02
-2.645424e-01,5.430000e-02,2.139737e-02,-1.237105e-02,9.193740e+00,-5.500000e+00,7.600000e+00,4.500000e+00,2.713148e-02,4.753421e-02,-1.416526e-01,3.114211e-02,-3.198401e+01,3.210000e+01,-2.860000e+02,-1.756000e+02
-2.586925e-01,5.150000e-02,3.489737e-02,-1.907105e-02,8.330351e+00,-6.900000e+00,7.100000e+00,3.500000e+00,1.433080e-02,7.573421e-02,-1.862526e-01,-2.257895e-03,-2.597851e+01,4.670000e+01,-2.916000e+02,-1.861000e+02
-2.552387e-01,3.450000e-02,3.529737e-02,-1.987105e-02,7.563166e+00,-6.400000e+00,6.300000e+00,3.300000e+00,9.584354e-03,1.099342e-01,-2.254526e-01,-2.585789e-02,-1.783017e+01,5.870000e+01,-2.792000e+02,-1.859000e+02
-2.514153e-01,2.130000e-02,3.269737e-02,-1.657105e-02,6.360987e+00,-5.900000e+00,5.500000e+00,2.500000e+00,3.562315e-02,1.602342e-01,-2.574526e-01,-1.695789e-02,-6.575495e+00,5.420000e+01,-2.583000e+02,-1.531000e+02
-2.504547e-01,1.810000e-02,2.809737e-02,-1.327105e-02,5.046800e+00,-3.600000e+00,4.700000e+00,1.900000e+00,1.309691e-01,2.558342e-01,-2.865526e-01,4.314211e-02,-3.340595e+00,1.870000e+01,-2.306000e+02,-7.920000e+01
-2.505534e-01,1.540000e-02,2.199737e-02,-9.771053e-03,4.450750e+00,-1.600000e+00,4.900000e+00,1.300000e+00,2.799991e-01,3.919342e-01,-3.063526e-01,1.136421e-01,-7.846587e+01,-6.890000e+01,-7.190000e+01,-4.920000e+01
-2.496253e-01,1.100000e-02,1.549737e-02,-4.871053e-03,4.046787e+00,-0.000000e+00,4.200000e+00,1.700000e+00,3.775182e-01,4.709342e-01,-3.607526e-01,1.465421e-01,-6.830435e+01,-4.770000e+01,1.428000e+02,-3.540000e+01
-2.494940e-01,7.000000e-03,9.297368e-03,-1.271053e-03,4.704097e+00,-7.000000e-01,4.600000e+00,2.100000e+00,3.772236e-01,4.454342e-01,-4.216526e-01,1.642421e-01,-3.626314e+01,8.300000e+00,2.471000e+02,-5.660000e+01
-2.484751e-01,4.500000e-03,5.997368e-03,1.128947e-03,4.953400e+00,-3.000000e-01,4.400000e+00,2.700000e+00,2.953133e-01,3.426342e-01,-4.560526e-01,1.602421e-01,-2.316327e+01,2.210000e+01,2.137000e+02,-5.750000e+01
-2.472717e-01,3.400000e-03,4.397368e-03,2.328947e-03,3.998765e+00,-1.000000e-01,2.900000e+00,2.800000e+00,2.148322e-01,2.398342e-01,-4.903526e-01,1.562421e-01,-2.349767e+01,2.210000e+01,2.137000e+02,-5.750000e+01
-2.479127e-01,1.900000e-03,5.973684e-04,3.028947e-03,3.844531e+00,1.000000e+00,3.000000e+00,2.700000e+00,1.184341e-01,1.087342e-01,-4.461526e-01,1.657421e-01,-2.102244e+01,-2.220000e+01,6.950000e+01,2.000000e-01
-2.469359e-01,1.400000e-03,-2.302632e-03,5.328947e-03,3.067226e+00,1.600000e+00,2.500000e+00,2.200000e+00,6.668530e-02,2.863421e-02,-4.292526e-01,1.749421e-01,-9.482090e+00,-2.050000e+01,5.980000e+01,1.700000e+01
-2.450306e-01,-9.000000e-04,-3.502632e-03,7.028947e-03,3.070705e+00,1.600000e+00,2.500000e+00,2.200000e+00,4.536338e-02,-1.706579e-02,-4.236526e-01,1.801421e-01,2.906024e+01,-2.800000e+00,7.300000e+01,5.930000e+01
-2.426809e-01,-2.000000e-03,-1.302632e-03,6.428947e-03,2.999815e+00,3.000000e+00,2.000000e+00,2.800000e+00,1.113643e-02,-6.416579e-02,-4.054526e-01,1.565421e-01,6.634015e+01,1.000000e+01,1.092000e+02,1.080000e+02
-2.407705e-01,-2.800000e-03,2.197368e-03,4.228947e-03,3.303258e+00,2.500000e+00,2.900000e+00,2.300000e+00,-9.111037e-02,-1.633658e-01,-3.797526e-01,8.214211e-02,9.199234e+01,1.180000e+01,1.395000e+02,1.510000e+02
-2.392244e-01,-2.300000e-03,5.197368e-03,2.128947e-03,3.527061e+00,1.400000e+00,2.800000e+00,2.500000e+00,-2.397352e-01,-3.217658e-01,-3.459526e-01,3.842105e-03,1.063678e+02,1.070000e+01,1.475000e+02,1.761000e+02
-2.379091e-01,-1.800000e-03,7.797368e-03,2.894737e-05,5.197317e+00,-2.000000e-01,3.900000e+00,3.500000e+00,-3.219127e-01,-4.232658e-01,-2.793526e-01,-3.295789e-02,1.153082e+02,1.210000e+01,1.497000e+02,1.885000e+02
-2.365448e-01,-7.000000e-04,9.397368e-03,-9.710526e-04,5.890451e+00,-1.500000e+00,4.700000e+00,3.500000e+00,-3.118987e-01,-4.062658e-01,-1.988526e-01,-5.195789e-02,1.186565e+02,1.440000e+01,1.541000e+02,1.919000e+02
-2.357870e-01,-2.000000e-04,1.079737e-02,-2.871053e-03,7.650746e+00,-3.700000e+00,5.400000e+00,4.900000e+00,-2.298351e-01,-3.007658e-01,-1.345526e-01,-4.925789e-02,1.189121e+02,1.760000e+01,1.652000e+02,1.917000e+02
-2.347643e-01,-2.000000e-04,1.249737e-02,-4.871053e-03,8.945815e+00,-5.700000e+00,6.000000e+00,5.800000e+00,-1.580210e-01,-1.934658e-01,-6.435263e-02,-4.725789e-02,1.186001e+02,2.270000e+01,1.759000e+02,1.893000e+02
-2.328966e-01,-2.000000e-04,1.409737e-02,-5.571053e-03,1.057964e+01,-6.800000e+00,7.500000e+00,6.500000e+00,-7.693339e-02,-7.086579e-02,-4.365263e-02,-4.545789e-02,1.174989e+02,2.970000e+01,1.733000e+02,1.811000e+02
-2.311958e-01,-4.000000e-04,1.599737e-02,-6.771053e-03,1.157733e+01,-7.800000e+00,8.400000e+00,6.900000e+00,-4.318696e-02,1.434211e-03,7.847368e-03,-4.505789e-02,1.163763e+02,3.660000e+01,1.623000e+02,1.709000e+02
-2.284766e-01,-9.000000e-04,1.879737e-02,-7.471053e-03,1.080435e+01,-7.800000e+00,7.700000e+00,6.500000e+00,-3.375660e-02,4.663421e-02,6.424737e-02,-4.635789e-02,1.188965e+02,4.610000e+01,1.555000e+02,1.649000e+02
-2.274007e-01,-1.400000e-03,1.819737e-02,-7.371053e-03,1.103949e+01,-7.300000e+00,7.600000e+00,7.000000e+00,-2.368166e-02,8.993421e-02,9.534737e-02,-4.775789e-02,1.264482e+02,5.850000e+01,1.546000e+02,1.653000e+02
-2.262951e-01,-2.600000e-03,1.599737e-02,-5.971053e-03,1.072429e+01,-6.800000e+00,7.000000e+00,7.200000e+00,-6.162396e-03,1.436342e-01,1.082474e-01,-4.745789e-02,1.315638e+02,6.500000e+01,1.531000e+02,1.667000e+02
-2.249005e-01,-3.300000e-03,1.409737e-02,-4.271053e-03,9.090627e+00,-5.700000e+00,6.300000e+00,5.800000e+00,1.074436e-02,2.087342e-01,1.142474e-01,-5.165789e-02,1.422988e+02,7.530000e+01,1.485000e+02,1.719000e+02
-2.243769e-01,-5.300000e-03,9.497368e-03,-1.571053e-03,9.702163e+00,-5.400000e+00,6.500000e+00,6.500000e+00,1.765947e-02,2.673342e-01,1.165474e-01,-6.065789e-02,1.538826e+02,8.350000e+01,1.366000e+02,1.773000e+02
-2.237630e-01,-5.900000e-03,6.797368e-03,-1.710526e-04,8.101098e+00,-4.400000e+00,5.600000e+00,5.300000e+00,1.529916e-02,3.069342e-01,1.062474e-01,-7.205789e-02,1.678248e+02,9.510000e+01,1.170000e+02,1.816000e+02
-2.232751e-01,-7.100000e-03,1.097368e-03,3.628947e-03,8.030295e+00,-3.700000e+00,5.500000e+00,5.400000e+00,1.071699e-02,3.366342e-01,7.964737e-02,-8.515789e-02,1.805789e+02,1.038000e+02,9.560000e+01,1.857000e+02
-2.217687e-01,-7.700000e-03,-1.602632e-03,6.228947e-03,6.989742e+00,-3.100000e+00,4.700000e+00,4.800000e+00,8.684792e-03,3.716342e-01,4.304737e-02,-9.955789e-02,1.948968e+02,1.115000e+02,7.850000e+01,1.935000e+02
-2.214404e-01,-8.300000e-03,-5.302632e-03,8.128947e-03,6.632422e+00,-2.200000e+00,4.300000e+00,4.800000e+00,1.008983e-02,4.160342e-01,-1.152632e-03,-1.139579e-01,2.077536e+02,1.150000e+02,7.040000e+01,2.041000e+02
-2.200165e-01,-9.500000e-03,-7.702632e-03,1.042895e-02,6.849943e+00,-1.400000e+00,5.100000e+00,4.500000e+00,8.540451e-03,4.630342e-01,-5.105263e-02,-1.323579e-01,2.205657e+02,1.250000e+02,5.810000e+01,2.110000e+02
-2.208899e-01,-8.400000e-03,-1.090263e-02,1.062895e-02,5.874534e+00,-1.400000e+00,4.300000e+00,3.900000e+00,-7.579315e-03,4.955342e-01,-9.775263e-02,-1.589579e-01,2.382127e+02,1.369000e+02,4.500000e+01,2.225000e+02
-2.207588e-01,-8.900000e-03,-1.420263e-02,1.212895e-02,6.263952e+00,-5.000000e-01,4.800000e+00,4.100000e+00,-3.422010e-02,5.092342e-01,-1.340526e-01,-1.886579e-01,2.536282e+02,1.445000e+02,2.230000e+01,2.309000e+02
-2.198242e-01,-8.600000e-03,-1.550263e-02,1.312895e-02,4.651497e+00,-2.000000e-01,4.100000e+00,2.600000e+00,-5.967527e-02,5.280342e-01,-1.647526e-01,-2.187579e-01,2.660129e+02,1.495000e+02,2.300000e+00,2.378000e+02
-2.199008e-01,-8.600000e-03,-1.780263e-02,1.362895e-02,4.276524e+00,-0.000000e+00,3.900000e+00,2.300000e+00,-8.467122e-02,5.634342e-01,-1.881526e-01,-2.528579e-01,2.702497e+02,1.531000e+02,-1.060000e+01,2.382000e+02
-2.176147e-01,-7.900000e-03,-1.660263e-02,1.432895e-02,4.842737e+00,1.000000e+00,4.100000e+00,3.000000e+00,-1.096031e-01,6.105342e-01,-2.029526e-01,-2.902579e-01,2.705810e+02,1.529000e+02,-2.350000e+01,2.358000e+02
-2.166510e-01,-8.500000e-03,-1.810263e-02,1.542895e-02,3.928429e+00,1.200000e+00,3.300000e+00,2.500000e+00,-1.426195e-01,6.607342e-01,-2.084526e-01,-3.370579e-01,2.719235e+02,1.521000e+02,-3.350000e+01,2.354000e+02
-2.154466e-01,-8.600000e-03,-1.750263e-02,1.522895e-02,3.314149e+00,2.000000e+00,3.500000e+00,1.600000e+00,-1.852435e-01,7.008342e-01,-2.098526e-01,-3.963579e-01,2.746601e+02,1.430000e+02,-6.070000e+01,2.361000e+02
-2.155600e-01,-9.400000e-03,-1.970263e-02,1.562895e-02,3.317277e+00,2.000000e+00,3.500000e+00,1.600000e+00,-2.349255e-01,7.318342e-01,-2.112526e-01,-4.696579e-01,2.741622e+02,1.257000e+02,-9.580000e+01,2.350000e+02
-2.141355e-01,-9.900000e-03,-1.950263e-02,1.602895e-02,3.320384e+00,2.000000e+00,3.500000e+00,1.600000e+00,-2.907339e-01,7.513342e-01,-1.970526e-01,-5.545579e-01,2.676912e+02,9.480000e+01,-1.313000e+02,2.325000e+02
-2.140040e-01,-9.800000e-03,-2.090263e-02,1.602895e-02,2.364241e+00,2.800000e+00,1.900000e+00,1.800000e+00,-3.422847e-01,7.579342e-01,-1.772526e-01,-6.401579e-01,2.546555e+02,7.530000e+01,-1.655000e+02,2.198000e+02
-2.123702e-01,-1.140000e-02,-2.070263e-02,1.652895e-02,2.744760e+00,3.000000e+00,2.500000e+00,1.800000e+00,-3.711497e-01,7.842342e-01,-1.836526e-01,-7.158579e-01,2.172807e+02,9.620000e+01,-1.733000e+02,1.700000e+02
-2.104399e-01,-1.090000e-02,-1.960263e-02,1.692895e-02,2.684576e+00,3.700000e+00,2.600000e+00,1.700000e+00,-3.800113e-01,8.443342e-01,-1.881526e-01,-7.843579e-01,1.601444e+02,1.061000e+02,-1.633000e+02,1.049000e+02
-2.089761e-01,-1.130000e-02,-1.840263e-02,1.652895e-02,2.878519e+00,4.200000e+00,2.600000e+00,2.000000e+00,-3.745581e-01,9.048342e-01,-1.534526e-01,-8.360579e-01,1.270931e+02,1.073000e+02,-1.624000e+02,6.780000e+01
-2.064974e-01,-1.210000e-02,-1.770263e-02,1.782895e-02,2.820897e+00,4.600000e+00,2.200000e+00,2.300000e+00,-3.458835e-01,9.901342e-01,-1.023526e-01,-8.650579e-01,6.611558e+01,1.070000e+02,-1.160000e+02,6.200000e+00
-2.059330e-01,-1.290000e-02,-1.880263e-02,1.812895e-02,3.999334e+00,5.700000e+00,2.500000e+00,3.700000e+00,-3.076471e-01,1.093634e+00,-4.445263e-02,-8.751579e-01,4.123068e+01,5.690000e+01,-2.920000e+01,1.410000e+01
-2.040192e-01,-1.290000e-02,-1.640263e-02,1.722895e-02,2.853084e+00,6.700000e+00,1.300000e+00,3.300000e+00,-2.985294e-01,1.119534e+00,-2.015263e-02,-8.649579e-01,3.757953e+01,-3.640000e+01,4.940000e+01,6.690000e+01
-2.025075e-01,-1.320000e-02,-1.690263e-02,1.832895e-02,2.319817e+00,7.400000e+00,1.000000e+00,2.900000e+00,-2.801639e-01,1.023834e+00,-1.007526e-01,-7.799579e-01,2.515524e+01,-3.870000e+01,1.164000e+02,6.290000e+01
-2.002271e-01,-1.370000e-02,-1.530263e-02,1.852895e-02,1.484125e+00,8.500000e+00,-3.000000e-01,3.000000e+00,-2.473460e-01,8.247342e-01,-1.553526e-01,-6.351579e-01,-4.637301e+00,-1.750000e+01,1.083000e+02,1.850000e+01
-1.976028e-01,-1.390000e-02,-1.460263e-02,1.992895e-02,1.648721e-01,9.300000e+00,-1.800000e+00,2.600000e+00,-2.042589e-01,6.050342e-01,-1.525526e-01,-4.783579e-01,-2.273725e+01,-1.890000e+01,6.650000e+01,-6.900000e+00
-1.933870e-01,-1.570000e-02,-1.230263e-02,2.172895e-02,-7.305787e-01,1.000000e+01,-3.700000e+00,3.100000e+00,-1.185221e-01,5.241342e-01,-1.797526e-01,-3.620579e-01,-4.918699e+01,-2.440000e+01,-4.670000e+01,-5.040000e+01
-1.869024e-01,-1.610000e-02,-5.402632e-03,2.232895e-02,-1.159202e+00,9.400000e+00,-5.700000e+00,4.200000e+00,-2.657613e-02,5.452342e-01,-1.546526e-01,-2.723579e-01,-4.421378e+01,-5.500000e+00,-3.140000e+01,-5.130000e+01
-1.824335e-01,-1.690000e-02,-2.026316e-04,2.152895e-02,4.183003e-01,1.010000e+01,-5.900000e+00,6.500000e+00,6.971582e-03,4.309342e-01,-1.240526e-01,-1.746579e-01,-1.374455e+01,1.180000e+01,2.470000e+01,-1.720000e+01
-1.802469e-01,-1.660000e-02,1.497368e-03,2.052895e-02,9.299148e-01,8.700000e+00,-7.100000e+00,8.100000e+00,2.193297e-02,2.748342e-01,-1.318526e-01,-8.525789e-02,-2.098297e+01,1.070000e+01,1.750000e+01,-2.580000e+01
-1.784944e-01,-1.420000e-02,4.597368e-03,1.792895e-02,2.069260e-01,8.800000e+00,-7.200000e+00,7.200000e+00,2.180510e-02,1.259342e-01,-1.529526e-01,-1.885789e-02,-2.196404e+01,6.400000e+00,9.800000e+00,-2.600000e+01
-1.776761e-01,-1.390000e-02,3.297368e-03,1.782895e-02,2.746215e+00,1.020000e+01,-5.900000e+00,9.500000e+00,7.724758e-04,-5.296579e-02,-1.888526e-01,3.594211e-02,-1.033741e+01,6.700000e+00,1.410000e+01,-1.260000e+01
-1.748891e-01,-1.240000e-02,6.597368e-03,1.612895e-02,2.866878e-01,9.300000e+00,-8.700000e+00,8.600000e+00,3.435843e-03,-1.670658e-01,-1.905526e-01,9.114211e-02,-3.736228e+00,7.400000e+00,9.600000e+00,-6.200000e+00
-1.740415e-01,-1.050000e-02,7.197368e-03,1.442895e-02,2.522312e+00,1.170000e+01,-6.800000e+00,1.000000e+01,-4.466695e-03,-1.484658e-01,-8.215263e-02,8.854211e-02,-3.247291e-01,1.200000e+00,3.600000e+00,-4.000000e-01
-1.697467e-01,-1.070000e-02,1.199737e-02,1.312895e-02,3.024040e+00,1.090000e+01,-8.500000e+00,1.210000e+01,-7.589773e-03,-2.936579e-02,-1.652632e-03,4.144211e-02,7.274770e-01,-4.800000e+00,3.400000e+00,3.500000e+00
-1.675533e-01,-6.800000e-03,1.589737e-02,9.928947e-03,5.610908e+00,1.300000e+01,-7.700000e+00,1.490000e+01,7.770437e-03,1.142342e-01,1.094737e-02,-6.457895e-03,6.933112e-02,-9.600000e+00,0.000000e+00,4.500000e+00
-1.656357e-01,-4.500000e-03,2.099737e-02,4.828947e-03,9.620826e+00,1.530000e+01,-7.800000e+00,2.040000e+01,3.664077e-03,1.252342e-01,4.864737e-02,-1.145789e-02,1.446103e-01,-1.260000e+01,-1.300000e+00,5.800000e+00
-1.655506e-01,-7.000000e-04,2.249737e-02,4.289474e-04,1.252423e+01,1.640000e+01,-6.600000e+00,2.320000e+01,-2.757100e-02,1.553421e-02,5.794737e-02,5.342105e-03,1.228360e+00,-1.290000e+01,-1.100000e+00,7.200000e+00
-1.646512e-01,1.900000e-03,2.439737e-02,-3.471053e-03,1.795856e+01,1.860000e+01,-4.600000e+00,2.870000e+01,-2.379510e-02,1.313421e-02,5.294737e-02,9.242105e-03,1.275680e+00,-1.270000e+01,-1.000000e+00,7.200000e+00
-1.624713e-01,4.800000e-03,2.779737e-02,-7.071053e-03,2.193161e+01,2.060000e+01,-2.700000e+00,3.230000e+01,-1.348639e-02,4.213421e-02,4.544737e-02,5.342105e-03,1.721876e+00,-1.110000e+01,-2.000000e-01,7.100000e+00
-1.597584e-01,5.600000e-03,3.079737e-02,-9.571053e-03,2.539672e+01,2.340000e+01,-8.000000e-01,3.520000e+01,-1.556322e-02,2.343421e-02,3.154737e-02,8.942105e-03,2.026517e+00,-9.200000e+00,0.000000e+00,6.600000e+00
-1.551345e-01,8.900000e-03,3.819737e-02,-1.377105e-02,2.709810e+01,2.420000e+01,-1.100000e+00,3.770000e+01,-1.540230e-02,8.334211e-03,1.854737e-02,1.354211e-02,1.721481e+00,-6.500000e+00,0.000000e+00,5.000000e+00
-1.532206e-01,9.600000e-03,3.639737e-02,-1.337105e-02,2.739561e+01,2.530000e+01,-2.500000e+00,3.930000e+01,-1.607273e-02,6.234211e-03,3.447368e-03,1.074211e-02,1.551239e+00,-3.400000e+00,-3.000000e-01,3.300000e+00
-1.474778e-01,1.060000e-02,4.179737e-02,-1.467105e-02,2.688244e+01,2.730000e+01,-4.900000e+00,4.070000e+01,-1.991970e-02,2.834211e-03,-1.505263e-02,4.442105e-03,2.038784e-01,-1.200000e+00,0.000000e+00,8.000000e-01
-1.468463e-01,1.370000e-02,3.839737e-02,-1.487105e-02,2.643361e+01,2.790000e+01,-6.000000e+00,4.100000e+01,-2.197907e-02,4.234211e-03,-2.715263e-02,-1.057895e-03,3.565926e-01,-0.000000e+00,0.000000e+00,4.000000e-01
-1.438655e-01,1.360000e-02,3.819737e-02,-1.487105e-02,2.390390e+01,2.890000e+01,-9.200000e+00,4.040000e+01,-2.340167e-02,5.334211e-03,-3.505263e-02,-4.957895e-03,6.831813e-01,1.600000e+00,0.000000e+00,0.000000e+00
-1.437824e-01,1.680000e-02,3.249737e-02,-1.387105e-02,2.204094e+01,2.910000e+01,-1.150000e+01,3.990000e+01,-2.441918e-02,4.834211e-03,-3.945263e-02,-6.957895e-03,1.207754e+00,3.800000e+00,4.000000e-01,-4.000000e-01
-1.436458e-01,1.700000e-02,2.519737e-02,-1.117105e-02,2.096950e+01,2.810000e+01,-1.320000e+01,4.000000e+01,-2.453978e-02,3.434211e-03,-4.085263e-02,-6.957895e-03,1.904022e+00,5.000000e+00,4.000000e-01,-2.000000e-01
-1.404988e-01,1.890000e-02,2.139737e-02,-8.171053e-03,1.810234e+01,2.500000e+01,-1.720000e+01,4.000000e+01,-2.440812e-02,1.934211e-03,-3.995263e-02,-6.157895e-03,1.267507e+00,5.700000e+00,1.300000e+00,-1.100000e+00
-1.361370e-01,2.090000e-02,1.869737e-02,-4.771053e-03,1.709145e+01,2.410000e+01,-1.950000e+01,4.080000e+01,-2.414935e-02,2.034211e-03,-3.565263e-02,-5.357895e-03,2.000748e+00,6.300000e+00,1.700000e+00,-5.000000e-01
-1.307501e-01,2.320000e-02,1.749737e-02,-1.371053e-03,1.854154e+01,2.360000e+01,-1.840000e+01,4.170000e+01,-2.314819e-02,2.934211e-03,-3.055263e-02,-3.957895e-03,1.635084e+00,6.000000e+00,2.100000e+00,-7.000000e-01
-1.269816e-01,2.740000e-02,1.909737e-02,-3.171053e-03,2.484884e+01,2.400000e+01,-1.370000e+01,4.580000e+01,-2.225218e-02,4.434211e-03,-2.475263e-02,-2.857895e-03,2.472024e+00,6.100000e+00,1.600000e+00,1.000000e-01
-1.263025e-01,3.240000e-02,2.069737e-02,-9.671053e-03,3.080319e+01,2.280000e+01,-9.800000e+00,5.040000e+01,-2.152336e-02,5.734211e-03,-1.835263e-02,-1.757895e-03,2.100733e+00,5.700000e+00,1.200000e+00,-2.000000e-01
-1.263525e-01,3.990000e-02,2.299737e-02,-1.847105e-02,3.687554e+01,2.300000e+01,-5.900000e+00,5.500000e+01,-2.032092e-02,5.834211e-03,-1.235263e-02,3.421053e-04,1.711574e+00,4.200000e+00,7.000000e-01,0.000000e+00
-1.260190e-01,4.690000e-02,2.579737e-02,-2.747105e-02,4.282182e+01,2.340000e+01,-2.500000e+00,5.990000e+01,-1.957335e-02,5.634211e-03,-6.952632e-03,1.942105e-03,2.066406e+00,3.100000e+00,5.000000e-01,9.000000e-01
-1.264247e-01,5.300000e-02,2.799737e-02,-3.707105e-02,4.742560e+01,2.680000e+01,-1.300000e+00,6.460000e+01,-1.889071e-02,4.534211e-03,-3.252632e-03,3.642105e-03,7.324201e-01,2.600000e+00,1.400000e+00,-2.000000e-01
-1.250203e-01,6.040000e-02,3.209737e-02,-4.657105e-02,5.305888e+01,2.980000e+01,8.000000e-01,6.990000e+01,-1.843367e-02,3.934211e-03,-1.852632e-03,4.442105e-03,1.161564e+00,3.100000e+00,1.200000e+00,0.000000e+00
-1.242410e-01,6.850000e-02,3.479737e-02,-5.617105e-02,5.532606e+01,3.060000e+01,6.000000e-01,7.310000e+01,-1.786851e-02,3.134211e-03,-1.652632e-03,5.242105e-03,9.628693e-01,3.100000e+00,8.000000e-01,-3.000000e-01
-1.250099e-01,7.680000e-02,3.489737e-02,-6.567105e-02,5.991882e+01,3.330000e+01,2.700000e+00,7.690000e+01,-1.782898e-02,3.534211e-03,-1.052632e-03,4.942105e-03,8.794321e-01,3.800000e+00,5.000000e-01,-8.000000e-01
-1.273341e-01,8.280000e-02,3.329737e-02,-7.547105e-02,6.441375e+01,3.710000e+01,3.900000e+00,8.120000e+01,-1.765312e-02,2.534211e-03,-1.852632e-03,5.242105e-03,4.981831e-01,3.600000e+00,7.000000e-01,-1.100000e+00
-1.293105e-01,8.890000e-02,3.099737e-02,-8.437105e-02,7.077144e+01,3.930000e+01,7.100000e+00,8.650000e+01,-1.786277e-02,2.034211e-03,-2.852632e-03,4.842105e-03,1.131205e+00,4.300000e+00,9.000000e-01,-7.000000e-01
-1.305826e-01,9.430000e-02,2.579737e-02,-8.917105e-02,7.679571e+01,4.140000e+01,1.070000e+01,9.090000e+01,-1.748916e-02,1.634211e-03,-2.752632e-03,5.242105e-03,3.558896e-01,4.400000e+00,0.000000e+00,-1.800000e+00
-1.275923e-01,9.970000e-02,2.219737e-02,-8.967105e-02,8.311517e+01,4.230000e+01,1.380000e+01,9.660000e+01,-1.737964e-02,9.342105e-04,-3.452632e-03,5.342105e-03,7.526786e-01,4.700000e+00,-5.000000e-01,-1.600000e+00
-1.235197e-01,1.039000e-01,1.929737e-02,-8.897105e-02,9.242065e+01,4.360000e+01,2.070000e+01,1.026000e+02,-1.735633e-02,1.134211e-03,-2.152632e-03,5.242105e-03,3.425839e-01,3.600000e+00,-4.000000e-01,-1.500000e+00
-1.178028e-01,1.099000e-01,1.889737e-02,-8.917105e-02,9.583508e+01,4.430000e+01,2.290000e+01,1.050000e+02,-1.680809e-02,1.834211e-03,-1.352632e-03,5.342105e-03,3.675887e-01,2.200000e+00,-1.100000e+00,-9.000000e-01
-1.137651e-01,1.146000e-01,1.789737e-02,-9.127105e-02,1.027577e+02,4.610000e+01,2.550000e+01,1.119000e+02,-1.627435e-02,2.934211e-03,-1.052632e-03,5.142105e-03,1.195588e-01,2.300000e+00,-9.000000e-01,-1.200000e+00
-1.096455e-01,1.188000e-01,1.779737e-02,-9.427105e-02,1.086879e+02,4.930000e+01,2.780000e+01,1.171000e+02,-1.568509e-02,3.634211e-03,3.473684e-04,5.442105e-03,5.201958e-01,3.100000e+00,-6.000000e-01,-1.100000e+00
-1.065656e-01,1.239000e-01,1.719737e-02,-9.877105e-02,1.141703e+02,5.170000e+01,3.110000e+01,1.208000e+02,-1.554182e-02,4.934211e-03,1.747368e-03,4.942105e-03,4.058697e-01,3.300000e+00,-4.000000e-01,-1.300000e+00
-1.029292e-01,1.286000e-01,1.809737e-02,-1.040711e-01,1.193731e+02,5.410000e+01,3.390000e+01,1.246000e+02,-1.493929e-02,5.334211e-03,2.547368e-03,5.342105e-03,1.443894e+00,4.500000e+00,-2.000000e-01,-7.000000e-01
-9.735933e-02,1.358000e-01,2.099737e-02,-1.095711e-01,1.256907e+02,5.700000e+01,3.940000e+01,1.269000e+02,-1.484124e-02,6.534211e-03,4.147368e-03,4.942105e-03,8.278644e-01,4.500000e+00,9.000000e-01,-1.200000e+00
-9.075189e-02,1.448000e-01,2.429737e-02,-1.145711e-01,1.281522e+02,5.920000e+01,4.270000e+01,1.259000e+02,-1.412415e-02,6.634211e-03,6.247368e-03,5.842105e-03,9.227396e-01,2.900000e+00,-3.000000e-01,-5.000000e-01
-8.443568e-02,1.542000e-01,2.709737e-02,-1.190711e-01,1.343227e+02,6.610000e+01,4.940000e+01,1.246000e+02,-1.376618e-02,6.834211e-03,9.147368e-03,6.442105e-03,1.022870e+00,2.800000e+00,-1.000000e-01,-3.000000e-01
-8.286433e-02,1.592000e-01,2.819737e-02,-1.260711e-01,1.395510e+02,7.060000e+01,5.830000e+01,1.204000e+02,-1.337531e-02,7.234211e-03,1.174737e-02,6.842105e-03,6.535454e-01,5.000000e-01,-1.500000e+00,2.000000e-01
-8.226976e-02,1.606000e-01,3.199737e-02,-1.344711e-01,1.426767e+02,7.460000e+01,6.780000e+01,1.123000e+02,-1.263862e-02,7.434211e-03,1.234737e-02,7.342105e-03,1.011499e+00,-6.000000e-01,-1.400000e+00,1.200000e+00
-7.741625e-02,1.639000e-01,4.479737e-02,-1.440711e-01,1.376813e+02,8.450000e+01,7.830000e+01,8.650000e+01,-1.175074e-02,7.834211e-03,1.384737e-02,8.042105e-03,1.355960e+00,-1.900000e+00,-2.300000e+00,2.100000e+00
-6.365896e-02,1.681000e-01,7.569737e-02,-1.570711e-01,1.173223e+02,9.220000e+01,8.000000e+01,4.670000e+01,-1.131123e-02,7.334211e-03,1.514737e-02,8.642105e-03,1.207665e+00,-3.400000e+00,-2.400000e+00,2.700000e+00
-5.326546e-02,1.531000e-01,1.176974e-01,-1.787711e-01,9.264759e+01,8.150000e+01,6.520000e+01,2.940000e+01,-1.066439e-02,7.334211e-03,1.674737e-02,9.242105e-03,1.032093e+00,-4.300000e+00,-3.800000e+00,2.700000e+00
-5.744463e-02,1.248000e-01,1.411974e-01,-1.962711e-01,8.371953e+01,7.770000e+01,5.670000e+01,2.680000e+01,-9.992691e-03,7.534211e-03,1.814737e-02,9.742105e-03,9.347563e-01,-3.900000e+00,-4.200000e+00,2.300000e+00
-6.237006e-02,1.063000e-01,1.512974e-01,-2.045711e-01,7.614074e+01,7.850000e+01,5.020000e+01,2.140000e+01,-9.189860e-03,7.334211e-03,1.974737e-02,1.064211e-02,1.567867e-01,-5.500000e+00,-4.000000e+00,2.300000e+00
-5.911015e-02,9.750000e-02,1.618974e-01,-2.048711e-01,7.563763e+01,7.810000e+01,5.330000e+01,1.670000e+01,-8.563342e-03,7.534211e-03,2.044737e-02,1.094211e-02,-9.279485e-01,-7.300000e+00,-3.600000e+00,2.100000e+00
-6.350180e-02,8.090000e-02,1.642974e-01,-2.031711e-01,7.319989e+01,7.770000e+01,5.280000e+01,1.320000e+01,-7.995181e-03,8.834211e-03,2.034737e-02,1.044211e-02,-1.111008e+00,-7.300000e+00,-3.100000e+00,2.000000e+00
-7.507260e-02,5.810000e-02,1.582974e-01,-1.991711e-01,6.774955e+01,7.970000e+01,4.740000e+01,9.400000e+00,-7.203455e-03,1.043421e-02,1.964737e-02,9.842105e-03,-1.692861e+00,-1.040000e+01,-4.100000e+00,2.800000e+00
-8.566379e-02,4.160000e-02,1.449974e-01,-1.866711e-01,6.397955e+01,8.060000e+01,4.510000e+01,5.100000e+00,-6.510260e-03,1.153421e-02,1.824737e-02,9.242105e-03,-1.596641e+00,-1.120000e+01,-3.900000e+00,3.400000e+00
-9.547403e-02,2.950000e-02,1.258974e-01,-1.669711e-01,6.440082e+01,7.630000e+01,4.590000e+01,7.200000e+00,-6.572655e-03,1.233421e-02,1.744737e-02,8.042105e-03,-1.191600e+00,-1.190000e+01,-4.200000e+00,4.200000e+00
-1.117202e-01,1.960000e-02,9.389737e-02,-1.412711e-01,6.705856e+01,7.520000e+01,4.840000e+01,9.100000e+00,-6.770282e-03,1.303421e-02,1.534737e-02,6.442105e-03,-9.120447e-01,-1.270000e+01,-4.100000e+00,5.000000e+00
-1.427101e-01,1.080000e-02,3.749737e-02,-1.071711e-01,7.513342e+01,7.490000e+01,5.590000e+01,1.340000e+01,-6.619161e-03,1.403421e-02,1.394737e-02,5.242105e-03,4.535902e-02,-1.210000e+01,-4.100000e+00,5.800000e+00
-1.726542e-01,1.870000e-02,-2.970263e-02,-6.407105e-02,8.264084e+01,7.460000e+01,6.060000e+01,2.070000e+01,-7.019582e-03,1.433421e-02,1.104737e-02,3.442105e-03,1.051753e+00,-1.120000e+01,-4.500000e+00,6.400000e+00
-1.858062e-01,3.930000e-02,-7.750263e-02,-2.417105e-02,8.824622e+01,7.490000e+01,6.380000e+01,2.630000e+01,-7.391307e-03,1.453421e-02,8.047368e-03,1.742105e-03,1.491791e+00,-9.100000e+00,-3.900000e+00,5.900000e+00
-1.962751e-01,5.240000e-02,-1.100026e-01,3.228947e-03,9.302747e+01,7.360000e+01,6.690000e+01,3.150000e+01,-8.216063e-03,1.453421e-02,4.147368e-03,-5.578947e-04,1.486127e+00,-7.500000e+00,-3.100000e+00,5.200000e+00
-2.144649e-01,5.300000e-02,-1.403026e-01,2.032895e-02,9.300696e+01,7.240000e+01,6.430000e+01,3.610000e+01,-8.947604e-03,1.483421e-02,3.473684e-04,-2.857895e-03,1.299489e+00,-5.800000e+00,-2.000000e+00,4.300000e+00
-2.291456e-01,5.760000e-02,-1.626026e-01,2.972895e-02,9.183228e+01,7.190000e+01,6.220000e+01,3.730000e+01,-9.977057e-03,1.463421e-02,-4.052632e-03,-5.357895e-03,6.464216e-01,-4.800000e+00,-1.500000e+00,3.100000e+00
-2.318389e-01,6.770000e-02,-1.701026e-01,3.602895e-02,8.605447e+01,7.030000e+01,5.600000e+01,3.660000e+01,-1.067120e-02,1.383421e-02,-8.752632e-03,-7.157895e-03,1.342067e+00,-2.200000e+00,-9.000000e-01,2.600000e+00
-2.298923e-01,7.590000e-02,-1.657026e-01,3.382895e-02,7.837207e+01,6.820000e+01,4.940000e+01,3.310000e+01,-1.124525e-02,1.343421e-02,-1.195263e-02,-8.657895e-03,1.121332e+00,-1.200000e+00,-4.000000e-01,1.900000e+00
-2.284214e-01,8.070000e-02,-1.578026e-01,2.712895e-02,6.716626e+01,6.600000e+01,3.920000e+01,2.840000e+01,-1.142491e-02,1.303421e-02,-1.495263e-02,-9.657895e-03,8.955228e-01,-1.000000e+00,-9.000000e-01,1.400000e+00
-2.267740e-01,8.150000e-02,-1.460026e-01,1.672895e-02,5.910761e+01,6.240000e+01,3.390000e+01,2.300000e+01,-1.148247e-02,1.253421e-02,-1.725263e-02,-1.025789e-02,8.100073e-01,-3.000000e-01,-1.000000e-01,1.100000e+00
-2.199122e-01,8.190000e-02,-1.280026e-01,5.928947e-03,5.229836e+01,5.750000e+01,2.880000e+01,2.070000e+01,-1.127474e-02,1.253421e-02,-1.895263e-02,-1.065789e-02,8.822002e-01,2.000000e-01,7.000000e-01,1.100000e+00
-2.139357e-01,8.070000e-02,-1.127026e-01,-2.871053e-03,4.640467e+01,5.080000e+01,2.350000e+01,2.190000e+01,-1.085622e-02,1.283421e-02,-1.945263e-02,-1.065789e-02,6.970465e-01,1.000000e+00,1.000000e+00,5.000000e-01
-2.085801e-01,7.830000e-02,-9.790263e-02,-1.157105e-02,4.645388e+01,5.080000e+01,2.350000e+01,2.190000e+01,-1.057689e-02,1.293421e-02,-1.895263e-02,-1.045789e-02,6.546398e-01,1.000000e+00,8.000000e-01,4.000000e-01
-2.050193e-01,6.950000e-02,-9.160263e-02,-9.471053e-03,4.323141e+01,3.500000e+01,1.870000e+01,3.450000e+01,-9.734910e-03,1.353421e-02,-1.755263e-02,-9.657895e-03,1.226773e+00,1.000000e+00,5.000000e-01,1.000000e+00
-2.045018e-01,5.720000e-02,-9.350263e-02,5.289474e-04,4.504656e+01,2.640000e+01,1.950000e+01,4.310000e+01,-8.982316e-03,1.363421e-02,-1.575263e-02,-8.557895e-03,4.091350e-01,5.000000e-01,1.200000e+00,5.000000e-01
-1.999934e-01,4.330000e-02,-9.550263e-02,1.822895e-02,4.985835e+01,1.880000e+01,2.340000e+01,5.210000e+01,-8.394624e-03,1.393421e-02,-1.395263e-02,-7.757895e-03,1.047884e+00,1.500000e+00,5.000000e-01,5.000000e-01
-1.979913e-01,2.720000e-02,-1.036026e-01,4.132895e-02,5.664029e+01,1.350000e+01,3.030000e+01,5.850000e+01,-7.854464e-03,1.433421e-02,-1.215263e-02,-7.057895e-03,6.524092e-01,1.000000e+00,1.200000e+00,5.000000e-01
-1.933315e-01,6.100000e-03,-1.100026e-01,7.042895e-02,6.134941e+01,1.030000e+01,3.690000e+01,5.950000e+01,-7.163683e-03,1.463421e-02,-1.125263e-02,-6.357895e-03,6.977522e-01,1.000000e+00,6.000000e-01,4.000000e-01
-1.872625e-01,-1.780000e-02,-1.128026e-01,9.862895e-02,5.966635e+01,7.200000e+00,3.890000e+01,5.480000e+01,-6.833734e-03,1.473421e-02,-1.075263e-02,-6.057895e-03,8.422853e-01,1.000000e+00,1.100000e+00,7.000000e-01
-1.812526e-01,-5.060000e-02,-1.113026e-01,1.269289e-01,5.583254e+01,5.800000e+00,3.790000e+01,4.940000e+01,-6.508454e-03,1.463421e-02,-1.035263e-02,-5.657895e-03,1.912050e-01,8.000000e-01,1.700000e+00,2.000000e-01
-1.750192e-01,-8.830000e-02,-1.048026e-01,1.513289e-01,4.165688e+01,-2.100000e+00,3.230000e+01,3.510000e+01,-6.534959e-03,1.413421e-02,-1.075263e-02,-5.657895e-03,-1.170969e-01,1.100000e+00,7.000000e-01,-6.000000e-01
-1.677588e-01,-1.300000e-01,-9.420263e-02,1.740289e-01,2.496411e+01,-1.070000e+01,2.340000e+01,2.170000e+01,-6.571045e-03,1.403421e-02,-1.065263e-02,-5.757895e-03,6.772681e-01,1.900000e+00,8.000000e-01,-1.000000e-01
-1.697368e-01,-1.640000e-01,-9.300263e-02,1.875289e-01,1.171702e+01,-1.310000e+01,7.100000e+00,2.280000e+01,-6.400033e-03,1.413421e-02,-1.115263e-02,-5.857895e-03,7.258474e-01,2.900000e+00,1.300000e+00,-5.000000e-01
-1.650558e-01,-1.676000e-01,-8.770263e-02,1.850289e-01,7.660927e+00,-1.320000e+01,5.000000e+00,1.790000e+01,-6.309319e-03,1.373421e-02,-1.165263e-02,-5.757895e-03,6.056244e-01,3.200000e+00,1.000000e+00,-9.000000e-01
-1.480108e-01,-1.492000e-01,-7.220263e-02,1.755289e-01,6.477955e+00,-9.900000e+00,6.500000e+00,1.050000e+01,-6.265459e-03,1.333421e-02,-1.125263e-02,-5.457895e-03,5.061576e-01,3.600000e+00,1.600000e+00,-1.100000e+00
-1.357923e-01,-1.356000e-01,-5.490263e-02,1.572289e-01,5.149240e+00,-1.110000e+01,6.200000e+00,9.200000e+00,-5.740788e-03,1.303421e-02,-1.015263e-02,-4.457895e-03,7.637876e-02,3.200000e+00,1.900000e+00,-1.300000e+00
-1.234757e-01,-1.267000e-01,-3.110263e-02,1.329289e-01,4.738355e+00,-1.150000e+01,5.800000e+00,9.300000e+00,-5.680819e-03,1.263421e-02,-1.055263e-02,-4.357895e-03,1.702896e-01,2.700000e+00,1.500000e+00,-1.000000e+00
-1.161753e-01,-1.153000e-01,-1.240263e-02,1.050289e-01,5.643817e+00,-1.140000e+01,5.300000e+00,1.180000e+01,-6.036019e-03,1.273421e-02,-1.105263e-02,-5.057895e-03,-3.294888e-03,3.200000e+00,1.900000e+00,-1.400000e+00
-1.113183e-01,-9.930000e-02,8.973684e-04,7.752895e-02,5.650618e+00,-1.140000e+01,5.300000e+00,1.180000e+01,-5.836540e-03,1.323421e-02,-1.055263e-02,-5.057895e-03,1.715326e-01,3.600000e+00,2.400000e+00,-1.300000e+00
-1.059731e-01,-7.380000e-02,1.069737e-02,4.942895e-02,6.871442e+00,-9.900000e+00,2.900000e+00,1.670000e+01,-5.857688e-03,1.323421e-02,-1.025263e-02,-5.057895e-03,-4.902725e-01,3.800000e+00,3.200000e+00,-2.000000e+00
-1.005726e-01,-3.910000e-02,1.469737e-02,2.362895e-02,7.255199e+00,-8.300000e+00,4.100000e+00,1.440000e+01,-6.063136e-03,1.333421e-02,-9.752632e-03,-5.257895e-03,-8.786490e-01,4.300000e+00,4.200000e+00,-2.500000e+00
-9.283336e-02,3.000000e-03,1.769737e-02,-1.771053e-03,7.261978e+00,-8.300000e+00,4.100000e+00,1.440000e+01,-5.847315e-03,1.293421e-02,-9.652632e-03,-4.757895e-03,-1.085803e+00,4.800000e+00,4.000000e+00,-3.100000e+00
-7.893793e-02,4.180000e-02,2.459737e-02,-1.807105e-02,7.899384e+00,-7.200000e+00,7.000000e+00,1.050000e+01,-5.568749e-03,1.293421e-02,-9.052632e-03,-4.257895e-03,-6.599000e-01,6.000000e+00,4.800000e+00,-3.100000e+00
-7.237569e-02,5.240000e-02,3.109737e-02,-2.617105e-02,7.094357e+00,-8.100000e+00,8.800000e+00,7.000000e+00,-5.698446e-03,1.303421e-02,-9.552632e-03,-4.557895e-03,-8.916010e-01,7.100000e+00,5.700000e+00,-3.800000e+00
-7.732987e-02,4.250000e-02,3.099737e-02,-3.067105e-02,6.214777e+00,-6.500000e+00,8.600000e+00,4.400000e+00,-5.448153e-03,1.323421e-02,-1.095263e-02,-4.657895e-03,-1.585120e+00,8.200000e+00,6.800000e+00,-5.000000e+00
-8.116815e-02,3.870000e-02,2.459737e-02,-2.797105e-02,5.701040e+00,-3.700000e+00,8.400000e+00,1.600000e+00,-5.763495e-03,1.303421e-02,-1.075263e-02,-4.757895e-03,-1.629491e+00,8.700000e+00,7.400000e+00,-5.200000e+00
-8.656386e-02,4.120000e-02,1.209737e-02,-2.367105e-02,4.570151e+00,-7.000000e-01,7.700000e+00,-1.800000e+00,-5.547734e-03,1.283421e-02,-9.152632e-03,-3.857895e-03,-1.090701e+00,9.800000e+00,6.700000e+00,-5.400000e+00
-9.065021e-02,4.480000e-02,8.973684e-04,-1.907105e-02,4.086281e+00,1.900000e+00,7.800000e+00,-4.800000e+00,-4.910015e-03,1.233421e-02,-5.052632e-03,-1.657895e-03,-1.183255e+00,8.800000e+00,6.400000e+00,-5.000000e+00
-9.367941e-02,4.760000e-02,-8.202632e-03,-1.457105e-02,2.520153e+00,3.800000e+00,5.500000e+00,-5.900000e+00,-4.594733e-03,1.113421e-02,-1.752632e-03,3.421053e-04,-8.700487e-01,7.400000e+00,6.400000e+00,-3.800000e+00
-9.736683e-02,4.790000e-02,-1.630263e-02,-1.077105e-02,2.108393e+00,4.400000e+00,5.000000e+00,-6.400000e+00,-4.149464e-03,1.053421e-02,2.047368e-03,2.242105e-03,-1.311609e+00,6.000000e+00,6.000000e+00,-3.600000e+00
-1.005591e-01,4.300000e-02,-2.100263e-02,-7.171053e-03,1.809088e+00,3.600000e+00,4.400000e+00,-5.500000e+00,-3.640534e-03,1.023421e-02,6.447368e-03,4.142105e-03,-1.713456e+00,4.500000e+00,4.000000e+00,-3.700000e+00
-1.038911e-01,3.730000e-02,-2.540263e-02,-3.671053e-03,1.268232e+00,4.100000e+00,3.000000e+00,-4.900000e+00,-3.110584e-03,1.003421e-02,1.064737e-02,5.942105e-03,-1.570610e+00,3.600000e+00,3.600000e+00,-3.100000e+00
-1.053134e-01,2.750000e-02,-2.530263e-02,-7.105263e-05,1.976570e+00,3.700000e+00,3.100000e+00,-3.400000e+00,-2.674249e-03,9.434211e-03,1.484737e-02,7.842105e-03,-1.236916e+00,2.200000e+00,2.700000e+00,-2.100000e+00
-1.046481e-01,1.940000e-02,-2.360263e-02,4.228947e-03,1.420434e+00,5.300000e+00,2.300000e+00,-4.500000e+00,-2.232907e-03,8.634211e-03,1.934737e-02,9.942105e-03,-1.325105e+00,2.100000e+00,2.100000e+00,-2.300000e+00
-1.020579e-01,1.490000e-02,-2.000263e-02,6.628947e-03,1.669448e+00,4.700000e+00,2.100000e+00,-3.300000e+00,-1.788029e-03,8.434211e-03,2.364737e-02,1.164211e-02,-1.666117e+00,1.000000e+00,2.700000e+00,-1.900000e+00
-9.772289e-02,1.250000e-02,-1.350263e-02,6.628947e-03,2.130375e+00,4.900000e+00,1.900000e+00,-2.300000e+00,-1.322184e-03,8.134211e-03,2.604737e-02,1.294211e-02,-1.550225e+00,6.000000e-01,2.400000e+00,-1.600000e+00
-9.315187e-02,1.000000e-02,-5.702632e-03,5.328947e-03,1.924246e+00,4.600000e+00,2.000000e+00,-2.600000e+00,-1.387434e-03,7.834211e-03,2.744737e-02,1.334211e-02,-5.949960e-01,7.000000e-01,1.300000e+00,-8.000000e-01
-8.922730e-02,8.500000e-03,1.397368e-03,3.028947e-03,2.387731e+00,4.800000e+00,1.800000e+00,-1.600000e+00,-1.723950e-03,7.434211e-03,2.674737e-02,1.294211e-02,-1.063527e+00,1.000000e-01,1.300000e+00,-1.000000e+00
-8.684034e-02,8.000000e-03,5.897368e-03,7.289474e-04,2.901727e+00,4.700000e+00,2.400000e+00,-1.400000e+00,-2.082848e-03,7.234211e-03,2.624737e-02,1.244211e-02,-4.740484e-01,-6.000000e-01,1.600000e+00,2.000000e-01
-8.616687e-02,8.000000e-03,7.897368e-03,-1.671053e-03,2.099664e+00,3.900000e+00,2.400000e+00,-2.300000e+00,-2.207242e-03,7.234211e-03,2.554737e-02,1.204211e-02,-6.509764e-01,-1.200000e+00,1.400000e+00,3.000000e-01
-8.685683e-02,8.200000e-03,7.197368e-03,-3.071053e-03,1.742325e+00,3.900000e+00,1.200000e+00,-1.300000e+00,-2.361189e-03,7.034211e-03,2.444737e-02,1.164211e-02,-7.737253e-01,-1.100000e+00,2.600000e+00,4.000000e-01
-8.768260e-02,9.100000e-03,5.897368e-03,-4.471053e-03,2.177513e+00,2.800000e+00,3.100000e+00,-2.300000e+00,-2.433130e-03,6.634211e-03,2.414737e-02,1.164211e-02,-5.294135e-01,-1.000000e+00,9.000000e-01,2.000000e-01
-8.683922e-02,9.800000e-03,7.197368e-03,-6.271053e-03,1.953178e+00,2.400000e+00,2.800000e+00,-2.000000e+00,-2.719993e-03,6.234211e-03,2.444737e-02,1.154211e-02,-3.551859e-01,-1.600000e+00,1.400000e+00,9.000000e-01
-8.578695e-02,1.000000e-02,9.397368e-03,-8.671053e-03,2.345625e+00,1.600000e+00,3.400000e+00,-1.500000e+00,-2.883772e-03,6.134211e-03,2.534737e-02,1.154211e-02,2.475801e-01,-2.400000e+00,2.000000e-01,1.800000e+00
-8.411528e-02,1.060000e-02,1.119737e-02,-9.771053e-03,1.942822e+00,8.000000e-01,3.000000e+00,-1.100000e+00,-3.499144e-03,5.234211e-03,2.524737e-02,1.124211e-02,2.553473e-01,-2.700000e+00,1.000000e+00,2.200000e+00
-8.297068e-02,1.030000e-02,1.289737e-02,-1.117105e-02,2.590737e+00,-0.000000e+00,3.800000e+00,-4.000000e-01,-3.483285e-03,5.234211e-03,2.554737e-02,1.124211e-02,9.094343e-01,-3.800000e+00,4.000000e-01,3.500000e+00
-8.126806e-02,1.050000e-02,1.439737e-02,-1.177105e-02,2.239903e+00,-8.000000e-01,3.100000e+00,5.000000e-01,-3.184075e-03,5.234211e-03,2.604737e-02,1.164211e-02,5.652304e-01,-4.300000e+00,8.000000e-01,3.500000e+00
-8.054876e-02,9.900000e-03,1.479737e-02,-1.217105e-02,1.377956e+00,-1.800000e+00,2.700000e+00,2.000000e-01,-2.807955e-03,5.134211e-03,2.634737e-02,1.214211e-02,1.042804e-01,-5.000000e+00,5.000000e-01,3.300000e+00
-7.893985e-02,9.300000e-03,1.579737e-02,-1.187105e-02,1.557098e+00,-2.900000e+00,3.400000e+00,4.000000e-01,-2.547576e-03,5.034211e-03,2.604737e-02,1.234211e-02,2.158110e-01,-5.600000e+00,1.000000e-01,3.700000e+00
-7.826617e-02,8.700000e-03,1.559737e-02,-1.167105e-02,1.902483e+00,-2.800000e+00,3.600000e+00,7.000000e-01,-2.411634e-03,5.034211e-03,2.694737e-02,1.264211e-02,-5.560360e-01,-7.600000e+00,1.000000e-01,4.000000e+00
-7.765734e-02,7.700000e-03,1.519737e-02,-1.097105e-02,1.658093e+00,-2.300000e+00,3.000000e+00,7.000000e-01,-2.312866e-03,4.734211e-03,2.694737e-02,1.284211e-02,-6.751591e-01,-8.400000e+00,-1.000000e-01,4.300000e+00
-7.669595e-02,6.900000e-03,1.509737e-02,-1.017105e-02,1.653265e+00,-2.300000e+00,3.000000e+00,7.000000e-01,-2.050426e-03,4.634211e-03,2.664737e-02,1.304211e-02,-6.813426e-01,-8.400000e+00,-1.000000e-01,4.300000e+00
-7.717702e-02,6.300000e-03,1.249737e-02,-8.771053e-03,8.688378e-01,-2.100000e+00,2.200000e+00,2.000000e-01,-2.099071e-03,4.234211e-03,2.444737e-02,1.254211e-02,-7.326624e-01,-8.000000e+00,-1.000000e-01,4.000000e+00
-7.713829e-02,5.900000e-03,1.039737e-02,-7.271053e-03,4.700859e-01,-2.400000e+00,1.900000e+00,1.000000e-01,-2.257309e-03,3.934211e-03,2.114737e-02,1.154211e-02,-6.872984e-01,-7.900000e+00,-1.000000e-01,4.000000e+00
-7.795505e-02,5.300000e-03,7.797368e-03,-6.471053e-03,1.067508e+00,-1.600000e+00,1.900000e+00,6.000000e-01,-2.403804e-03,3.434211e-03,1.774737e-02,1.064211e-02,-7.154368e-01,-7.900000e+00,0.000000e+00,4.000000e+00
-7.755998e-02,5.100000e-03,6.297368e-03,-5.271053e-03,9.513762e-01,-2.100000e+00,2.100000e+00,5.000000e-01,-2.885990e-03,2.434211e-03,1.324737e-02,9.342105e-03,-5.573469e-01,-6.400000e+00,1.000000e-01,3.300000e+00
-7.688276e-02,4.500000e-03,5.597368e-03,-4.271053e-03,2.102298e-01,-1.900000e+00,1.200000e+00,2.000000e-01,-3.570016e-03,1.334211e-03,8.347368e-03,7.742105e-03,-1.151024e-01,-4.500000e+00,-5.000000e-01,2.500000e+00
-7.575555e-02,4.300000e-03,5.497368e-03,-3.671053e-03,6.056672e-01,-2.700000e+00,1.500000e+00,1.100000e+00,-3.975943e-03,1.034211e-03,4.347368e-03,6.242105e-03,-3.652169e-01,-2.700000e+00,-1.000000e-01,1.200000e+00
-7.546182e-02,4.300000e-03,4.497368e-03,-3.571053e-03,1.019242e+00,-2.800000e+00,1.900000e+00,1.400000e+00,-4.283622e-03,7.342105e-04,1.347368e-03,5.142105e-03,-4.895203e-01,-2.300000e+00,6.000000e-01,1.000000e+00
-7.462436e-02,4.200000e-03,3.997368e-03,-3.071053e-03,9.087667e-01,-3.000000e+00,2.100000e+00,1.100000e+00,-4.174086e-03,1.342105e-04,-3.052632e-03,4.342105e-03,-1.110259e+00,-1.900000e+00,1.300000e+00,2.000000e-01
-7.391177e-02,4.600000e-03,3.597368e-03,-3.271053e-03,7.619094e-01,-3.000000e+00,1.900000e+00,1.100000e+00,-4.421608e-03,3.421053e-05,-5.552632e-03,3.342105e-03,-8.073211e-01,-5.000000e-01,1.300000e+00,-3.000000e-01
-7.369441e-02,5.100000e-03,2.397368e-03,-3.271053e-03,1.051049e+00,-1.900000e+00,2.000000e+00,7.000000e-01,-4.489049e-03,-6.578947e-05,-7.752632e-03,2.642105e-03,-5.954841e-01,1.000000e-01,1.000000e+00,-5.000000e-01
-7.355080e-02,5.000000e-03,1.397368e-03,-3.171053e-03,9.279682e-01,-1.600000e+00,1.900000e+00,4.000000e-01,-4.326207e-03,3.342105e-04,-8.752632e-03,2.242105e-03,-5.924305e-01,-1.000000e-01,9.000000e-01,-4.000000e-01
-7.321129e-02,5.200000e-03,3.973684e-04,-2.871053e-03,9.847377e-01,-1.000000e+00,1.800000e+00,2.000000e-01,-4.011775e-03,6.342105e-04,-8.152632e-03,2.542105e-03,-8.609094e-01,-6.000000e-01,1.300000e+00,-3.000000e-01
-7.260016e-02,5.100000e-03,5.973684e-04,-3.371053e-03,9.246479e-01,-9.000000e-01,1.500000e+00,4.000000e-01,-3.226721e-03,1.334211e-03,-6.952632e-03,3.342105e-03,-8.794188e-01,1.000000e-01,8.000000e-01,-9.000000e-01
-7.178669e-02,4.800000e-03,2.973684e-04,-2.671053e-03,7.694268e-01,-4.000000e-01,1.400000e+00,-1.000000e-01,-2.475166e-03,2.234211e-03,-4.452632e-03,4.342105e-03,-4.734549e-01,-6.000000e-01,7.000000e-01,0.000000e+00
-7.220803e-02,5.000000e-03,-1.202632e-03,-2.971053e-03,8.347799e-01,-0.000000e+00,1.100000e+00,1.000000e-01,-1.993093e-03,3.234211e-03,-1.652632e-03,5.042105e-03,-4.325049e-01,-1.000000e+00,7.000000e-01,3.000000e-01
-7.199774e-02,5.200000e-03,-2.502632e-03,-2.471053e-03,7.136985e-01,-4.000000e-01,1.000000e+00,3.000000e-01,-1.258163e-03,3.834211e-03,9.473684e-04,6.242105e-03,-3.726074e-01,-1.500000e+00,4.000000e-01,6.000000e-01
-7.231945e-02,4.900000e-03,-3.802632e-03,-2.471053e-03,4.726830e-01,-2.000000e-01,1.200000e+00,-5.000000e-01,-7.616686e-04,4.534211e-03,3.047368e-03,6.942105e-03,-3.308891e-01,-2.400000e+00,0.000000e+00,1.100000e+00
-7.121695e-02,5.200000e-03,-4.402632e-03,-1.271053e-03,5.528810e-01,-0.000000e+00,1.200000e+00,-5.000000e-01,-7.053440e-04,5.134211e-03,5.747368e-03,7.342105e-03,2.633159e-02,-3.300000e+00,0.000000e+00,2.100000e+00
-7.118366e-02,4.900000e-03,-5.402632e-03,-8.710526e-04,6.913992e-01,1.300000e+00,8.000000e-01,-7.000000e-01,-1.974762e-04,5.734211e-03,6.847368e-03,7.842105e-03,-6.058049e-01,-3.400000e+00,7.000000e-01,1.600000e+00
-7.030984e-02,4.500000e-03,-4.902632e-03,-7.710526e-04,6.015386e-01,1.000000e+00,1.100000e+00,-1.000000e+00,4.896396e-05,6.034211e-03,6.647368e-03,7.842105e-03,-1.892552e-01,-3.200000e+00,1.100000e+00,2.100000e+00
-6.949542e-02,4.300000e-03,-4.002632e-03,-1.371053e-03,1.668847e+00,1.500000e+00,2.000000e+00,-6.000000e-01,-8.205397e-05,5.734211e-03,6.047368e-03,7.642105e-03,-3.146670e-01,-3.100000e+00,8.000000e-01,1.800000e+00
-6.850811e-02,3.900000e-03,-3.102632e-03,-1.471053e-03,1.487415e+00,1.800000e+00,1.900000e+00,-1.000000e+00,-4.637793e-04,5.034211e-03,4.947368e-03,7.242105e-03,-3.665310e-01,-2.700000e+00,5.000000e-01,1.400000e+00
-6.759930e-02,3.700000e-03,-2.602632e-03,-1.371053e-03,1.612622e+00,2.100000e+00,1.400000e+00,-4.000000e-01,-1.448208e-03,4.534211e-03,4.347368e-03,6.142105e-03,-1.924541e-02,-1.700000e+00,1.200000e+00,1.400000e+00
-6.661399e-02,3.500000e-03,-1.402632e-03,-1.971053e-03,7.351008e-01,1.700000e+00,8.000000e-01,-9.000000e-01,-2.120117e-03,4.034211e-03,3.847368e-03,5.442105e-03,-8.313646e-02,-2.100000e+00,6.000000e-01,1.400000e+00
-6.540770e-02,3.400000e-03,-7.026316e-04,-1.671053e-03,1.191196e+00,1.900000e+00,1.000000e+00,-5.000000e-01,-2.088057e-03,3.834211e-03,3.447368e-03,5.442105e-03,-5.701893e-02,-2.000000e+00,7.000000e-01,1.400000e+00
-6.466698e-02,3.000000e-03,-1.026316e-04,-1.871053e-03,1.242058e+00,1.600000e+00,1.000000e+00,-2.000000e-01,-2.469788e-03,3.634211e-03,2.047368e-03,4.642105e-03,-1.069897e-01,-2.000000e+00,9.000000e-01,1.400000e+00
-6.327459e-02,2.900000e-03,9.973684e-04,-1.771053e-03,4.614760e-01,1.100000e+00,6.000000e-01,-7.000000e-01,-2.782657e-03,2.634211e-03,3.473684e-04,4.342105e-03,-3.845474e-01,-1.900000e+00,9.000000e-01,1.000000e+00
-6.266912e-02,2.100000e-03,2.097368e-03,-2.571053e-03,3.397831e-01,6.000000e-01,3.000000e-01,-2.000000e-01,-3.361712e-03,1.834211e-03,-1.852632e-03,3.442105e-03,-4.288845e-02,-1.000000e+00,4.000000e-01,7.000000e-01
-6.172484e-02,1.800000e-03,3.297368e-03,-3.271053e-03,4.401155e-01,3.000000e-01,8.000000e-01,-4.000000e-01,-3.924952e-03,9.342105e-04,-3.652632e-03,2.742105e-03,-2.318351e-01,-1.000000e+00,5.000000e-01,5.000000e-01
-6.140409e-02,1.400000e-03,3.297368e-03,-3.571053e-03,6.204507e-01,1.000000e-01,1.100000e+00,-3.000000e-01,-4.110696e-03,1.342105e-04,-4.152632e-03,2.842105e-03,-4.024882e-01,-1.000000e-01,1.100000e+00,-1.000000e-01
-6.011697e-02,1.200000e-03,4.497368e-03,-3.771053e-03,4.506099e-01,3.000000e-01,3.000000e-01,2.000000e-01,-4.216041e-03,-6.578947e-05,-4.052632e-03,2.842105e-03,-3.502166e-01,6.000000e-01,7.000000e-01,-6.000000e-01
-5.891627e-02,1.100000e-03,5.497368e-03,-3.971053e-03,2.559956e-01,-0.000000e+00,2.000000e-01,2.000000e-01,-4.171780e-03,2.342105e-04,-3.852632e-03,2.742105e-03,-5.594261e-01,7.000000e-01,1.100000e+00,-8.000000e-01
-5.769075e-02,1.500000e-03,6.297368e-03,-4.271053e-03,6.326446e-01,-2.000000e-01,7.000000e-01,4.000000e-01,-3.773988e-03,1.342105e-04,-3.952632e-03,3.242105e-03,-4.483916e-02,1.500000e+00,7.000000e-01,-8.000000e-01
-5.700933e-02,1.600000e-03,6.497368e-03,-4.571053e-03,3.338827e-01,-3.000000e-01,5.000000e-01,2.000000e-01,-3.181125e-03,3.342105e-04,-4.552632e-03,3.642105e-03,-8.411387e-01,1.100000e+00,1.100000e+00,-1.400000e+00
-5.689007e-02,1.500000e-03,5.697368e-03,-4.571053e-03,1.356499e+00,-3.000000e-01,1.300000e+00,1.000000e+00,-3.015073e-03,2.342105e-04,-5.052632e-03,3.742105e-03,-3.468917e-01,1.200000e+00,1.300000e+00,-8.000000e-01
-5.684949e-02,1.700000e-03,4.897368e-03,-4.871053e-03,3.314501e-01,-5.000000e-01,8.000000e-01,0.000000e+00,-3.026296e-03,1.342105e-04,-5.152632e-03,3.742105e-03,2.820347e-02,1.700000e+00,5.000000e-01,-9.000000e-01
-5.674108e-02,1.900000e-03,4.397368e-03,-5.371053e-03,5.925679e-01,-2.000000e-01,1.000000e+00,0.000000e+00,-2.874638e-03,5.342105e-04,-3.852632e-03,4.042105e-03,3.466293e-01,1.400000e+00,9.000000e-01,-2.000000e-01
-5.643509e-02,2.400000e-03,3.297368e-03,-5.071053e-03,9.315478e-01,-0.000000e+00,1.200000e+00,2.000000e-01,-2.299634e-03,1.234211e-03,-2.652632e-03,4.642105e-03,5.761343e-03,1.200000e+00,1.200000e+00,-4.000000e-01
-5.542464e-02,2.900000e-03,3.397368e-03,-4.871053e-03,5.850790e-01,5.000000e-01,1.000000e+00,-5.000000e-01,-1.971877e-03,1.634211e-03,-1.052632e-03,5.242105e-03,-3.564346e-01,6.000000e-01,4.000000e-01,-7.000000e-01
-5.450311e-02,3.000000e-03,3.697368e-03,-4.771053e-03,5.655903e-01,3.000000e-01,1.100000e+00,-5.000000e-01,-1.986309e-03,2.034211e-03,-5.263158e-05,5.242105e-03,-5.714769e-02,5.000000e-01,3.000000e-01,-3.000000e-01
-5.375181e-02,3.200000e-03,2.997368e-03,-3.971053e-03,1.158165e+00,1.000000e-01,1.300000e+00,4.000000e-01,-1.502615e-03,2.634211e-03,9.473684e-04,5.742105e-03,2.113618e-01,1.200000e+00,1.700000e+00,0.000000e+00
-5.356291e-02,3.500000e-03,2.597368e-03,-4.471053e-03,1.090591e+00,2.000000e-01,1.500000e+00,0.000000e+00,-1.287210e-03,2.734211e-03,1.347368e-03,6.042105e-03,7.391711e-03,1.200000e+00,2.000000e-01,-7.000000e-01
-5.295497e-02,2.900000e-03,2.197368e-03,-3.671053e-03,9.241435e-01,-0.000000e+00,1.200000e+00,2.000000e-01,-9.633349e-04,2.734211e-03,1.747368e-03,6.542105e-03,6.303259e-01,1.500000e+00,3.000000e-01,-1.000000e-01
-5.259412e-02,3.000000e-03,1.297368e-03,-3.271053e-03,8.915442e-01,-5.000000e-01,1.200000e+00,5.000000e-01,-7.765969e-04,2.734211e-03,2.047368e-03,6.842105e-03,-3.899146e-02,1.000000e+00,3.000000e-01,-6.000000e-01
-5.201089e-02,3.200000e-03,1.497368e-03,-3.771053e-03,4.267638e-01,-7.000000e-01,1.000000e+00,1.000000e-01,-6.515181e-04,2.634211e-03,2.347368e-03,7.142105e-03,-1.931034e-01,1.000000e+00,1.600000e+00,-4.000000e-01
-5.064421e-02,3.400000e-03,1.697368e-03,-2.971053e-03,4.730082e-01,-6.000000e-01,1.100000e+00,0.000000e+00,-5.662069e-04,2.434211e-03,2.947368e-03,7.542105e-03,-1.603926e-01,1.000000e+00,8.000000e-01,-6.000000e-01
-4.946436e-02,3.100000e-03,1.797368e-03,-1.971053e-03,8.282167e-01,1.000000e-01,1.000000e+00,2.000000e-01,-3.406786e-04,2.434211e-03,3.047368e-03,7.842105e-03,1.631920e-01,1.600000e+00,1.100000e+00,-5.000000e-01
-4.854816e-02,3.000000e-03,1.897368e-03,-1.571053e-03,7.426547e-01,-6.000000e-01,1.700000e+00,-2.000000e-01,-1.867980e-04,2.334211e-03,3.547368e-03,8.242105e-03,-5.910621e-01,1.000000e+00,1.900000e+00,-8.000000e-01
-4.853221e-02,2.400000e-03,1.297368e-03,-1.471053e-03,3.543279e-01,2.000000e-01,5.000000e-01,-1.000000e-01,-1.181361e-04,2.334211e-03,3.647368e-03,8.342105e-03,-4.415737e-01,4.000000e-01,1.000000e+00,-5.000000e-01
-4.818550e-02,2.400000e-03,8.973684e-04,-1.471053e-03,2.755046e-01,-0.000000e+00,7.000000e-01,-3.000000e-01,-1.108566e-04,2.234211e-03,4.447368e-03,8.642105e-03,-5.906663e-01,1.000000e-01,1.300000e+00,-4.000000e-01
-4.815336e-02,2.100000e-03,7.973684e-04,-2.071053e-03,6.980741e-01,4.000000e-01,8.000000e-01,0.000000e+00,-2.804603e-04,2.134211e-03,4.647368e-03,8.542105e-03,-7.131297e-01,1.000000e-01,8.000000e-01,-7.000000e-01
-4.757765e-02,2.100000e-03,2.973684e-04,-1.571053e-03,6.971479e-01,4.000000e-01,8.000000e-01,0.000000e+00,-1.787345e-04,2.134211e-03,4.947368e-03,8.742105e-03,-2.271544e-02,7.000000e-01,6.000000e-01,-3.000000e-01
-4.762670e-02,1.900000e-03,-1.026316e-04,-2.071053e-03,3.268270e-01,-0.000000e+00,5.000000e-01,0.000000e+00,1.189262e-04,2.434211e-03,5.447368e-03,9.042105e-03,2.761151e-02,3.000000e-01,2.000000e-01,-1.000000e-01
-4.689392e-02,1.600000e-03,9.736842e-05,-1.871053e-03,8.198644e-01,1.000000e-01,1.000000e+00,2.000000e-01,-3.958818e-04,2.234211e-03,5.847368e-03,8.642105e-03,-4.269209e-01,-1.000000e-01,1.200000e+00,-1.000000e-01
-4.623969e-02,9.000000e-04,5.973684e-04,-1.771053e-03,9.954168e-01,8.000000e-01,9.000000e-01,1.000000e-01,-4.887637e-04,2.534211e-03,5.947368e-03,8.342105e-03,-4.108328e-01,-1.000000e-01,8.000000e-01,-2.000000e-01
-4.562212e-02,4.000000e-04,1.297368e-03,-2.171053e-03,5.659097e-01,-3.000000e-01,4.000000e-01,7.000000e-01,-5.020583e-04,2.134211e-03,5.547368e-03,8.442105e-03,-2.980231e-01,5.000000e-01,3.000000e-01,-6.000000e-01
-4.489248e-02,6.000000e-04,1.897368e-03,-2.771053e-03,1.828577e-01,-6.000000e-01,3.000000e-01,4.000000e-01,-2.822208e-04,2.034211e-03,5.147368e-03,8.642105e-03,-6.561680e-01,7.000000e-01,1.200000e+00,-9.000000e-01
-4.406941e-02,3.000000e-04,2.797368e-03,-3.171053e-03,4.576124e-01,-4.000000e-01,3.000000e-01,7.000000e-01,-2.695256e-04,2.134211e-03,5.047368e-03,8.542105e-03,-7.205306e-01,5.000000e-01,7.000000e-01,-1.000000e+00
-4.329019e-02,7.000000e-04,2.497368e-03,-2.871053e-03,7.445527e-01,-5.000000e-01,1.300000e+00,2.000000e-01,-9.825345e-05,2.234211e-03,4.947368e-03,8.642105e-03,-5.333896e-01,1.100000e+00,9.000000e-01,-1.100000e+00
-4.232637e-02,8.000000e-04,2.897368e-03,-2.771053e-03,2.762727e-01,-7.000000e-01,1.200000e+00,-3.000000e-01,2.859517e-05,2.534211e-03,5.147368e-03,8.642105e-03,-7.685908e-01,3.000000e-01,8.000000e-01,-9.000000e-01
-4.148498e-02,1.300000e-03,2.497368e-03,-2.271053e-03,7.299228e-01,2.000000e-01,1.100000e+00,-1.000000e-01,2.997474e-04,2.834211e-03,5.747368e-03,8.942105e-03,-4.861090e-02,8.000000e-01,6.000000e-01,-4.000000e-01
-4.087802e-02,1.500000e-03,2.697368e-03,-2.571053e-03,6.798268e-01,-2.000000e-01,1.200000e+00,0.000000e+00,3.949659e-04,3.034211e-03,6.847368e-03,9.242105e-03,-6.510456e-02,4.000000e-01,8.000000e-01,-1.000000e-01
-3.980298e-02,1.800000e-03,2.897368e-03,-2.171053e-03,3.616834e-01,-2.000000e-01,1.200000e+00,-5.000000e-01,-1.605371e-04,2.834211e-03,7.747368e-03,8.942105e-03,-4.110005e-01,-1.000000e-01,8.000000e-01,-2.000000e-01
-3.981225e-02,2.100000e-03,1.997368e-03,-2.371053e-03,1.340811e+00,3.000000e-01,1.700000e+00,2.000000e-01,-1.702427e-05,3.034211e-03,8.647368e-03,9.242105e-03,-4.360890e-01,-5.000000e-01,7.000000e-01,0.000000e+00
-3.914659e-02,2.800000e-03,1.297368e-03,-1.971053e-03,6.596712e-01,2.000000e-01,1.100000e+00,-2.000000e-01,1.555088e-04,3.034211e-03,9.647368e-03,9.742105e-03,-6.441910e-01,-8.000000e-01,9.000000e-01,0.000000e+00
-3.958342e-02,3.000000e-03,-2.631579e-06,-2.371053e-03,9.563101e-01,3.000000e-01,1.100000e+00,2.000000e-01,3.944547e-04,3.634211e-03,1.034737e-02,9.842105e-03,1.415685e-01,-1.000000e-01,2.000000e-01,3.000000e-01
-3.976670e-02,3.200000e-03,-1.302632e-03,-2.371053e-03,9.550264e-01,3.000000e-01,1.100000e+00,2.000000e-01,2.879146e-04,3.534211e-03,1.094737e-02,9.942105e-03,-5.265018e-01,-9.000000e-01,2.000000e-01,0.000000e+00
-3.958081e-02,3.100000e-03,-1.402632e-03,-2.771053e-03,7.645965e-01,3.000000e-01,8.000000e-01,2.000000e-01,-1.882297e-04,2.934211e-03,1.064737e-02,9.642105e-03,-4.671094e-01,-1.200000e+00,3.000000e-01,3.000000e-01
-3.877505e-02,2.700000e-03,-4.026316e-04,-3.071053e-03,5.474166e-01,1.000000e-01,8.000000e-01,0.000000e+00,-2.362280e-04,2.934211e-03,1.054737e-02,9.542105e-03,-5.256875e-01,-5.000000e-01,4.000000e-01,-2.000000e-01
